20230707 44
20230811 44
20230812 34
20230816 34
20230817 33
20230919 33
20230920 31
20240112 31
20240113 30
20240624 30
20240626 30
20240627 30
20240628 30
20240629 30
20240630 30
20240701 30
20240702 30
20240703 30
20240704 30
20240705 30
20240706 30
20240707 30
20240708 30
20240709 30
20240710 30
20240711 30
20240712 30
20240713 30
20240714 30
20240715 30
20240716 30
20240717 30
20240718 30
20240719 30
20240720 30
20240721 30
20240722 30
20240723 30
20240724 30
20240725 30
20240726 30
20240727 30
20240728 30
20240729 30
20240730 30
20240731 30
20240801 30
20240802 30
20240803 30
20240804 30
20240805 30
20240806 30
20240807 30
20240808 30
20240809 30
20240810 30
20240811 30
20240812 30
20240813 30
20240814 30
