20230707 343
20230727 343
20230728 344
20230801 344
20230802 346
20230803 347
20230815 347
20230816 350
20230831 350
20230901 351
20230908 351
20230909 352
20230919 352
20230920 350
20230926 350
20230927 351
20231011 351
20231012 352
20231013 353
20231023 353
20231024 354
20231030 354
20231031 355
20231107 355
20231108 356
20231109 356
20231110 357
20231128 357
20231129 358
20231130 358
20231201 359
20240118 359
20240119 360
20240202 360
20240203 361
20240213 361
20240214 362
20240228 362
20240229 369
20240304 369
20240305 376
20240306 376
20240307 377
20240308 377
20240309 378
20240313 378
20240314 379
20240318 379
20240319 380
20240327 380
20240328 381
20240329 382
20240404 382
20240405 383
20240423 383
20240424 384
20240531 384
20240601 385
20240604 385
20240605 387
20240606 387
20240609 388
20240624 388
20240626 388
20240627 388
20240628 388
20240629 388
20240630 388
20240701 388
20240702 388
20240703 388
20240704 388
20240705 388
20240706 388
20240707 388
20240708 388
20240709 388
20240710 388
20240711 388
20240712 388
20240713 388
20240714 388
20240715 388
20240716 388
20240717 388
20240718 388
20240719 389
20240720 389
20240721 389
20240722 389
20240723 389
20240724 389
20240725 389
20240726 389
20240727 389
20240728 389
20240729 389
20240730 389
