20230707 1026
20230711 1027
20230713 1028
20230714 1028
20230715 1028
20230716 1030
20230717 1029
20230718 1029
20230719 1029
20230720 1029
20230721 1028
20230722 1028
20230723 1028
20230724 1028
20230725 1028
20230726 1028
20230727 1028
20230728 1028
20230729 1028
20230730 1029
20230731 1029
20230801 1028
20230802 1030
20230803 1030
20230804 1030
20230805 1032
20230806 1032
20230807 1032
20230808 1030
20230809 1030
20230810 1031
20230811 1032
20230812 1032
20230813 1032
20230815 1032
20230816 1039
20230817 1039
20230818 1039
20230819 1039
20230820 1040
20230821 1040
20230822 1041
20230823 1041
20230824 1041
20230825 1041
20230826 1051
20230827 1051
20230828 1051
20230829 1051
20230830 1050
