20230922 12340
20230924 12337
20230925 12353
20230926 12363
20230927 12363
20230928 12365
20230929 12362
20230930 12361
20231001 12389
20231002 12389
20231003 12394
20231005 12398
20231007 12416
20231008 12428
20231009 12432
20231010 12436
20231011 12439
20231012 12440
20231013 12443
20231014 12437
20231015 12440
20231016 12447
20231017 12447
20231018 12460
20231019 12460
20231020 12448
20231021 12456
20231022 12460
20231023 12438
20231024 12434
20231025 12458
20231026 12462
20231027 12464
20231028 12477
20231029 12484
20231030 12487
20231031 12495
20231101 12504
20231102 12503
20231103 12503
20231104 12514
20231105 12540
20231106 12541
20231107 12542
20231108 12542
20231109 12544
20231110 12538
20231111 12530
20231112 12517
20231113 12514
20231114 12508
20231115 12509
20231116 12514
20231117 12513
20231118 12510
20231120 12513
20231121 12508
20231122 12501
20231123 12493
20231124 12493
20231125 12498
20231126 12504
20231127 12504
20231128 12515
20231129 12505
20231130 12507
20231201 12500
20231202 12495
20231203 12494
20231204 12485
20231205 12491
20231206 12478
20231207 12456
20231208 12437
20231209 12420
20231210 12403
20231211 12394
20231212 12397
20231213 12398
20231214 12398
20231215 12389
20231216 12398
20231217 12403
20231218 12396
20231219 12395
20231220 12398
20231221 12399
20231222 12400
