20230707 1875
20230709 1874
20230710 1873
20230712 1872
20230713 1876
20230714 1878
20230715 1876
20230716 1875
20230717 1875
20230718 1876
20230719 1867
20230720 1857
20230721 1848
20230722 1851
20230723 1849
20230724 1848
20230725 1850
20230726 1850
20230727 1850
20230728 1848
20230729 1848
20230730 1849
20230731 1847
20230801 1848
20230802 1846
20230803 1846
20230804 1847
20230805 1847
20230806 1848
20230807 1848
20230808 1849
20230809 1851
20230810 1849
20230811 1850
20230812 1851
20230813 1851
20230815 1855
20230816 1855
20230817 1854
20230818 1852
20230819 1850
20230820 1852
20230821 1850
20230822 1848
20230823 1847
20230824 1848
20230825 1847
20230826 1847
20230827 1849
20230828 1847
20230829 1844
20230830 1842
20230831 1843
20230901 1842
20230902 1841
20230903 1841
20230904 1841
20230905 1839
20230906 1841
20230907 1844
20230908 1844
20230909 1844
20230910 1846
20230911 1841
20230912 1840
20230913 1840
20230914 1838
20230915 1837
20230916 1838
20230917 1838
20230918 1839
20230919 1840
20230920 1707
20230921 1711
20230922 1715
20230923 1716
20230924 1716
20230925 1719
20230926 1720
20230927 1721
20230928 1721
20230929 1720
20230930 1719
20231001 1721
20231002 1719
20231003 1718
20231005 1720
20231007 1722
20231008 1722
20231009 1722
20231010 1720
20231011 1721
20231012 1723
20231013 1721
20231014 1719
