20230707 1493
20230709 1499
20230710 1498
20230711 1499
20230712 1502
20230714 1502
20230715 1503
20230716 1502
20230717 1502
20230718 1503
20230719 1503
20230720 1504
20230721 1504
20230722 1506
20230723 1505
20230724 1504
20230725 1503
20230726 1504
20230727 1504
20230728 1503
20230729 1495
20230730 1496
20230731 1496
20230801 1494
20230802 1495
20230803 1495
20230804 1497
20230805 1493
20230806 1491
20230807 1487
20230808 1487
20230809 1487
20230810 1487
20230811 1487
20230812 1485
20230813 1482
20230815 1483
20230816 1485
20230817 1485
20230818 1487
20230819 1487
20230820 1487
20230821 1488
20230822 1485
20230823 1484
20230824 1481
20230825 1480
20230826 1481
20230827 1484
20230828 1485
20230829 1480
20230830 1474
20230831 1475
20230901 1472
20230902 1471
20230903 1471
20230904 1471
20230905 1471
20230906 1471
20230907 1470
20230908 1471
20230909 1474
20230910 1473
20230911 1472
20230912 1471
20230913 1468
20230914 1469
20230915 1466
20230916 1465
20230917 1463
20230918 1462
20230919 1462
20230920 1314
20230921 1311
20230922 1307
20230923 1306
20230924 1306
20230925 1309
20230926 1296
20230927 1298
20230928 1296
20230929 1295
20230930 1296
20231001 1295
20231002 1293
20231003 1291
20231005 1290
20231007 1291
20231008 1291
20231009 1291
20231010 1291
20231011 1294
20231012 1294
20231013 1293
20231014 1291
20231015 1289
20231016 1287
20231017 1287
20231018 1289
20231019 1292
20231020 1292
20231021 1294
20231022 1297
20231023 1298
20231024 1299
20231025 1298
20231026 1300
20231027 1301
20231028 1300
20231029 1300
20231030 1300
20231031 1301
20231101 1302
20231102 1303
20231103 1305
20231104 1306
20231105 1306
20231106 1307
20231107 1304
20231108 1305
20231109 1306
20231110 1306
20231111 1311
20231112 1312
20231113 1314
20231114 1316
20231115 1319
20231116 1319
20231117 1319
20231118 1319
20231120 1315
