20230707 348
20230709 348
20230710 348
20230711 348
20230712 348
20230714 348
20230715 348
20230716 348
20230717 348
20230718 349
20230719 349
20230720 349
20230721 349
20230722 349
20230723 349
20230724 349
20230725 349
20230726 349
20230727 349
20230728 349
20230729 349
20230730 350
20230731 350
20230801 352
20230802 352
20230803 352
20230804 352
20230805 352
20230806 352
20230807 352
20230808 352
20230809 352
20230810 352
20230811 352
20230812 352
20230813 352
20230815 352
20230816 352
20230817 352
20230818 352
20230819 352
20230820 352
20230821 352
20230822 352
20230823 352
20230824 352
20230825 352
20230826 352
20230827 352
20230828 352
20230829 351
20230830 351
20230831 351
20230901 351
20230902 351
20230903 351
20230904 351
20230905 351
20230906 351
20230907 351
20230908 351
20230909 351
20230910 351
20230911 351
20230912 351
20230913 351
20230914 351
20230915 351
20230916 352
20230917 352
20230918 352
20230919 352
20230920 351
20230921 351
