20230707 3131
20230709 3130
20230710 3124
20230711 3122
20230713 3113
20230714 3102
20230715 3092
20230716 3074
20230717 3057
20230718 3034
20230719 3023
20230720 3014
20230721 3011
20230722 3014
20230723 3010
20230724 3006
20230725 3002
20230726 2998
20230727 2999
20230728 3000
20230729 3000
20230730 3002
20230731 3004
20230801 3002
20230802 3003
20230803 3005
20230804 3006
20230805 3011
20230806 3010
20230807 3008
20230808 3009
20230809 3008
20230810 3008
20230811 3010
20230812 3010
20230813 3012
20230815 3012
20230816 3011
20230817 3009
20230818 3013
20230819 3012
20230820 3009
20230821 3007
20230822 3003
20230823 3002
20230824 3001
20230825 2998
20230826 3003
20230827 3003
20230828 3002
20230829 2999
20230830 2997
20230831 2995
20230901 2991
20230902 2993
20230903 2992
20230904 2989
20230905 2992
20230906 2995
20230907 2993
20230908 2991
20230909 2991
20230910 2991
20230911 2988
20230912 2987
20230913 2989
