20230922 2407
20230924 2408
20230925 2408
20230926 2408
20230927 2408
20230928 2408
20230929 2408
20230930 2408
20231001 2411
20231002 2411
20231003 2411
20231005 2411
20231007 2412
20231008 2415
20231009 2415
20231010 2415
20231011 2415
20231012 2416
20231013 2416
20231014 2418
20231015 2419
20231016 2420
20231017 2420
20231018 2420
20231019 2420
20231020 2420
20231021 2420
20231022 2420
20231023 2421
20231024 2421
20231025 2421
20231026 2421
20231027 2422
20231028 2422
20231029 2423
20231030 2423
20231031 2425
20231101 2425
20231102 2425
20231103 2426
20231104 2426
20231105 2426
20231106 2426
20231107 2426
20231108 2426
20231109 2427
20231110 2427
20231111 2430
20231112 2432
20231113 2432
20231114 2433
