20230707 6746
20230709 6744
20230710 6743
20230711 6740
20230712 6739
20230713 6737
20230714 6737
20230715 6736
20230716 6733
20230717 6720
20230718 6715
20230719 6714
20230720 6715
20230721 6714
20230722 6714
20230723 6713
20230724 6714
20230725 6714
20230726 6714
20230727 6715
20230728 6715
20230729 6713
20230730 6711
20230731 6710
20230801 6711
20230802 6712
20230803 6710
20230804 6711
20230805 6711
20230806 6710
20230807 6709
20230808 6709
20230809 6709
20230810 6711
20230811 6712
20230812 6715
20230813 6715
20230815 6718
20230816 6719
20230817 6719
20230818 6718
20230819 6717
20230820 6716
20230821 6715
20230822 6714
20230823 6714
20230824 6714
20230825 6717
20230826 6717
20230827 6716
20230828 6715
20230829 6716
20230830 6717
20230831 6720
20230901 6723
20230902 6724
20230903 6724
20230904 6724
20230905 6725
20230906 6726
