20230707 7
20230709 7
20230710 7
20230711 7
20230712 7
20230714 7
20230715 7
20230716 7
20230717 7
20230718 7
20230719 7
20230720 7
20230721 7
20230722 7
20230723 7
20230724 7
20230725 7
20230726 7
20230727 7
20230728 7
20230729 7
20230730 7
20230731 7
20230801 7
20230802 7
20230803 7
20230804 7
20230805 7
20230806 7
20230807 7
20230808 7
20230809 7
20230810 7
20230811 7
20230812 7
20230813 7
20230815 7
20230816 7
20230817 7
20230818 7
20230819 7
20230820 7
20230821 7
20230822 7
20230823 7
20230824 7
20230825 7
20230826 7
20230827 7
20230828 7
20230829 7
20230830 7
20230831 7
20230901 7
20230902 7
20230903 7
20230904 7
20230905 7
20230906 7
20230907 7
20230908 7
20230909 7
20230910 7
20230911 7
20230912 7
20230913 7
20230914 7
20230915 7
20230916 7
20230917 7
20230918 7
20230919 7
20230920 6
20230921 6
20230922 6
20230923 6
20230924 6
20230925 6
20230926 6
20230927 6
20230928 6
20230929 6
20230930 6
20231001 6
20231002 6
20231003 6
20231005 6
20231007 6
20231008 6
20231009 6
20231010 6
20231011 6
20231012 6
20231013 6
20231014 6
20231015 6
20231016 6
20231017 6
20231018 6
20231019 6
20231020 6
20231021 6
20231022 6
20231023 6
20231024 6
20231025 6
20231026 6
20231027 6
20231028 6
20231029 6
20231030 6
20231031 6
20231101 6
20231102 6
20231103 6
20231104 6
20231105 6
20231106 6
20231107 6
20231108 6
20231109 6
20231110 6
20231111 6
20231112 6
20231113 6
20231114 6
20231115 6
20231116 6
20231117 6
20231118 6
20231120 6
20231121 6
20231122 6
20231123 6
20231124 6
20231125 6
20231126 6
20231127 6
20231128 6
20231129 6
20231130 6
20231201 6
20231202 6
20231203 6
20231204 6
20231205 6
20231206 6
20231207 6
20231208 6
20231209 6
20231210 6
20231211 6
20231212 6
20231213 6
20231214 6
20231215 6
20231216 6
20231217 6
20231218 6
20231219 6
20231220 6
20231221 6
20231222 6
20231223 6
20231224 6
20231225 6
20231226 6
20231227 6
20231230 6
20231231 6
20240101 6
20240102 6
20240103 6
20240104 6
20240105 6
20240106 6
20240107 6
20240108 6
20240109 6
20240110 6
20240111 6
20240112 6
20240113 6
20240114 6
20240115 6
20240116 6
20240117 6
20240118 6
20240119 6
20240120 6
20240121 6
20240122 6
20240124 6
20240125 6
20240126 6
20240127 6
20240128 6
20240129 6
20240130 6
20240131 6
20240201 6
20240202 6
20240203 6
20240204 6
20240205 6
20240206 6
20240207 6
20240208 6
20240209 6
20240210 6
20240211 6
20240212 6
20240213 6
20240214 6
20240215 6
20240216 6
20240217 6
20240218 6
20240219 6
20240220 6
20240221 6
20240222 6
20240223 6
20240224 6
20240225 6
20240226 6
20240227 6
20240228 6
20240229 6
20240301 6
20240302 6
20240303 6
20240304 6
20240305 6
20240306 6
20240307 6
20240308 6
20240309 6
20240310 6
20240311 6
20240312 6
20240313 6
20240314 6
20240315 6
20240316 6
20240317 6
20240318 6
20240319 6
20240320 6
20240321 6
20240322 6
20240323 6
20240324 6
20240325 6
20240326 6
20240327 6
20240328 6
20240329 6
20240330 6
20240331 6
20240401 6
20240402 6
20240403 6
20240404 6
20240405 6
20240406 6
20240407 6
20240408 6
20240409 6
20240410 6
20240411 6
20240412 6
20240413 6
20240415 6
20240416 6
20240417 6
20240418 6
20240419 6
20240420 6
20240421 6
20240422 6
20240423 6
20240424 6
20240425 6
20240426 6
20240427 6
20240428 6
20240429 6
20240430 6
20240501 6
20240503 6
20240504 6
20240505 6
20240506 6
20240507 6
20240508 6
20240509 6
20240510 6
20240511 6
20240512 6
20240513 6
20240514 6
20240515 6
20240516 6
20240517 6
20240518 6
20240519 6
