20230707 12790
20230709 12790
20230710 12787
20230711 12789
20230712 12786
20230713 12787
20230714 12780
20230715 12786
20230716 12787
20230717 12783
20230718 12782
20230719 12787
20230720 12786
20230721 12790
20230722 12796
20230723 12796
20230724 12795
20230725 12797
20230726 12798
20230727 12806
20230728 12812
20230729 12815
20230730 12811
20230731 12808
20230801 12809
20230802 12809
20230803 12809
20230804 12812
20230805 12808
20230806 12802
20230807 12801
20230808 12804
20230809 12804
20230810 12810
