20230707 9
20230709 9
20230710 9
20230711 9
20230712 9
20230714 9
20230715 9
20230716 9
20230717 9
20230718 9
20230719 9
20230720 9
20230721 9
20230722 9
20230723 9
20230724 9
20230725 9
20230726 9
20230727 9
20230728 9
20230729 9
20230730 9
20230731 9
20230801 9
20230802 9
20230803 9
20230804 9
20230805 9
20230806 9
20230807 9
20230808 9
20230809 9
20230810 9
20230811 9
20230812 9
20230813 9
20230815 9
20230816 9
20230817 9
20230818 9
20230819 9
20230820 9
20230821 9
20230822 9
20230823 9
20230824 9
20230825 9
20230826 9
20230827 9
20230828 9
20230829 9
20230830 9
20230831 9
20230901 9
20230902 9
20230903 9
20230904 9
20230905 9
20230906 9
20230907 9
20230908 9
20230909 9
20230910 9
20230911 9
20230912 9
20230913 9
20230914 9
20230915 9
20230916 9
20230917 9
20230918 9
20230919 9
20230920 7
20230921 7
20230922 7
20230923 7
20230924 7
20230925 7
20230926 7
20230927 7
20230928 7
20230929 7
20230930 7
20231001 7
20231002 7
20231003 7
20231005 7
20231007 7
20231008 7
20231009 7
20231010 7
20231011 7
20231012 7
20231013 7
20231014 7
20231015 7
20231016 7
20231017 7
20231018 7
20231019 7
20231020 7
20231021 7
20231022 7
20231023 7
20231024 7
20231025 7
20231026 7
20231027 7
20231028 7
20231029 7
20231030 7
20231031 7
20231101 7
20231102 7
20231103 7
20231104 7
20231105 7
20231106 7
20231107 7
20231108 7
20231109 7
20231110 7
20231111 7
20231112 7
20231113 7
20231114 7
20231115 7
20231116 7
20231117 7
20231118 7
20231120 7
20231121 7
20231122 7
20231123 7
20231124 7
20231125 7
20231126 7
20231127 7
20231128 7
20231129 7
20231130 7
20231201 7
20231202 7
20231203 7
20231204 7
20231205 7
20231206 7
20231207 7
20231208 7
20231209 7
20231210 7
20231211 7
20231212 7
20231213 7
20231214 7
20231215 7
20231216 7
20231217 7
20231218 7
20231219 7
20231220 7
20231221 7
20231222 7
20231223 7
20231224 7
20231225 7
20231226 7
20231227 7
20231230 7
20231231 7
20240101 7
20240102 7
20240103 7
20240104 7
20240105 7
20240106 7
20240107 7
20240108 7
20240109 7
20240110 7
20240111 7
20240112 7
20240113 7
20240114 7
20240115 7
20240116 7
20240117 7
20240118 7
20240119 7
20240120 7
20240121 7
20240122 7
20240124 7
20240125 7
20240126 7
20240127 7
20240128 7
20240129 7
20240130 7
20240131 7
20240201 7
20240202 7
20240203 7
20240204 7
20240205 7
20240206 7
20240207 7
20240208 7
20240209 7
20240210 7
20240211 7
20240212 7
20240213 7
20240214 7
20240215 7
20240216 7
20240217 7
20240218 7
20240219 7
20240220 7
20240221 7
20240222 7
20240223 7
20240224 7
20240225 7
20240226 7
20240227 7
20240228 7
20240229 7
20240301 7
20240302 7
20240303 7
20240304 7
20240305 7
20240306 7
20240307 7
20240308 7
20240309 7
20240310 7
20240311 7
20240312 7
20240313 7
20240314 7
20240315 7
20240316 7
20240317 7
20240318 7
20240319 7
20240320 7
20240321 7
20240322 7
20240323 7
20240324 7
20240325 7
20240326 7
20240327 7
20240328 7
20240329 7
20240330 7
20240331 7
20240401 7
20240402 7
20240403 7
20240404 7
20240405 7
20240406 7
20240407 7
20240408 7
20240409 7
20240410 7
20240411 7
20240412 7
20240413 7
20240415 7
20240416 7
20240417 7
20240418 7
20240419 7
20240420 7
20240421 7
20240422 7
20240423 7
20240424 7
20240425 7
20240426 7
20240427 7
