20230922 6250
20230924 6249
20230925 6248
20230926 6249
20230927 6253
20230928 6255
20230929 6258
20230930 6261
20231001 6263
20231002 6264
20231003 6268
20231005 6268
20231007 6272
20231008 6273
20231009 6273
20231010 6275
20231011 6120
20231012 6137
20231013 6123
20231014 6129
20231015 6175
20231016 6185
20231017 6185
20231018 6039
20231019 6039
20231020 5582
20231021 5684
20231022 5709
20231023 5731
20231024 5763
20231025 5769
20231026 5795
20231027 5800
20231028 5810
20231029 5815
20231030 5812
20231031 5814
20231101 5818
20231102 5819
20231103 5819
20231104 5825
20231105 5826
20231106 5826
20231107 5833
20231108 5833
20231109 5837
20231110 5837
20231111 5771
20231112 5769
20231113 5774
20231114 5784
20231115 5790
20231116 5772
20231117 5768
20231118 5772
20231120 5772
20231121 5764
20231122 5768
20231123 5774
20231124 5750
20231125 5754
20231126 5761
20231127 5760
20231128 5727
20231129 5711
20231130 5712
20231201 5714
20231202 5716
20231203 5722
20231204 5729
20231205 5729
20231206 5726
20231207 5725
20231208 5719
20231209 5705
20231210 5707
20231211 5705
20231212 5706
20231213 5709
20231214 5709
20231215 5711
20231216 5711
20231217 5715
20231218 5715
20231219 5718
20231220 5717
20231221 5717
20231222 5714
20231223 5722
20231224 5724
20231225 5725
20231226 5723
