20230707 103
20230709 103
20230710 103
20230711 104
20230712 104
20230714 104
20230715 104
20230716 104
20230717 104
20230718 104
20230719 104
20230720 104
20230721 104
20230722 104
20230723 104
20230724 104
20230725 104
20230726 104
20230727 104
20230728 104
20230729 104
20230730 104
20230731 104
20230801 104
20230802 104
20230803 104
20230804 104
20230805 104
20230806 104
20230807 104
20230808 104
20230809 104
20230810 104
20230811 104
20230812 104
20230813 104
20230815 104
20230816 104
20230817 104
20230818 104
