20230707 61704
20230709 61681
20230710 61658
20230711 61671
20230712 61696
20230713 61723
20230714 61738
20230715 61770
20230716 61785
20230717 61795
20230718 61826
20230719 61916
20230720 61942
20230721 61968
20230722 61982
20230723 61983
20230724 61994
20230725 62020
20230726 62043
20230727 62068
20230728 62095
20230729 62149
20230730 62166
20230731 62157
20230801 62194
20230802 62215
20230803 62199
20230804 62221
20230805 62232
20230806 62245
20230807 62224
20230808 62190
20230809 62219
20230810 62235
20230811 62259
20230812 62285
20230813 62289
20230815 62213
20230816 62216
20230817 62116
20230818 62129
20230819 62146
20230820 62152
20230821 62152
20230822 62128
20230821 62152
20230823 62186
20230821 62152
20230824 62209
20230821 62152
20230825 62227
20230821 62152
20230826 62245
20230821 62152
20230827 62248
20230821 62152
20230828 62247
20230821 62152
20230829 62283
20230821 62152
20230830 62288
20230821 62152
20230831 62281
20230821 62152
20230901 62289
20230821 62152
20230902 62344
20230821 62152
20230903 62358
20230821 62152
20230904 62346
20230821 62152
20230905 62369
20230821 62152
20230906 62363
20230821 62152
20230907 62397
20230821 62152
20230908 62394
20230821 62152
20230909 62411
20230821 62152
20230910 62419
20230911 62419
20230912 62456
20230911 62419
20230913 62486
20230911 62419
20230914 62510
20230911 62419
20230915 62427
20230911 62419
20230916 62461
20230911 62419
20230917 62477
20230911 62419
20230918 62491
20230911 62419
20230919 62499
20230911 62419
20230920 62167
20230911 62419
20230921 61930
20230911 62419
20230922 61939
20230911 62419
20230923 61945
20230911 62419
20230924 61928
20230911 62419
20230925 61908
20230911 62419
20230926 61866
20230911 62419
20230927 61811
20230911 62419
20230928 61804
20230911 62419
20230929 61805
20230911 62419
20230930 61844
20230911 62419
20231001 61828
20230911 62419
20231002 61819
20230911 62419
20231003 61828
20230911 62419
20231005 61681
20230911 62419
20231007 61702
20230911 62419
20231008 61711
20230911 62419
20231009 61693
20230911 62419
20231010 61703
20230911 62419
20231011 61726
20230911 62419
20231012 61750
20230911 62419
20231013 61770
20230911 62419
20231014 61786
20230911 62419
20231015 61771
20230911 62419
20231016 61773
20230911 62419
20231017 61781
20230911 62419
20231018 61792
20230911 62419
20231019 61809
20230911 62419
20231020 61836
20230911 62419
20231021 61856
20231022 61856
20231023 61842
20231024 61856
20231022 61856
20231025 61879
20231022 61856
20231026 61903
20231022 61856
20231027 61922
20231022 61856
20231028 61936
20231022 61856
20231029 61925
20231022 61856
20231030 61911
20231022 61856
20231031 61945
20231022 61856
20231101 61960
20231022 61856
20231102 61976
20231022 61856
20231103 62005
20231022 61856
20231104 62033
20231022 61856
20231105 62034
20231022 61856
20231106 62029
20231022 61856
20231107 62049
20231022 61856
20231108 62082
20231022 61856
20231109 62087
20231022 61856
20231110 62084
20231022 61856
20231111 62117
20231112 62117
20231113 62128
20231112 62117
20231114 62191
20231112 62117
20231115 62187
20231112 62117
20231116 62211
20231112 62117
20231117 62244
20231112 62117
20231118 62287
20231112 62117
20231120 60241
20231112 62117
20231121 53263
20231112 62117
20231122 46369
20231123 46369
20231124 46382
20231123 46369
20231125 46406
20231123 46369
20231126 46429
20231123 46369
20231127 46421
20231123 46369
20231128 46451
20231123 46369
20231129 46483
20231123 46369
20231130 46522
20231123 46369
20231201 46544
20231123 46369
20231202 46553
20231123 46369
20231203 46571
20231123 46369
20231204 46556
20231123 46369
20231205 46568
20231123 46369
20231206 46583
20231123 46369
20231207 46581
20231123 46369
20231208 46600
20231123 46369
20231209 46630
20231123 46369
20231210 46634
20231123 46369
20231211 46577
20231123 46369
20231212 46615
20231123 46369
20231213 46632
20231123 46369
20231214 46685
20231123 46369
20231215 46697
20231123 46369
20231216 46732
20231123 46369
20231217 46735
20231123 46369
20231218 46721
20231123 46369
20231219 46710
20231123 46369
20231220 46751
20231123 46369
20231221 46745
20231123 46369
20231222 46736
20231123 46369
20231223 46755
20231123 46369
20231224 46761
20231123 46369
20231225 46742
20231123 46369
20231226 46740
20231123 46369
20231227 46718
20231123 46369
20231230 46749
20231123 46369
20231231 46762
20231123 46369
20240101 46774
20231123 46369
20240102 46782
20231123 46369
20240103 46823
20231123 46369
20240104 46840
20231123 46369
20240105 46865
20231123 46369
20240106 46905
20231123 46369
20240107 46961
20231123 46369
20240108 46967
20231123 46369
20240109 47014
20231123 46369
20240110 47064
20231123 46369
20240111 47099
20231123 46369
20240112 47114
20231123 46369
20240113 47136
20231123 46369
20240114 47134
20231123 46369
20240115 47136
20231123 46369
20240116 47166
20231123 46369
20240117 47206
20231123 46369
20240118 47268
20231123 46369
20240119 47294
20231123 46369
20240120 47311
20231123 46369
20240121 47314
20231123 46369
20240122 47341
20231123 46369
20240124 47443
20231123 46369
20240125 47471
20231123 46369
20240126 47482
20231123 46369
20240127 47492
20231123 46369
20240128 47500
20231123 46369
20240129 47523
20231123 46369
20240130 47543
20231123 46369
20240131 47572
20231123 46369
20240201 47579
20231123 46369
20240202 47599
20231123 46369
20240203 47629
20231123 46369
20240204 47642
20231123 46369
20240205 47646
20231123 46369
20240206 47679
20231123 46369
20240207 47701
20231123 46369
20240208 47699
20231123 46369
20240209 47716
20231123 46369
20240210 47731
20231123 46369
20240211 47735
20231123 46369
20240212 47720
20231123 46369
20240213 47752
20231123 46369
20240214 47799
20231123 46369
20240215 47823
20231123 46369
20240216 47848
20231123 46369
20240217 47861
20231123 46369
20240218 47872
20231123 46369
20240219 47842
20231123 46369
20240220 47865
20231123 46369
20240221 47877
20231123 46369
20240222 47867
20231123 46369
20240223 47892
20231123 46369
20240224 47924
20231123 46369
20240225 47917
20231123 46369
20240226 47911
20231123 46369
20240227 47948
20231123 46369
20240228 47962
20231123 46369
20240229 47910
20231123 46369
20240301 47685
20231123 46369
20240302 47379
20231123 46369
20240303 47406
20231123 46369
20240304 47396
20231123 46369
20240305 47386
20231123 46369
20240306 47454
20231123 46369
20240307 47536
20231123 46369
20240308 47549
20231123 46369
20240309 47568
20231123 46369
20240310 47573
20231123 46369
20240311 47577
20231123 46369
20240312 47623
20231123 46369
20240313 47662
20231123 46369
20240314 47694
20231123 46369
20240315 47695
20231123 46369
20240316 47699
20231123 46369
20240317 47695
20231123 46369
20240318 47714
20231123 46369
20240319 47736
20231123 46369
20240320 47769
20231123 46369
20240321 47713
20231123 46369
20240322 47728
20231123 46369
20240323 47758
20231123 46369
20240324 47732
20231123 46369
20240325 47716
20231123 46369
20240326 47729
20231123 46369
20240327 47765
20231123 46369
20240328 47799
20231123 46369
20240329 47790
20231123 46369
20240330 47797
20231123 46369
20240331 47803
20231123 46369
20240401 47818
20231123 46369
20240402 47833
20231123 46369
20240403 47857
20231123 46369
20240404 47869
20231123 46369
20240405 47910
20231123 46369
20240406 47915
20231123 46369
20240407 47900
20231123 46369
20240408 47886
20231123 46369
20240409 47928
20231123 46369
20240410 47935
20231123 46369
20240411 47938
20231123 46369
20240412 47982
20231123 46369
20240413 48010
20231123 46369
20240415 48024
20231123 46369
20240416 48054
20231123 46369
20240417 48077
20231123 46369
20240418 48114
20231123 46369
20240419 48120
20231123 46369
20240420 48115
20231123 46369
20240421 48135
20231123 46369
20240422 48136
20231123 46369
20240423 48158
20231123 46369
20240424 48164
20231123 46369
20240425 48201
20231123 46369
20240426 48231
20231123 46369
20240427 48256
20231123 46369
20240428 48251
20231123 46369
20240429 48276
20231123 46369
20240430 48311
20231123 46369
20240501 48319
20231123 46369
20240503 48360
20231123 46369
20240504 48385
20231123 46369
20240505 48397
20231123 46369
20240506 48411
20231123 46369
20240507 48436
20231123 46369
20240508 48473
20231123 46369
20240509 48508
20231123 46369
20240510 48525
20231123 46369
20240511 48562
20240512 48562
20240513 48556
20240512 48562
20240514 48577
20240512 48562
20240515 48614
20240512 48562
20240516 48645
20240512 48562
20240517 48665
20240512 48562
20240518 48666
20240512 48562
20240519 48660
20240512 48562
20240520 48644
20240512 48562
20240521 48681
20240512 48562
20240522 48690
20240512 48562
20240523 48696
20240512 48562
20240524 48705
20240512 48562
20240525 48712
20240512 48562
20240526 48613
20240512 48562
20240527 48423
20240512 48562
20240528 48258
20240512 48562
20240529 48159
20240512 48562
20240530 48166
20240512 48562
20240531 48191
20240512 48562
20240601 48195
20240512 48562
20240602 48113
20240512 48562
20240603 47997
20240512 48562
20240604 48018
20240512 48562
20240605 48032
20240512 48562
20240606 48041
20240512 48562
20240609 47943
20240512 48562
20240611 47973
20240512 48562
20240612 47993
20240512 48562
20240613 47990
20240512 48562
20240614 48011
20240512 48562
20240615 47989
20240512 48562
20240616 47983
20240512 48562
20240617 47962
20240512 48562
20240618 47963
20240512 48562
20240620 47994
20240512 48562
20240621 48015
20240512 48562
20240622 48022
20240512 48562
20240623 48032
20240512 48562
20240624 48041
20240512 48562
20240626 48051
20240512 48562
20240627 48061
20240512 48562
20240628 48082
20240512 48562
20240629 48075
20240512 48562
20240630 48068
20240512 48562
20240701 48071
20240512 48562
20240702 48058
20240512 48562
20240703 48095
20240512 48562
20240704 48093
20240512 48562
20240705 48107
20240512 48562
20240706 48110
20240512 48562
20240707 48109
20240512 48562
20240708 48090
20240512 48562
20240709 48099
20240512 48562
20240710 48118
20240512 48562
20240711 48124
20240512 48562
20240712 48111
20240512 48562
20240713 48131
20240512 48562
20240714 48126
20240512 48562
20240715 48121
20240512 48562
20240716 48139
20240512 48562
20240717 48164
20240512 48562
20240718 48154
20240512 48562
20240719 48189
20240512 48562
20240720 48211
20240512 48562
20240721 48206
20240512 48562
20240722 48202
20240512 48562
20240723 48220
20240724 48220
20240725 48271
20240724 48220
20240726 48281
20240724 48220
20240727 48325
20240724 48220
20240728 48340
20240724 48220
20240729 48344
20240724 48220
20240730 48356
20240724 48220
20240731 48359
20240724 48220
20240801 48382
20240724 48220
20240802 48397
20240724 48220
20240803 48389
20240724 48220
20240804 48368
20240724 48220
20240805 48364
20240724 48220
20240806 48352
20240724 48220
20240807 48371
20240724 48220
20240808 48388
20240724 48220
20240809 48435
20240724 48220
20240810 48450
20240724 48220
20240811 48429
20240724 48220
20240812 48420
20240724 48220
20240813 48423
20240724 48220
20240814 48436
20240724 48220
20240815 48443
20240724 48220
20240816 48470
20240724 48220
20240817 48477
20240724 48220
20240818 48474
20240724 48220
20240819 48485
20240724 48220
20240820 48501
20240724 48220
20240821 48507
20240724 48220
20240822 48529
20240724 48220
20240823 48561
20240724 48220
20240824 48576
20240724 48220
20240825 48578
20240724 48220
20240826 48576
20240724 48220
20240827 48617
20240724 48220
20240828 48642
20240724 48220
20240829 48676
20240724 48220
20240830 48689
20240724 48220
20240831 48735
20240724 48220
20240901 48746
20240724 48220
20240902 48734
20240724 48220
20240903 48763
20240724 48220
20240904 48784
20240724 48220
20240905 48816
20240724 48220
20240906 48833
20240724 48220
20240907 48843
20240724 48220
20240908 48848
20240724 48220
20240909 48852
20240724 48220
20240910 48886
20240724 48220
20240911 48905
20240724 48220
20240912 48929
20240724 48220
20240913 48935
20240724 48220
20240914 48961
20240724 48220
20240915 48954
20240724 48220
20240916 48946
20240724 48220
20240917 48971
20240724 48220
20240918 48982
20240724 48220
20240919 48992
20240724 48220
20240920 48980
20240724 48220
20240921 48916
20240724 48220
20240921 48922
20240724 48220
20240922 48916
20240922 48916
