20230707 110785
20230709 110802
20230710 110740
20230711 110803
20230712 110862
20230713 110970
20230714 111027
20230715 111034
20230716 111034
20230717 111041
20230716 111034
20230718 111081
20230716 111034
20230719 111101
20230716 111034
20230720 111109
20230716 111034
20230721 111113
20230716 111034
20230722 111080
20230716 111034
20230723 111029
20230716 111034
20230724 111012
20230716 111034
20230725 111055
20230716 111034
20230726 111125
20230716 111034
20230727 111171
20230716 111034
20230728 111206
20230716 111034
20230729 111208
20230716 111034
20230730 111219
20230716 111034
20230731 111210
20230716 111034
20230801 111260
20230716 111034
20230802 111343
20230716 111034
20230803 111359
20230716 111034
20230804 111375
20230716 111034
20230805 111380
20230716 111034
20230806 111372
20230716 111034
20230807 111355
20230716 111034
20230808 111406
20230716 111034
20230809 111475
20230716 111034
20230810 111525
20230716 111034
20230811 111587
20230716 111034
20230812 111594
20230716 111034
20230813 111602
20230716 111034
20230815 111684
20230716 111034
20230816 111764
20230716 111034
20230817 111805
20230716 111034
20230818 111893
20230716 111034
20230819 111940
20230716 111034
20230820 111950
20230716 111034
20230821 112005
20230716 111034
20230822 112089
20230716 111034
20230823 112153
20230716 111034
20230824 112197
20230716 111034
20230825 112238
20230716 111034
20230826 112279
20230716 111034
20230827 112302
20230716 111034
20230828 112266
20230716 111034
20230829 112344
20230716 111034
20230830 112378
20230716 111034
20230831 112379
20230716 111034
20230901 112397
20230716 111034
20230902 112432
20230716 111034
20230903 112412
20230716 111034
20230904 112438
20230716 111034
20230905 112512
20230716 111034
20230906 112606
20230716 111034
20230907 112645
20230716 111034
20230908 112656
20230716 111034
20230909 112741
20230716 111034
20230910 112758
20230716 111034
20230911 112734
20230716 111034
20230912 112803
20230716 111034
20230913 112843
20230716 111034
20230914 112873
20230716 111034
20230915 112874
20230716 111034
20230916 112907
20230716 111034
20230917 112926
20230716 111034
20230918 112919
20230716 111034
20230919 113021
20230716 111034
20230920 103512
20230716 111034
20230921 103609
20230716 111034
20230922 103641
20230716 111034
20230923 103696
20230716 111034
20230924 103660
20230716 111034
20230925 103656
20230716 111034
20230926 103709
20230716 111034
20230927 103769
20230716 111034
20230928 103835
20230716 111034
20230929 103907
20230716 111034
20230930 103932
20230716 111034
20231001 103941
20230716 111034
20231002 103979
20230716 111034
20231003 104056
20230716 111034
20231005 104179
20230716 111034
20231007 104226
20230716 111034
20231008 104240
20230716 111034
20231009 104252
20230716 111034
20231010 104286
20230716 111034
20231011 104343
20230716 111034
20231012 104382
20230716 111034
20231013 104388
20230716 111034
20231014 104436
20230716 111034
20231015 104409
20230716 111034
20231016 104373
20230716 111034
20231017 104425
20230716 111034
20231018 104499
20230716 111034
20231019 104510
20230716 111034
20231020 104547
20230716 111034
20231021 104579
20230716 111034
20231022 104585
20230716 111034
20231023 104643
20230716 111034
20231024 104670
20230716 111034
20231025 104715
20230716 111034
20231026 104772
20230716 111034
20231027 104812
20230716 111034
20231028 104816
20230716 111034
20231029 104812
20230716 111034
20231030 104759
20230716 111034
20231031 104790
20230716 111034
20231101 104846
20230716 111034
20231102 104893
20230716 111034
20231103 104850
20230716 111034
20231104 104882
20230716 111034
20231105 104888
20230716 111034
20231106 104879
20230716 111034
20231107 104964
20230716 111034
20231108 105023
20230716 111034
20231109 105035
20230716 111034
20231110 105072
20230716 111034
20231111 105096
20230716 111034
20231112 105099
20230716 111034
20231113 105081
20230716 111034
20231114 105129
20230716 111034
20231115 105218
20230716 111034
20231116 105160
20230716 111034
20231117 105321
20230716 111034
20231118 105365
20230716 111034
20231120 105337
20231121 105337
20231122 105402
20231121 105337
20231123 105509
20231121 105337
20231124 105523
20231121 105337
20231125 105561
20231121 105337
20231126 105559
20231121 105337
20231127 105572
20231121 105337
20231128 105674
20231121 105337
20231129 105708
20231121 105337
20231130 105771
20231121 105337
20231201 105823
20231121 105337
20231202 105870
20231121 105337
20231203 105818
20231121 105337
20231204 105811
20231121 105337
20231205 105851
20231121 105337
20231206 105934
20231121 105337
20231207 105992
20231121 105337
20231208 106022
20231121 105337
20231209 106057
20231121 105337
20231210 106064
20231121 105337
20231211 106043
20231121 105337
20231212 106128
20231121 105337
20231213 106202
20231121 105337
20231214 106253
20231215 106253
20231216 106301
20231215 106253
20231217 106263
20231215 106253
20231218 106258
20231215 106253
20231219 106330
20231215 106253
20231220 106348
20231215 106253
20231221 106344
20231215 106253
20231222 106414
20231215 106253
20231223 106524
20231215 106253
20231224 106498
20231215 106253
20231225 106465
20231215 106253
20231226 106423
20231215 106253
20231227 106413
20231215 106253
20231230 106725
20231215 106253
20231231 106703
20231215 106253
20240101 106640
20231215 106253
20240102 106609
20231215 106253
20240103 106651
20231215 106253
20240104 106740
20231215 106253
20240105 106800
20231215 106253
20240106 106804
20231215 106253
20240107 106811
20231215 106253
20240108 106812
20231215 106253
20240109 106862
20231215 106253
20240110 106944
20231215 106253
20240111 107045
20231215 106253
20240112 107092
20231215 106253
20240113 107129
20231215 106253
20240114 107163
20231215 106253
20240115 107151
20231215 106253
20240116 107215
20231215 106253
20240117 107316
20231215 106253
20240118 107429
20231215 106253
20240119 107484
20231215 106253
20240120 107549
20231215 106253
20240121 107559
20231215 106253
20240122 107549
20231215 106253
20240124 107687
20231215 106253
20240125 107726
20231215 106253
20240126 107788
20231215 106253
20240127 107858
20231215 106253
20240128 107846
20231215 106253
20240129 107850
20231215 106253
20240130 107946
20231215 106253
20240131 108013
20231215 106253
20240201 108070
20231215 106253
20240202 108147
20231215 106253
20240203 108209
20231215 106253
20240204 108245
20231215 106253
20240205 108280
20231215 106253
20240206 108370
20231215 106253
20240207 108473
20231215 106253
20240208 108560
20231215 106253
20240209 108603
20231215 106253
20240210 108649
20231215 106253
20240211 108727
20231215 106253
20240212 108766
20231215 106253
20240213 108833
20231215 106253
20240214 108900
20231215 106253
20240215 108883
20231215 106253
20240216 108910
20231215 106253
20240217 108923
20231215 106253
20240218 108956
20231215 106253
20240219 108939
20231215 106253
20240220 108996
20231215 106253
20240221 109033
20231215 106253
20240222 109075
20231215 106253
20240223 109146
20231215 106253
20240224 109193
20231215 106253
20240225 109194
20231215 106253
20240226 109208
20231215 106253
20240227 109309
20231215 106253
20240228 109370
20231215 106253
20240229 109375
20231215 106253
20240301 109435
20231215 106253
20240302 109515
20231215 106253
20240303 109525
20231215 106253
20240304 109524
20231215 106253
20240305 109568
20231215 106253
20240306 109642
20231215 106253
20240307 109712
20231215 106253
20240308 109760
20231215 106253
20240309 109781
20231215 106253
20240310 109767
20231215 106253
20240311 109759
20231215 106253
20240312 109809
20231215 106253
20240313 109830
20231215 106253
20240314 109928
20231215 106253
20240315 110018
20231215 106253
20240316 110000
20231215 106253
20240317 109982
20231215 106253
20240318 109938
20231215 106253
20240319 109967
20231215 106253
20240320 109975
20231215 106253
20240321 110055
20231215 106253
20240322 110049
20231215 106253
20240323 110093
20231215 106253
20240324 110088
20231215 106253
20240325 110071
20231215 106253
20240326 110133
20231215 106253
20240327 110182
20231215 106253
20240328 110201
20231215 106253
20240329 110207
20231215 106253
20240330 110234
20231215 106253
20240331 110210
20231215 106253
20240401 110198
20231215 106253
20240402 110303
20231215 106253
20240403 110339
20231215 106253
20240404 110373
20231215 106253
20240405 110388
20231215 106253
20240406 110367
20231215 106253
20240407 110320
20231215 106253
20240408 110289
20231215 106253
20240409 110328
20240410 110328
20240411 110362
20240410 110328
20240412 110462
20240410 110328
20240413 110404
20240410 110328
20240415 110305
20240410 110328
20240416 110377
20240410 110328
20240417 110421
20240410 110328
20240418 110402
20240410 110328
20240419 110484
20240410 110328
20240420 110515
20240410 110328
20240421 110531
20240410 110328
20240422 110493
20240410 110328
20240423 110600
20240410 110328
20240424 110627
20240410 110328
20240425 110669
20240410 110328
20240426 110722
20240410 110328
20240427 110724
20240410 110328
20240428 110685
20240410 110328
20240429 110626
20240410 110328
20240430 110598
20240410 110328
20240501 110649
20240410 110328
20240503 110749
20240410 110328
20240504 110715
20240410 110328
20240505 110727
20240410 110328
20240506 110697
20240410 110328
20240507 110791
20240410 110328
20240508 110866
20240410 110328
20240509 110889
20240410 110328
20240510 110926
20240410 110328
20240511 110635
20240410 110328
20240512 110628
20240410 110328
20240513 110600
20240410 110328
20240514 110667
20240410 110328
20240515 110747
20240410 110328
20240516 110765
20240410 110328
20240517 110780
20240410 110328
20240518 110874
20240410 110328
20240519 110866
20240410 110328
20240520 110901
20240410 110328
20240521 110968
20240410 110328
20240522 111038
20240410 110328
20240523 111149
20240410 110328
20240524 111211
20240410 110328
20240525 111267
20240410 110328
20240526 111229
20240410 110328
20240527 111210
20240410 110328
20240528 111266
20240410 110328
20240529 111484
20240410 110328
20240530 111596
20240410 110328
20240531 111657
20240410 110328
20240601 111670
20240410 110328
20240602 111682
20240410 110328
20240603 111666
20240410 110328
20240604 111778
20240605 111778
20240606 111903
20240605 111778
20240609 111959
20240605 111778
20240611 112085
20240605 111778
20240612 112156
20240605 111778
20240613 112260
20240605 111778
20240614 112276
20240605 111778
20240615 112269
20240605 111778
20240616 112183
20240605 111778
20240617 112152
20240605 111778
20240618 112183
20240605 111778
20240620 112289
20240605 111778
20240621 112312
20240605 111778
20240622 112293
20240605 111778
20240623 112274
20240605 111778
20240624 112228
20240605 111778
20240626 112505
20240605 111778
20240627 112526
20240605 111778
20240628 112567
20240605 111778
20240629 112568
20240605 111778
20240630 112521
20240605 111778
20240701 112489
20240605 111778
20240702 112506
20240605 111778
20240703 112568
20240605 111778
20240704 112631
20240605 111778
20240705 112979
20240605 111778
20240706 113052
20240605 111778
20240707 113107
20240605 111778
20240708 113112
20240605 111778
20240709 113188
20240605 111778
20240710 113263
20240605 111778
20240711 113358
20240605 111778
20240712 113399
20240605 111778
20240713 113501
20240605 111778
20240714 113489
20240605 111778
20240715 113461
20240605 111778
20240716 113481
20240605 111778
20240717 113534
20240605 111778
20240718 113644
20240605 111778
20240719 113682
20240605 111778
20240720 113664
20240605 111778
20240721 113648
20240605 111778
20240722 113618
20240605 111778
20240723 113716
20240724 113716
20240725 113868
20240724 113716
20240726 113877
20240724 113716
20240727 113920
20240724 113716
20240728 113839
20240724 113716
20240729 113793
20240724 113716
20240730 113830
20240724 113716
20240731 113857
20240724 113716
20240801 113913
20240724 113716
20240802 113896
20240724 113716
20240803 113922
20240724 113716
20240804 113850
20240724 113716
20240805 113765
20240806 113765
20240807 113795
20240806 113765
20240808 113823
20240806 113765
20240809 113915
20240806 113765
20240810 113926
20240806 113765
20240811 113843
20240806 113765
20240812 113814
20240806 113765
20240813 113883
20240806 113765
20240814 114031
20240806 113765
20240815 114128
20240806 113765
20240816 114200
20240806 113765
20240817 114235
20240806 113765
20240818 114275
20240806 113765
20240819 114269
20240806 113765
20240820 114318
20240806 113765
20240821 114413
20240806 113765
20240822 114497
20240806 113765
20240823 114553
20240806 113765
20240824 114588
20240806 113765
20240825 114584
20240806 113765
20240826 114583
20240806 113765
20240827 114647
20240806 113765
20240828 114696
20240806 113765
20240829 114792
20240806 113765
20240830 114874
20240806 113765
20240831 114913
20240806 113765
20240901 114969
20240806 113765
20240902 115045
20240806 113765
20240903 115131
20240806 113765
20240904 115225
20240806 113765
20240905 115313
20240806 113765
20240906 115392
20240806 113765
20240907 115472
20240806 113765
20240908 115503
20240806 113765
20240909 115525
20240806 113765
20240910 115623
20240806 113765
20240911 115757
20240806 113765
20240912 115835
20240806 113765
20240913 115924
20240806 113765
20240914 115957
20240806 113765
20240915 116018
20240806 113765
20240916 116019
20240806 113765
20240917 116099
20240806 113765
20240918 116505
20240806 113765
20240919 116806
20240806 113765
20240920 116911
20240806 113765
20240921 117076
20240806 113765
20240921 117088
20240806 113765
20240922 117076
20240806 113765
20240925 117766
20240806 113765
20240926 117833
20240806 113765
20240927 117966
20240806 113765
20240928 118009
20240806 113765
20240929 117965
20240806 113765
20240930 117945
20240930 117945
