20230922 278426
20230924 279710
20230925 280654
20230926 281421
20230927 281938
20230928 282357
20230929 282830
20230930 284117
20231001 284585
20231002 285175
20231003 285734
20231005 286640
20231007 286948
20231008 287620
20231009 288183
20231010 288791
20231011 289268
20231012 289791
20231013 290235
20231014 290812
20231015 291128
20231016 291755
20231017 291755
20231018 293221
20231019 293221
20231020 294373
20231021 294950
20231022 295630
20231023 296139
20231024 296804
20231025 297243
20231026 297699
20231027 297883
20231028 298558
20231029 298914
20231030 299543
20231031 300134
