20230707 52
20230709 52
20230710 52
20230711 52
20230712 52
20230714 52
20230715 52
20230716 52
20230717 52
20230718 52
20230719 52
20230720 52
20230721 52
20230722 52
20230723 52
20230724 52
20230725 52
20230726 52
20230727 52
20230728 52
20230729 52
20230730 52
20230731 52
20230801 52
20230802 52
20230803 52
20230804 52
20230805 52
20230806 52
20230807 52
20230808 52
20230809 52
20230810 52
20230811 52
20230812 52
20230813 52
20230815 52
20230816 52
20230817 52
20230818 52
20230819 52
20230820 52
20230821 52
20230822 52
20230823 52
20230824 52
20230825 52
20230826 52
