20230707 9
20230829 9
20230830 48
20230919 48
20230920 47
20240624 47
20240626 47
20240627 47
20240628 47
20240629 47
20240630 47
20240701 47
20240702 47
20240703 47
20240704 47
20240705 47
20240706 47
20240707 47
20240708 47
20240709 47
20240710 47
20240711 47
20240712 47
20240713 47
20240714 47
20240715 47
20240716 47
20240717 47
20240718 47
20240719 47
20240720 47
20240721 47
20240722 47
20240723 47
20240724 47
20240725 47
20240726 47
20240727 47
20240728 47
20240729 47
20240730 47
20240731 47
20240801 47
20240802 47
20240803 47
20240804 47
20240805 47
20240806 47
20240807 47
20240808 47
20240809 47
20240810 47
20240811 47
20240812 47
20240813 47
20240814 47
20240815 47
20240816 47
20240817 47
20240818 47
20240819 47
20240820 47
20240821 47
20240822 47
20240823 47
20240824 47
20240825 47
20240826 47
20240827 47
20240828 47
20240829 47
20240830 47
20240831 47
20240901 47
20240902 47
20240903 47
20240904 47
20240905 47
20240906 47
20240907 47
20240908 47
20240909 47
20240910 47
20240911 47
20240912 47
20240913 47
20240914 47
20240915 47
