20230707 948
20230709 948
20230710 948
20230711 948
20230712 948
20230714 950
20230715 950
20230716 949
20230717 949
20230718 952
20230719 952
20230720 956
20230721 954
20230722 957
20230723 958
20230724 959
20230725 958
20230726 958
20230727 958
20230728 958
20230729 961
20230730 961
20230731 961
20230801 963
20230802 962
20230803 961
20230804 960
20230805 958
20230806 957
20230807 957
20230808 957
20230809 958
20230810 960
20230811 962
20230812 960
20230813 960
20230815 959
20230816 959
20230817 959
20230818 959
20230819 958
20230820 957
20230821 954
20230822 952
20230823 950
