20230922 26351
20230924 26377
20230925 26374
20230926 26372
20230927 26364
20230928 26373
20230929 26369
20230930 26385
20231001 26407
20231002 26402
20231003 26387
20231005 26400
20231007 26409
20231008 26412
20231009 26414
20231010 26405
20231011 26403
20231012 26420
20231013 26425
20231014 26426
20231015 26443
20231016 26448
20231017 26448
20231018 26411
20231019 26411
20231020 26429
20231021 26440
20231022 26432
20231023 26438
20231024 26432
20231025 26417
20231026 26424
20231027 26421
20231028 26462
20231029 26475
20231030 26497
20231031 26487
20231101 26484
20231102 26486
20231103 26484
20231104 26497
20231105 26519
20231106 26513
20231107 26501
20231108 26501
