20230713 312269773
20230714 312288559
20230717 312462238
20230718 312492330
20230719 312534942
20230720 312559210
20230721 312586144
20230722 312568171
20230723 312534003
20230724 312510037
20230725 312539509
20230726 312568652
20230727 312593179
20230728 312619986
20230729 312623219
20230730 312607880
20230731 312771278
20230801 312749548
20230802 312149849
20230803 312195333
20230804 312240440
20230805 312259834
20230806 312239334
20230807 327260882
20230808 337027264
20230809 347878793
20230810 350062006
20230811 350183979
20230812 350195130
20230813 350182213
20230814 350179601
20230815 350240797
20230816 350308134
20230817 350353151
20230818 350409426
20230819 349907830
20230820 350390211
20230821 350347936
20230822 349889549
20230823 349913666
