20230707 1196
20230709 1196
20230710 1196
20230711 1196
20230712 1197
20230714 1199
20230715 1201
20230716 1201
20230717 1201
20230718 1202
20230719 1205
20230720 1207
20230721 1208
20230722 1209
20230723 1209
20230724 1209
20230725 1209
20230726 1211
20230727 1215
20230728 1215
20230729 1215
20230730 1215
20230731 1215
20230801 1216
20230802 1216
20230803 1217
20230804 1218
20230805 1218
20230806 1218
20230807 1218
20230808 1218
20230809 1218
20230810 1218
20230811 1218
20230812 1219
20230813 1219
20230815 1219
20230816 1220
20230817 1220
20230818 1221
20230819 1221
20230820 1221
20230821 1221
20230822 1221
20230823 1221
20230824 1222
20230825 1222
20230826 1223
20230827 1223
20230828 1223
20230829 1224
20230830 1225
20230831 1226
20230901 1228
20230902 1228
20230903 1229
20230904 1229
20230905 1231
20230906 1231
20230907 1231
20230908 1231
20230909 1231
20230910 1231
20230911 1230
20230912 1230
20230913 1230
20230914 1230
20230915 1231
20230916 1231
20230917 1231
20230918 1231
20230919 1231
20230920 1229
20230921 1230
20230922 1231
20230923 1231
20230924 1231
20230925 1231
20230926 1231
20230927 1231
20230928 1234
20230929 1234
20230930 1234
