20230707 23
20230709 23
20230710 23
20230711 23
20230712 23
20230714 23
20230715 23
20230716 23
20230717 23
20230718 23
20230719 23
20230720 23
20230721 23
20230722 23
20230723 23
20230724 23
20230725 23
20230726 23
20230727 23
20230728 23
20230729 23
20230730 23
20230731 23
20230801 23
20230802 23
20230803 23
20230804 23
20230805 23
20230806 23
20230807 23
20230808 23
20230809 23
20230810 23
20230811 23
20230812 23
20230813 23
20230815 23
20230816 23
20230817 23
20230818 23
20230819 23
20230820 23
20230821 23
20230822 23
20230823 23
20230824 23
20230825 23
20230826 23
20230827 23
20230828 23
20230829 23
20230830 23
20230831 23
20230901 23
