20230707 3015
20230709 3014
20230710 3015
20230711 3017
20230712 3017
20230714 3018
20230715 3015
20230716 3015
20230717 3015
20230718 3017
20230719 3017
20230720 3018
20230721 3019
20230722 3020
20230723 3020
20230724 3020
20230725 3022
20230726 3022
20230727 3020
20230728 3018
20230729 3019
20230730 3020
20230731 3020
20230801 3023
20230802 3023
20230803 3023
20230804 3023
20230805 3024
20230806 3018
20230807 3018
20230808 3019
20230809 3020
20230810 3022
20230811 3021
20230812 3021
20230813 3021
20230815 3021
20230816 3021
20230817 3021
20230818 3021
20230819 3021
20230820 3021
20230821 3018
20230822 3018
20230823 3018
20230824 3017
20230825 3024
20230826 3026
20230827 3026
20230828 3025
20230829 3021
20230830 3022
