20230707 9
20230709 9
20230710 9
20230711 9
20230712 9
20230714 9
20230715 9
20230716 9
20230717 9
20230718 9
20230719 9
20230720 9
20230721 9
20230722 9
20230723 9
20230724 9
20230725 9
20230726 9
20230727 9
20230728 9
20230729 9
20230730 9
20230731 9
20230801 9
20230802 9
20230803 9
20230804 9
20230805 9
20230806 9
20230807 9
20230808 9
20230809 9
20230810 9
20231205 8
20231206 8
20231207 8
20231208 8
20231209 8
20231210 8
20231211 8
20231212 8
20231213 8
20231214 8
20231215 8
20231216 8
20231217 8
20231218 8
20231219 8
20231220 8
20231221 8
20231222 8
20231223 8
20231224 8
20231225 8
20231226 8
20231227 8
20231230 8
20231231 8
20240101 8
20240102 8
20240103 8
20240104 8
20240105 8
20240106 8
20240107 8
20240108 8
20240109 8
20240110 8
20240111 8
