20230707 43493
20230710 43485
20230711 43495
20230712 43539
20230713 43560
20230714 43572
20230715 43576
20230716 43578
20230717 43568
20230718 43564
20230719 43583
20230720 43587
20230721 43592
20230722 43605
20230723 43601
20230724 43602
20230725 43618
20230726 43638
20230727 43648
20230728 43651
20230729 43647
20230730 43635
20230731 43632
20230801 43653
20230802 43652
20230803 43675
20230804 43688
20230805 43701
20230806 43705
20230807 43705
20230808 43734
20230809 43733
20230810 43761
20230811 43770
20230812 43778
20230813 43763
20230815 43762
20230816 43767
20230817 43785
20230818 43797
20230819 43814
20230820 43802
20230821 43785
20230822 43806
20230823 43810
20230824 43836
20230825 43837
20230826 43859
20230827 43858
20230828 43858
20230829 43867
20230830 43880
20230831 43881
20230901 43886
20230902 43903
20230903 43876
20230904 43869
20230905 43995
