20230707 54
20230709 54
20230710 54
20230711 55
20230712 55
20230714 55
20230715 55
20230716 55
20230717 55
20230718 55
20230719 55
20230720 55
20230721 55
20230722 55
20230723 55
20230724 55
20230725 55
20230726 55
20230727 55
20230728 55
20230729 55
20230730 55
20230731 55
20230801 58
20230802 59
20230803 59
20230804 59
20230805 59
20230806 59
20230807 59
20230808 60
20230809 60
20230810 60
20230811 60
20230812 60
20230813 60
20230815 60
20230816 60
20230817 60
20230818 60
20230819 60
20230820 60
20230821 60
20230822 60
20230823 60
20230824 60
20230825 60
20230826 60
20230827 60
20230828 60
20230829 60
20230830 60
20230831 60
20230901 60
20230902 60
20230903 60
20230904 60
20230905 60
20230906 60
20230907 60
20230908 60
20230909 60
20230910 60
20230911 60
20230912 60
20230913 60
20230914 62
20230915 63
20230916 63
20230917 63
20230918 63
20230919 63
20230920 61
20230921 61
20230922 61
20230923 61
20230924 61
20230925 61
20230926 61
20230927 61
20230928 61
20230929 62
20230930 62
20231001 62
20231002 62
20231003 62
20231005 62
20231007 64
20231008 64
20231009 64
20231010 64
20231011 64
20231012 64
20231013 65
20231014 65
20231015 65
20231016 65
20231017 65
20231018 66
20231019 66
20231020 66
20231021 66
20231022 66
20231023 66
20231024 66
20231025 66
20231026 66
20231027 67
20231028 67
20231029 67
20231030 67
20231031 67
20231101 67
20231102 68
20231103 68
20231104 68
20231105 68
20231106 68
20231107 68
20231108 68
20231109 68
20231110 68
20231111 68
20231112 68
20231113 68
20231114 68
20231115 69
20231116 69
20231117 69
20231118 69
20231120 69
20231121 69
20231122 69
20231123 69
20231124 69
20231125 69
20231126 69
20231127 69
20231128 70
20231129 71
20231130 72
20231201 72
20231202 72
20231203 72
20231204 72
20231205 72
20231206 72
20231207 72
20231208 72
20231209 72
20231210 72
20231211 72
20231212 72
20231213 72
20231214 72
20231215 73
20231216 73
20231217 73
20231218 73
20231219 73
20231220 73
20231221 74
20231222 74
20231223 74
20231224 74
20231225 74
20231226 74
20231227 74
20231230 74
20231231 74
20240101 74
20240102 74
20240103 74
20240104 74
20240105 74
20240106 74
20240107 74
20240108 74
20240109 74
20240110 74
20240111 74
20240112 74
20240113 74
20240114 74
20240115 74
20240116 74
20240117 74
20240118 74
20240119 74
20240120 74
20240121 74
20240122 74
20240124 74
20240125 74
20240126 74
20240127 74
20240128 74
20240129 74
20240130 74
20240131 74
20240201 74
20240202 74
20240203 75
20240204 75
20240205 75
20240206 77
20240207 77
20240208 77
20240209 78
20240210 79
20240211 79
20240212 79
20240213 79
20240214 80
20240215 80
20240216 80
20240217 81
20240218 81
20240219 81
20240220 81
20240221 81
20240222 81
20240223 81
20240224 81
20240225 81
20240226 81
20240227 81
20240228 81
20240229 81
20240301 81
20240302 81
20240303 81
20240304 81
20240305 81
20240306 83
20240307 84
20240308 84
20240309 84
20240310 84
20240311 84
20240312 84
20240313 84
20240314 84
20240315 84
20240316 85
20240317 85
20240318 85
20240319 85
20240320 85
20240321 85
20240322 85
20240323 85
20240324 85
20240325 85
20240326 85
20240327 85
20240328 85
20240329 86
20240330 86
20240331 86
20240401 86
20240402 86
20240403 86
20240404 88
20240405 89
20240406 89
20240407 89
20240408 89
20240409 89
20240410 90
20240411 90
20240412 90
20240413 91
20240415 91
20240416 91
20240417 91
20240418 91
20240419 91
20240420 91
20240421 91
20240422 91
20240423 91
20240424 91
20240425 92
20240426 92
20240427 92
20240428 92
20240429 92
20240430 94
20240501 94
20240503 95
20240504 95
20240505 95
20240506 95
20240507 95
20240508 95
20240509 95
20240510 95
20240511 95
20240512 95
20240513 95
20240514 95
20240515 95
20240516 95
20240517 95
20240518 95
20240519 95
20240520 95
20240521 95
20240522 95
20240523 95
