20230707 10
20230709 10
20230710 10
20230711 10
20230712 10
20230714 10
20230715 10
20230716 10
20230717 10
20230718 10
20230719 10
20230720 10
20230721 10
20230722 10
20230723 10
20230724 10
20230725 10
20230726 10
20230727 10
20230728 10
20230729 10
20230730 10
20230731 10
20230801 10
20230802 10
20230803 10
20230804 10
20230805 10
20230806 10
20230807 10
20230808 10
20230809 10
20230810 10
20230811 10
20230812 10
20230813 10
20230815 10
20230816 10
20230817 10
20230818 10
20230819 10
20230820 10
20230821 10
20230822 10
20230823 10
20230824 10
20230825 10
20230826 10
20230827 10
20230828 10
20230829 10
20230830 10
20230831 10
20230901 10
20230902 10
20230903 10
20230904 10
20230905 10
20230906 10
20230907 10
20230908 10
20230909 10
20230910 10
20230911 10
20230912 10
20230913 10
20230914 10
20230915 10
20230916 10
20230917 10
20230918 10
20230919 10
20230920 9
20230921 9
20230922 9
20230923 9
20230924 9
20230925 9
20230926 9
20230927 9
20230928 9
20230929 9
20230930 9
20231001 9
20231002 9
20231003 9
20231005 9
20231007 9
20231008 9
20231009 9
20231010 9
20231011 9
20231012 9
20231013 9
20231014 9
20231015 9
20231016 9
20231017 9
20231018 9
20231019 9
20231020 9
20231021 9
20231022 9
20231023 9
20231024 9
20231025 9
20231026 9
20231027 9
20231028 9
20231029 9
20231030 9
20231031 9
20231101 9
20231102 9
20231103 9
20231104 9
20231105 9
20231106 9
20231107 9
20231108 9
20231109 9
20231110 9
20231111 9
20231112 9
20231113 9
20231114 9
20231115 9
20231116 9
20231117 9
20231118 9
20231120 9
20231121 9
20231122 9
20231123 9
20231124 9
20231125 9
20231126 9
20231127 9
20231128 9
20231129 9
20231130 9
20231201 9
20231202 9
20231203 9
20231204 9
20231205 9
20231206 9
20231207 9
20231208 9
20231209 9
20231210 9
20231211 9
20231212 9
20231213 9
20231214 9
20231215 9
20231216 9
20231217 9
20231218 9
20231219 9
20231220 9
20231221 9
20231222 9
20231223 9
20231224 9
20231225 9
20231226 9
20231227 9
20231230 9
20231231 9
20240101 9
20240102 9
20240103 9
20240104 9
