20230707 24020
20230709 24020
20230710 24018
20230709 24020
20230711 24024
20230712 24024
20230713 24027
20230712 24024
20230714 24030
20230712 24024
20230715 24037
20230712 24024
20230716 24015
20230712 24024
20230717 24016
20230712 24024
20230718 24014
20230712 24024
20230719 24011
20230720 24011
20230721 24008
20230720 24011
20230722 24007
20230720 24011
20230723 24003
20230720 24011
20230724 24005
20230720 24011
20230725 24002
20230720 24011
20230726 24016
20230727 24011
20230720 24011
20230728 24016
20230720 24011
20230729 24018
20230720 24011
20230730 24016
20230720 24011
20230731 24015
20230720 24011
20230801 24018
20230720 24011
20230802 24015
20230720 24011
20230803 24024
20230720 24011
20230804 24030
20230720 24011
20230805 24016
20230806 24011
20230720 24011
20230807 24006
20230720 24011
20230808 24001
20230720 24011
20230809 24003
20230720 24011
20230810 24006
20230720 24011
20230811 24003
20230720 24011
20230812 24000
20230720 24011
20230813 23998
20230720 24011
20230815 23973
20230720 24011
20230816 23967
20230720 24011
20230817 23920
20230720 24011
20230818 23917
20230720 24011
20230819 23920
20230720 24011
20230820 23918
20230720 24011
20230821 23909
20230720 24011
20230822 23908
20230720 24011
20230823 23905
20230824 23905
20230825 23894
20230824 23905
20230826 23883
20230824 23905
20230827 23882
20230824 23905
20230828 23880
20230824 23905
20230829 23879
20230824 23905
20230830 23845
20230824 23905
20230831 23806
20230824 23905
20230901 23661
20230824 23905
20230902 23649
20230824 23905
20230903 23648
20230824 23905
20230904 23641
20230824 23905
20230905 23626
20230824 23905
20230906 23623
20230824 23905
20230907 23617
20230824 23905
20230908 23607
20230824 23905
20230909 23600
20230824 23905
20230910 23601
20230824 23905
20230911 23599
20230824 23905
20230912 23602
20230913 23602
20230914 23603
20230913 23602
20230915 23597
20230913 23602
20230916 23593
20230913 23602
20230917 23591
20230913 23602
20230918 23588
20230913 23602
20230919 23599
20230913 23602
20230920 20617
20230913 23602
20230921 20592
20230913 23602
20230922 20588
20230913 23602
20230923 20583
20230913 23602
20230924 20580
20230925 20580
20230926 20575
20230925 20580
20230927 20577
20230925 20580
20230928 20572
20230925 20580
20230929 20564
20230925 20580
20230930 20554
20230925 20580
20231001 20552
20230925 20580
20231002 20549
20231003 20549
20231005 20545
20231003 20549
20231007 20524
20231003 20549
20231008 20523
20231003 20549
20231009 20521
20231003 20549
20231010 20525
20231003 20549
20231011 20526
20231012 20526
20231013 20513
20231012 20526
20231014 20503
20231012 20526
20231015 20499
20231012 20526
20231016 20493
20231012 20526
20231017 20488
20231012 20526
20231018 20486
20231012 20526
20231019 20482
20231012 20526
20231020 20474
20231012 20526
20231021 20471
20231012 20526
20231022 20469
20231012 20526
20231023 20459
20231012 20526
20231024 20453
20231012 20526
20231025 20449
20231012 20526
20231026 20443
20231012 20526
20231027 20444
20231028 20444
20231029 20442
20231028 20444
20231030 20434
20231028 20444
20231031 20437
20231028 20444
20231101 20434
20231028 20444
20231102 20450
20231103 20450
20231104 20454
20231105 20454
20231106 20451
20231105 20454
20231107 20449
20231105 20454
20231108 20450
20231105 20454
20231109 20447
20231105 20454
20231110 20448
20231105 20454
20231111 20444
20231105 20454
20231112 20438
20231105 20454
20231113 20437
20231114 20437
20231115 20425
20231114 20437
20231116 20421
20231114 20437
20231117 20420
20231114 20437
20231118 20422
20231114 20437
20231120 20413
20231114 20437
20231121 20412
20231114 20437
20231122 20416
20231114 20437
20231123 20417
20231114 20437
20231124 20410
20231114 20437
20231125 20400
20231126 20400
20231127 20392
20231128 20400
20231126 20400
20231129 20403
20231126 20400
20231130 20398
20231201 20400
20231126 20400
20231202 20396
20231126 20400
20231203 20397
20231126 20400
20231204 20396
20231126 20400
20231205 20398
20231126 20400
20231206 20402
20231126 20400
20231207 20385
20231126 20400
20231208 20382
20231126 20400
20231209 20383
20231126 20400
20231210 20381
20231211 20381
20231212 20375
20231211 20381
20231213 20376
20231211 20381
20231214 20371
20231211 20381
20231215 20370
20231211 20381
20231216 20373
20231211 20381
20231217 20371
20231211 20381
20231218 20367
20231211 20381
20231219 20363
20231211 20381
20231220 20364
20231211 20381
20231221 20365
20231211 20381
20231222 20362
20231211 20381
20231223 20359
20231211 20381
20231224 20356
20231211 20381
20231225 20355
20231211 20381
20231226 20351
20231211 20381
20231227 20349
20231211 20381
20231230 20359
20231231 20359
20240101 20354
20231231 20359
20240102 20351
20231231 20359
20240103 20349
20231231 20359
20240104 20348
20231231 20359
20240105 20346
20231231 20359
20240106 20339
20231231 20359
20240107 20341
20231231 20359
20240108 20340
20231231 20359
20240109 20339
20231231 20359
20240110 20335
20231231 20359
20240111 20332
20231231 20359
20240112 20334
20231231 20359
20240113 20339
20231231 20359
20240114 20337
20231231 20359
20240115 20339
20231231 20359
20240116 20346
20231231 20359
20240117 20343
20231231 20359
20240118 20361
20231231 20359
20240119 20397
20231231 20359
20240120 20405
20231231 20359
20240121 20422
20231231 20359
20240122 20473
20240124 20473
20240125 20474
20240126 20473
20240124 20473
20240127 20469
20240128 20473
20240124 20473
20240129 20475
20240130 20475
20240131 20476
20240130 20475
20240201 20473
20240130 20475
20240202 20471
20240130 20475
20240203 20472
20240130 20475
20240204 20469
20240130 20475
20240205 20463
20240130 20475
20240206 20465
20240207 20465
20240208 20462
20240207 20465
20240209 20460
20240207 20465
20240210 20459
20240207 20465
20240211 20457
20240212 20457
20240213 20456
20240214 20456
20240215 20455
20240214 20456
20240216 20453
20240214 20456
20240217 20444
20240218 20444
20240219 20446
20240218 20444
20240220 20447
20240218 20444
20240221 20446
20240218 20444
20240222 20439
20240218 20444
20240223 20436
20240224 20436
20240225 20430
20240224 20436
20240226 20429
20240224 20436
20240227 20430
20240224 20436
20240228 20435
20240224 20436
20240229 20432
20240224 20436
20240301 20427
20240224 20436
20240302 20424
20240224 20436
20240303 20420
20240224 20436
20240304 20419
20240224 20436
20240305 20418
20240224 20436
20240306 20415
20240224 20436
20240307 20416
20240224 20436
20240308 20411
20240224 20436
20240309 20415
20240224 20436
20240310 20413
20240224 20436
20240311 20414
20240224 20436
20240312 20412
20240224 20436
20240313 20411
20240314 20411
20240315 20409
20240316 20411
20240314 20411
20240317 20406
20240314 20411
20240318 20410
20240314 20411
20240319 20404
20240314 20411
20240320 20401
20240314 20411
20240321 20402
20240314 20411
20240322 20399
20240314 20411
20240323 20398
20240314 20411
20240324 20399
20240314 20411
20240325 20400
20240314 20411
20240326 20394
20240314 20411
20240327 20396
20240314 20411
20240328 20398
20240314 20411
20240329 20390
20240314 20411
20240330 20387
20240314 20411
20240331 20386
20240314 20411
20240401 20381
20240314 20411
20240402 20378
20240314 20411
20240403 20368
20240314 20411
20240404 20369
20240314 20411
20240405 20361
20240314 20411
20240406 20356
20240407 20356
20240408 20353
20240407 20356
20240409 20339
20240410 20339
20240411 20334
20240410 20339
20240412 20331
20240410 20339
20240413 20327
20240415 20327
20240416 20319
20240415 20327
20240417 20317
20240415 20327
20240418 20318
20240415 20327
20240419 20316
20240420 20316
20240421 20312
20240420 20316
20240422 20310
20240420 20316
20240423 20308
20240420 20316
20240424 20307
20240420 20316
20240425 20309
20240426 20309
20240427 20306
20240426 20309
20240428 20301
20240426 20309
20240429 20302
20240426 20309
20240430 20300
20240426 20309
20240501 20303
20240426 20309
20240503 20297
20240426 20309
20240504 20298
20240506 20298
20240507 20295
20240506 20298
20240508 20292
20240510 20292
20240511 20296
20240512 20292
20240510 20292
20240513 20291
20240510 20292
20240514 20279
20240510 20292
20240515 20286
20240510 20292
20240516 20284
20240510 20292
20240517 20289
20240510 20292
20240518 20284
20240510 20292
20240519 20282
20240520 20282
20240521 20286
20240520 20282
20240522 20288
20240520 20282
20240523 20295
20240520 20282
20240524 20306
20240520 20282
20240525 20309
20240520 20282
20240526 20310
20240520 20282
20240527 20314
20240520 20282
20240528 20318
20240529 20318
20240530 20320
20240529 20318
20240531 20319
20240529 20318
20240601 20321
20240529 20318
20240602 20317
20240529 20318
20240603 20316
20240529 20318
20240604 20312
20240605 20312
20240606 20309
20240605 20312
20240609 20301
20240605 20312
20240611 20298
20240605 20312
20240612 20304
20240613 20304
20240614 20305
20240613 20304
20240615 20306
20240616 20304
20240613 20304
20240617 20301
20240613 20304
20240618 20305
20240613 20304
20240620 20293
20240621 20293
20240622 20289
20240623 20293
20240621 20293
20240624 20295
20240621 20293
20240626 20303
20240627 20303
20240628 20302
20240627 20303
20240629 20301
20240627 20303
20240630 20295
20240627 20303
20240701 20290
20240627 20303
20240702 20289
20240627 20303
20240703 20286
20240627 20303
20240704 20281
20240627 20303
20240705 20283
20240627 20303
20240706 20281
20240707 20281
20240708 20280
20240707 20281
20240709 20276
20240707 20281
20240710 20273
20240707 20281
20240711 20269
20240707 20281
20240712 20263
20240707 20281
20240713 20262
20240707 20281
20240714 20261
20240707 20281
20240715 20258
20240707 20281
20240716 20255
20240717 20255
20240718 20257
20240717 20255
20240719 20261
20240720 20261
20240721 20260
20240722 20260
20240723 20255
20240724 20255
20240725 20249
20240724 20255
20240726 20250
20240727 20250
20240728 20248
20240727 20250
20240729 20244
20240727 20250
20240730 20242
20240727 20250
20240731 20237
20240727 20250
20240801 20234
20240802 20234
20240803 20235
20240802 20234
20240804 20237
20240802 20234
20240805 20236
20240802 20234
20240806 20235
20240802 20234
20240807 20233
20240802 20234
20240808 20228
20240809 20228
20240810 20230
20240811 20228
20240809 20228
20240812 20232
20240809 20228
20240813 20230
20240809 20228
20240814 20231
20240809 20228
20240815 20210
20240809 20228
20240816 20196
20240809 20228
20240817 20154
20240809 20228
20240818 20140
20240809 20228
20240819 20141
20240809 20228
20240820 20135
20240809 20228
20240821 20137
20240822 20137
20240823 20128
20240822 20137
20240824 20120
20240822 20137
20240825 20118
20240822 20137
20240826 20117
20240822 20137
20240827 20119
20240822 20137
20240828 20118
20240822 20137
20240829 20116
20240822 20137
20240830 20105
20240822 20137
20240831 20034
20240822 20137
20240901 19856
20240822 20137
20240902 19845
20240822 20137
20240903 19838
20240822 20137
20240904 19833
20240822 20137
20240905 19830
20240822 20137
20240906 19828
20240822 20137
20240907 19826
20240822 20137
20240908 19821
20240822 20137
20240909 19820
20240822 20137
20240910 19818
20240822 20137
20240911 19830
20240822 20137
20240912 19823
20240913 19823
20240914 19818
20240913 19823
20240915 19816
20240913 19823
20240916 19809
20240913 19823
20240917 19804
20240913 19823
20240918 19800
20240913 19823
20240919 19801
20240913 19823
20240920 19800
20240913 19823
20240921 19782
20240913 19823
20240921 19786
20240913 19823
20240922 19782
20240922 19782
