20230707 3
20230709 3
20230710 3
20230711 3
20230712 3
20230714 3
20230715 3
20230716 3
20230717 3
20230718 3
20230719 3
20230720 3
20230721 3
20230722 3
20230723 3
20230724 3
20230725 3
20230726 3
20230727 3
20230728 3
20230729 3
20230730 3
20230731 3
20230801 3
20230802 3
20230803 3
20230804 3
20230805 3
20230806 3
20230807 3
20230808 3
20230809 3
20230810 3
20230811 3
20230812 3
20230813 3
20230815 3
20230816 3
20230817 3
20230818 3
20230819 3
20230820 3
20230821 4
20230822 4
20230823 4
20230824 4
20230825 4
20230826 4
20230827 4
20230828 4
20230829 4
20230830 4
20230831 4
20230901 4
20230902 4
20230903 4
20230904 4
20230905 4
20230906 4
20230907 4
20230908 4
20230909 4
20230910 4
20230911 4
20230912 4
20230913 4
20230914 4
20230915 4
20230916 4
20230917 4
20230918 4
20230919 4
20230920 3
20230921 3
20230922 3
20230923 3
20230924 3
20230925 3
20230926 3
20230927 3
20230928 3
20230929 3
20230930 3
20231001 3
20231002 3
20231003 3
20231005 3
20231007 3
20231008 3
20231009 3
20231010 3
20231011 3
20231012 3
20231013 3
20231014 3
20231015 3
20231016 3
20231017 3
20231018 3
20231019 3
20231020 3
20231021 3
20231022 3
20231023 3
20231024 3
20231025 3
20231026 3
20231027 3
20231028 3
20231029 3
20231030 3
20231031 3
20231101 3
20231102 3
20231103 3
20231104 3
20231105 3
20231106 3
20231107 3
20231108 3
20231109 3
20231110 3
20231111 3
20231112 3
20231113 3
20231114 3
20231115 3
20231116 3
20231117 3
20231118 3
20231120 3
20231121 3
20231122 3
20231123 3
20231124 3
20231125 3
20231126 3
20231127 3
20231128 3
20231129 3
20231130 3
20231201 3
20231202 3
20231203 3
20231204 3
20231205 3
20231206 3
20231207 3
20231208 3
20231209 3
20231210 4
20231211 4
20231212 4
20231213 4
20231214 4
20231215 4
20231216 4
20231217 4
20231218 4
20231219 4
20231220 4
20231221 4
20231222 4
20231223 4
20231224 4
20231225 4
20231226 4
20231227 4
20231230 4
20231231 4
20240101 4
20240102 4
20240103 4
20240104 4
20240105 4
20240106 4
20240107 4
20240108 4
20240109 4
20240110 4
20240111 4
20240112 4
20240113 4
20240114 4
20240115 4
20240116 4
20240117 4
20240118 4
20240119 4
20240120 4
20240121 4
20240122 4
20240124 4
20240125 4
20240126 4
20240127 4
20240128 4
20240129 4
20240130 4
20240131 4
20240201 4
20240202 4
20240203 4
20240204 4
20240205 4
20240206 4
20240207 4
20240208 4
20240209 4
20240210 4
20240211 4
20240212 4
20240213 4
20240214 4
20240215 4
20240216 4
20240217 4
20240218 4
20240219 4
20240220 4
20240221 4
20240222 4
20240223 4
20240224 4
20240225 4
20240226 4
20240227 4
20240228 4
20240229 4
20240301 4
20240302 4
20240303 4
20240304 4
20240305 4
20240306 4
20240307 4
20240308 4
20240309 4
20240310 4
20240311 4
20240312 4
20240313 4
20240314 4
20240315 4
20240316 4
