20230707 33
20230829 33
20230830 34
20230907 34
20230908 36
20230914 36
20230915 37
20230919 37
20230920 33
20231010 33
20231011 34
20231031 34
20231101 33
20240206 33
20240207 34
20240208 34
20240209 35
20240218 35
20240219 36
20240624 36
20240626 36
20240627 36
20240628 36
20240629 36
20240630 36
20240701 36
20240702 36
20240703 36
20240704 36
20240705 36
20240706 36
20240707 36
20240708 36
20240709 36
20240710 36
20240711 36
20240712 36
20240713 36
20240714 36
20240715 36
20240716 36
20240717 36
20240718 36
20240719 36
20240720 36
20240721 36
20240722 36
20240723 36
20240724 36
20240725 36
20240726 36
20240727 36
20240728 36
20240729 36
20240730 36
20240731 36
20240801 36
20240802 36
20240803 36
20240804 36
20240805 36
20240806 36
20240807 36
20240808 36
20240809 36
20240810 36
20240811 36
20240812 36
20240813 36
20240814 36
20240815 36
20240816 36
20240817 36
20240818 36
20240819 36
20240820 36
20240821 36
20240822 36
20240823 36
20240824 36
20240825 36
20240826 36
20240827 36
20240828 36
20240829 36
20240830 36
20240831 36
20240901 36
20240902 36
20240903 36
20240904 36
20240905 36
20240906 36
20240907 36
20240908 36
20240909 36
20240910 36
20240911 36
