20230922 10259
20230924 10081
20230925 10086
20230926 10092
20230927 10085
20230928 10090
20230929 10084
20230930 10100
20231001 10117
20231002 10122
20231003 10141
20231005 10144
20231007 10168
20231008 10189
20231009 10196
20231010 10199
20231011 10201
20231012 10208
20231013 10219
20231014 10222
20231015 10220
20231016 10228
20231017 10228
20231018 10226
20231019 10226
20231020 10237
20231021 10255
20231022 10259
20231023 10267
20231024 10262
20231025 10253
20231026 10262
20231027 10273
20231028 10285
20231029 10279
20231030 10290
20231031 10288
20231101 10287
20231102 10295
20231103 10303
20231104 10314
20231105 10315
20231106 10295
20231107 10281
20231108 10281
20231109 10285
