20230707 4406
20230709 4400
20230710 4392
20230711 4388
20230712 4386
20230713 4385
20230714 4377
20230715 4374
20230716 4376
20230717 4373
20230718 4369
20230719 4361
20230720 4359
20230721 4353
20230722 4356
20230723 4354
20230724 4352
20230725 4353
20230726 4355
20230727 4354
20230728 4352
20230729 4349
20230730 4348
20230731 4344
20230801 4343
20230802 4340
20230803 4346
20230804 4345
20230805 4345
20230806 4348
20230807 4347
20230808 4351
20230810 4351
20230811 4348
20230812 4349
20230813 4344
20230815 4344
20230816 4343
20230817 4342
20230818 4342
20230819 4340
20230820 4350
20230821 4348
20230822 4350
20230823 4340
20230824 4339
20230825 4338
20230826 4343
20230827 4343
20230828 4344
20230829 4341
20230830 4340
20230831 4340
20230901 4332
20230902 4317
20230903 4312
20230904 4313
20230905 4307
20230906 4307
20230907 4308
20230908 4314
20230909 4316
20230910 4321
20230911 4315
20230912 4318
20230913 4319
20230914 4319
20230915 4318
20230916 4318
20230917 4312
20230918 4310
20230919 4310
20230920 4070
20230921 4066
20230922 4075
20230923 4074
20230925 4074
20230926 4073
20230927 4070
20230928 4066
20230929 4070
20230930 4066
20231001 4065
20231002 4056
20231003 4062
20231005 4070
20231007 4066
20231008 4067
20231009 4067
20231010 4066
20231011 4064
20231012 4063
20231013 4064
20231014 4065
20231015 4069
20231016 4071
20231017 4071
20231018 4073
20231019 4077
20231020 4080
20231021 4080
20231022 4079
20231023 4078
20231024 4077
20231025 4077
20231026 4091
20231027 4084
20231028 4083
20231029 4080
20231030 4083
20231031 4082
20231101 4083
20231102 4080
20231103 4083
20231104 4082
20231105 4079
20231106 4075
20231107 4076
20231108 4075
20231109 4075
20231110 4071
20231111 4071
20231112 4072
20231113 4073
20231114 4071
20231115 4070
20231116 4068
20231117 4074
20231118 4071
20231120 4071
20231121 4070
20231122 4071
20231123 4069
20231124 4071
20231125 4070
20231126 4068
20231127 4066
20231128 4065
20231129 4065
20231130 4064
20231201 4061
20231202 4061
20231203 4062
20231204 4063
20231205 4059
20231206 4061
20231207 4061
20231208 4058
20231209 4060
20231210 4067
20231211 4069
20231212 4071
20231213 4074
20231214 4073
20231215 4074
20231216 4079
20231217 4072
20231219 4072
20231220 4064
20231221 4062
20231222 4063
20231223 4064
20231224 4064
20231225 4062
20231226 4062
20231227 4067
20231230 4069
20231231 4068
20240101 4067
20240102 4068
20240103 4065
20240104 4066
20240105 4063
20240106 4087
20240107 4089
20240108 4089
20240109 4094
20240110 4097
20240111 4130
20240112 4129
20240113 4132
20240114 4134
20240115 4136
20240116 4137
20240117 4139
20240118 4136
20240119 4135
20240120 4133
20240121 4136
20240122 4133
20240124 4137
20240125 4135
20240126 4134
20240129 4134
20240130 4159
20240202 4159
20240203 4160
20240204 4159
20240205 4163
20240206 4164
20240207 4162
20240208 4163
20240209 4164
20240210 4166
20240211 4164
20240212 4165
20240213 4164
20240214 4163
20240215 4168
20240216 4166
20240217 4167
20240218 4165
20240219 4168
20240220 4168
20240221 4165
20240223 4165
20240224 4168
20240225 4166
20240226 4165
20240229 4165
20240301 4164
20240302 4164
20240303 4166
20240304 4168
20240305 4167
20240306 4165
20240307 4168
20240308 4169
20240309 4171
20240310 4173
20240311 4171
20240312 4175
20240313 4174
20240314 4174
20240315 4171
20240316 4174
20240317 4176
20240318 4176
20240319 4170
20240320 4170
20240321 4169
20240322 4174
20240323 4174
20240324 4175
20240325 4175
20240326 4176
20240327 4176
20240328 4177
20240329 4181
20240330 4179
20240331 4183
20240401 4180
20240402 4181
20240403 4178
20240404 4185
20240405 4184
20240406 4187
20240407 4186
20240408 4182
20240409 4182
20240410 4185
20240411 4185
20240412 4182
20240413 4182
20240415 4179
20240416 4194
20240417 4188
20240418 4186
20240419 4185
20240420 4183
20240421 4182
20240422 4180
20240423 4181
20240424 4185
20240426 4185
20240427 4183
20240428 4183
20240429 4186
20240430 4184
20240501 4185
20240503 4185
20240504 4186
20240505 4188
20240506 4190
20240507 4187
20240508 4186
20240509 4190
20240510 4189
20240511 4192
20240512 4185
20240513 4185
20240514 4191
20240515 4195
20240516 4193
20240517 4193
20240518 4194
20240519 4193
20240520 4190
20240521 4189
20240522 4190
20240523 4190
20240524 4191
20240525 4187
20240526 4184
20240527 4178
20240528 4176
20240529 4175
20240530 4178
20240531 4181
20240601 4182
20240602 4179
20240603 4177
20240604 4175
20240605 4176
20240606 4173
20240609 4167
20240611 4157
20240612 4160
20240613 4160
20240614 4163
20240615 4163
20240616 4161
20240617 4164
20240618 4151
20240620 4167
20240621 4172
20240622 4173
20240623 4171
20240624 4171
20240626 4173
20240627 4184
20240628 4191
20240629 4197
20240630 4195
20240701 4192
20240702 4196
20240703 4198
20240704 4198
20240705 4200
20240706 4197
20240707 4191
20240708 4189
20240709 4166
20240710 4161
20240711 4158
20240712 4161
20240713 4162
20240714 4160
20240715 4160
20240716 4165
20240717 4163
20240718 4123
20240719 4120
20240720 4113
20240721 4089
20240722 4089
20240723 4088
20240724 4088
20240725 4091
20240726 4088
20240727 4095
20240728 4093
20240729 4097
20240730 4099
20240731 4132
20240801 4133
20240802 4134
20240803 4133
20240804 4130
20240805 4130
20240806 4129
20240807 4128
20240808 4125
20240809 4124
20240810 4125
20240811 4130
20240812 4129
20240813 4133
20240814 4132
20240815 4139
20240816 4138
20240817 4140
20240818 4139
20240819 4139
20240820 4153
20240821 4155
20240822 4153
20240823 4155
20240824 4156
20240825 4157
20240826 4154
20240827 4153
20240828 4153
20240829 4155
20240830 4155
20240831 4161
20240901 4162
20240902 4164
20240903 4163
20240904 4166
20240905 4166
20240906 4167
20240907 4168
20240908 4166
20240909 4164
20240910 4161
20240911 4160
20240912 4166
20240914 4166
20240915 4161
20240916 4158
20240917 4159
20240918 4160
20240919 4159
20240920 4158
20240922 4158
20240925 4163
20240926 4184
20240927 4233
20240928 4240
20240929 4257
20240930 4266
20241001 4265
20241002 4263
20241003 4264
20241004 4263
20241005 4263
20241006 4262
20241007 4261
20241008 4261
20241009 4265
20241010 4265
20241011 4262
20241012 4259
20241013 4257
20241014 4259
20241015 4262
20241016 4265
20241017 4264
20241018 4263
20241019 4263
20241020 4262
20241021 4261
20241022 4263
20241023 4260
20241024 4258
20241025 4255
20241026 4254
20241027 4254
20241028 4255
20241029 4259
20241030 4258
20241031 4258
20241101 4259
20241102 4258
20241103 4259
20241104 4258
20241105 4259
20241106 4258
20241107 4253
20241108 4254
20241109 4258
20241110 4260
20241111 4260
20241112 4255
20241113 4248
20241114 4254
20241115 4254
20241116 4253
20241117 4253
20241118 4251
20241119 4251
20241120 4249
20241121 4251
20241122 4251
20241123 4253
20241124 4254
20241125 4250
20241126 4249
20241127 4247
20241128 4243
20241129 4241
20241201 4241
20241202 4239
