20230707 749087
20230709 748341
20230710 748357
20230711 748723
20230712 749150
20230713 748189
20230714 747864
20230715 748009
20230716 748130
20230717 748331
20230718 747705
20230719 747985
20230720 748307
20230721 748873
20230722 749283
20230723 749362
20230724 749529
20230725 750088
20230726 750560
20230727 751120
20230728 751672
20230729 752044
20230730 752247
20230731 752298
20230801 752779
20230802 753209
20230803 753932
20230804 754496
20230805 754941
20230806 755663
20230807 756200
20230808 756601
20230809 757250
20230810 757607
20230811 758056
20230812 758672
20230813 759049
20230815 759692
20230816 760066
20230817 760491
20230818 760893
20230819 761049
20230820 761049
20230821 761395
20230820 761049
20230822 761741
20230820 761049
20230823 762038
20230820 761049
20230824 762497
20230820 761049
20230825 762760
20230820 761049
20230826 763137
20230820 761049
20230827 763462
20230820 761049
20230828 763586
20230820 761049
20230829 763969
20230820 761049
20230830 764282
20230820 761049
20230831 764427
20230901 764427
20230902 764927
20230901 764427
20230903 765035
20230901 764427
20230904 765157
20230901 764427
20230905 765543
20230901 764427
20230906 765931
20230901 764427
20230907 766287
20230901 764427
20230908 766521
20230901 764427
20230909 766713
20230901 764427
20230910 766682
20230901 764427
20230911 766531
20230901 764427
20230912 766583
20230901 764427
20230913 766675
20230901 764427
20230914 766850
20230901 764427
20230915 767025
20230901 764427
20230916 767168
20230901 764427
20230917 767104
20230901 764427
20230918 767005
20230901 764427
20230919 767075
20230901 764427
20230920 646963
20230901 764427
20230921 647379
20230901 764427
20230922 647612
20230901 764427
20230923 647845
20230926 647845
20230927 648362
20230926 647845
20230928 648694
20230926 647845
20230929 648659
20230926 647845
20230930 648701
20230926 647845
20231001 648755
20230926 647845
20231002 648871
20230926 647845
20231003 648909
20230926 647845
20231005 649173
20230926 647845
20231007 649337
20230926 647845
20231008 649409
20231009 649409
20231010 649405
20231009 649409
20231011 649579
20231009 649409
20231012 649097
20231009 649409
20231013 649408
20231009 649409
20231014 649579
20231015 649579
20231016 649697
20231015 649579
20231017 650955
20231015 649579
20231018 651594
20231015 649579
20231019 652135
20231015 649579
20231020 652288
20231015 649579
20231021 652418
20231015 649579
20231022 652562
20231015 649579
20231023 652620
20231015 649579
20231024 652790
20231015 649579
20231025 652952
20231015 649579
20231026 653135
20231015 649579
20231027 653413
20231015 649579
20231028 653571
20231015 649579
20231029 653718
20231015 649579
20231030 653808
20231015 649579
20231031 653902
20231015 649579
20231101 653879
20231015 649579
20231102 654089
20231015 649579
20231103 654183
20231015 649579
20231104 654385
20231015 649579
20231105 654435
20231015 649579
20231106 654489
20231015 649579
20231107 654656
20231015 649579
20231108 655258
20231015 649579
20231109 655583
20231015 649579
20231110 655739
20231015 649579
20231111 655993
20231115 655993
20231116 657334
20231115 655993
20231117 657782
20231115 655993
20231118 658299
20231115 655993
20231120 658762
20231115 655993
20231121 659053
20231115 655993
20231122 659252
20231115 655993
20231123 659704
20231115 655993
20231124 660175
20231115 655993
20231125 660351
20231115 655993
20231126 660648
20231115 655993
20231127 660794
20231115 655993
20231128 661160
20231115 655993
20231129 661571
20231115 655993
20231130 661897
20231115 655993
20231201 662098
20231115 655993
20231202 662314
20231115 655993
20231203 662416
20231115 655993
20231204 662467
20231115 655993
20231205 662706
20231115 655993
20231206 663069
20231115 655993
20231207 663169
20231115 655993
20231208 663514
20231115 655993
20231209 663854
20231115 655993
20231210 664276
20231115 655993
20231211 664302
20231115 655993
20231212 664456
20231115 655993
20231213 664890
20231115 655993
20231214 665217
20231215 665217
20231216 665694
20231215 665217
20231217 665798
20231215 665217
20231218 665853
20231215 665217
20231219 665973
20231215 665217
20231220 666423
20231215 665217
20231221 666673
20231215 665217
20231222 666854
20231215 665217
20231223 667443
20231215 665217
20231224 667523
20231215 665217
20231225 667546
20231215 665217
20231226 667450
20231215 665217
20231227 667249
20231215 665217
20231230 668030
20231215 665217
20231231 667984
20231215 665217
20240101 668152
20231215 665217
20240102 668154
20231215 665217
20240103 668324
20231215 665217
20240104 668461
20231215 665217
20240105 668616
20231215 665217
20240106 668847
20231215 665217
20240107 668485
20231215 665217
20240108 668740
20231215 665217
20240109 668956
20231215 665217
20240110 669286
20231215 665217
20240111 668049
20231215 665217
20240112 668268
20231215 665217
20240113 668471
20231215 665217
20240114 668516
20231215 665217
20240115 668828
20231215 665217
20240116 669047
20231215 665217
20240117 669444
20231215 665217
20240118 669576
20231215 665217
20240119 669906
20231215 665217
20240120 670063
20231215 665217
20240121 670206
20231215 665217
20240122 670295
20231215 665217
20240124 670885
20231215 665217
20240125 671101
20240129 671101
20240130 672202
20240129 671101
20240131 672788
20240129 671101
20240201 672967
20240129 671101
20240202 673271
20240129 671101
20240203 673571
20240129 671101
20240204 673599
20240129 671101
20240205 673616
20240129 671101
20240206 673858
20240129 671101
20240207 674161
20240129 671101
20240208 674549
20240129 671101
20240209 674819
20240129 671101
20240210 675016
20240129 671101
20240211 675143
20240129 671101
20240212 675337
20240129 671101
20240213 675605
20240129 671101
20240214 675825
20240129 671101
20240215 676041
20240129 671101
20240216 676328
20240129 671101
20240217 676472
20240129 671101
20240218 676798
20240129 671101
20240219 676829
20240129 671101
20240220 676892
20240129 671101
20240221 677114
20240129 671101
20240222 677464
20240129 671101
20240223 677898
20240129 671101
20240224 678001
20240129 671101
20240225 678202
20240129 671101
20240226 678318
20240129 671101
20240227 678612
20240129 671101
20240228 678736
20240129 671101
20240229 679003
20240129 671101
20240301 679250
20240129 671101
20240302 679675
20240129 671101
20240303 679537
20240129 671101
20240304 679495
20240129 671101
20240305 680082
20240129 671101
20240306 680422
20240129 671101
20240307 680662
20240129 671101
20240308 681086
20240129 671101
20240309 681322
20240129 671101
20240310 681494
20240129 671101
20240311 681560
20240129 671101
20240312 682075
20240129 671101
20240313 682267
20240129 671101
20240314 682349
20240129 671101
20240315 682403
20240129 671101
20240316 682479
20240129 671101
20240317 682498
20240129 671101
20240318 682425
20240129 671101
20240319 682541
20240129 671101
20240320 682801
20240129 671101
20240321 683182
20240129 671101
20240322 683601
20240129 671101
20240323 683776
20240129 671101
20240324 683968
20240129 671101
20240325 684204
20240129 671101
20240326 684562
20240129 671101
20240327 684904
20240129 671101
20240328 685110
20240129 671101
20240329 685319
20240129 671101
20240330 685537
20240129 671101
20240331 685610
20240129 671101
20240401 685667
20240129 671101
20240402 685516
20240129 671101
20240403 686119
20240129 671101
20240404 686708
20240129 671101
20240405 686979
20240129 671101
20240406 687109
20240129 671101
20240407 687116
20240129 671101
20240408 687331
20240129 671101
20240409 687525
20240129 671101
20240410 688510
20240129 671101
20240411 688861
20240129 671101
20240412 689313
20240129 671101
20240413 689566
20240129 671101
20240415 689601
20240129 671101
20240416 689983
20240129 671101
20240417 690300
20240129 671101
20240418 690661
20240129 671101
20240419 691291
20240129 671101
20240420 691613
20240129 671101
20240421 691926
20240129 671101
20240422 692110
20240129 671101
20240423 692352
20240129 671101
20240424 692593
20240129 671101
20240425 692910
20240129 671101
20240426 693408
20240129 671101
20240427 695160
20240129 671101
20240428 695208
20240129 671101
20240429 695462
20240129 671101
20240430 695837
20240129 671101
20240501 696348
20240129 671101
20240503 697046
20240129 671101
20240504 697328
20240129 671101
20240505 697572
20240129 671101
20240506 697709
20240129 671101
20240507 697691
20240129 671101
20240508 698156
20240129 671101
20240509 698149
20240129 671101
20240510 698230
20240129 671101
20240511 698400
20240129 671101
20240512 698453
20240129 671101
20240513 698572
20240514 698572
20240515 699828
20240514 698572
20240516 700812
20240517 700812
20240518 701652
20240517 700812
20240519 702015
20240517 700812
20240520 701976
20240517 700812
20240521 702528
20240517 700812
20240522 703243
20240517 700812
20240523 703494
20240517 700812
20240524 703932
20240517 700812
20240525 704387
20240517 700812
20240526 706066
20240517 700812
20240527 706670
20240517 700812
20240528 706709
20240517 700812
20240529 706940
20240517 700812
20240530 707224
20240517 700812
20240531 707586
20240517 700812
20240601 707907
20240517 700812
20240602 708084
20240517 700812
20240603 708410
20240517 700812
20240604 708916
20240517 700812
20240605 709062
20240517 700812
20240606 709665
20240517 700812
20240609 710386
20240517 700812
20240611 710924
20240517 700812
20240612 711351
20240517 700812
20240613 711782
20240517 700812
20240614 712191
20240517 700812
20240615 712492
20240517 700812
20240616 711963
20240517 700812
20240617 711975
20240517 700812
20240618 711966
20240517 700812
20240620 710968
20240517 700812
20240621 710455
20240517 700812
20240622 709881
20240517 700812
20240623 709410
20240517 700812
20240624 709114
20240517 700812
20240626 709051
20240517 700812
20240627 709256
20240517 700812
20240628 709436
20240517 700812
20240629 709432
20240517 700812
20240630 709112
20240517 700812
20240701 709076
20240517 700812
20240702 709332
20240517 700812
20240703 709640
20240517 700812
20240704 710198
20240517 700812
20240705 710389
20240517 700812
20240706 710907
20240517 700812
20240707 711781
20240517 700812
20240708 712474
20240517 700812
20240709 713142
20240517 700812
20240710 713738
20240517 700812
20240711 714124
20240517 700812
20240712 714702
20240517 700812
20240713 715122
20240517 700812
20240714 715447
20240517 700812
20240715 716014
20240517 700812
20240716 716576
20240517 700812
20240717 717131
20240517 700812
20240718 717413
20240517 700812
20240719 717774
20240517 700812
20240720 717130
20240517 700812
20240721 717331
20240517 700812
20240722 717420
20240517 700812
20240723 717712
20240724 717712
20240725 718397
20240724 717712
20240726 718677
20240724 717712
20240727 719085
20240724 717712
20240728 719402
20240724 717712
20240729 719556
20240724 717712
20240730 720037
20240724 717712
20240731 720460
20240724 717712
20240801 720699
20240724 717712
20240802 721348
20240724 717712
20240803 721512
20240724 717712
20240804 721642
20240724 717712
20240805 722065
20240807 722065
20240808 723172
20240807 722065
20240809 723524
20240807 722065
20240810 723875
20240807 722065
20240811 722486
20240807 722065
20240812 722099
20240807 722065
20240813 722082
20240807 722065
20240814 722372
20240815 722372
20240816 722676
20240815 722372
20240817 722923
20240815 722372
20240818 722938
20240815 722372
20240819 722900
20240815 722372
20240820 723138
20240907 723138
20240908 724217
20240907 723138
20240909 724227
20240907 723138
20240910 724430
20240907 723138
20240911 724679
20240907 723138
20240912 724872
20240907 723138
20240913 724936
20240907 723138
20240914 725137
20240907 723138
20240915 725063
20240907 723138
20240916 725161
20240907 723138
20240917 725291
20240907 723138
20240918 725816
20240907 723138
20240919 725965
20240907 723138
20240920 726342
20240907 723138
20240921 726794
20240907 723138
20240921 726918
20240922 726918
20240925 727237
20240922 726918
20240926 727542
20240922 726918
20240927 727810
20240922 726918
20240928 728178
20240922 726918
20240929 723990
20240922 726918
20240930 723883
20240930 723883
