20230707 39
20230709 39
20230710 39
20230711 39
20230712 39
20230714 39
20230715 39
20230716 39
20230717 39
20230718 39
20230719 39
20230720 39
20230721 39
20230722 39
20230723 39
20230724 39
20230725 39
20230726 39
20230727 39
20230728 39
20230729 39
20230730 39
20230731 39
20230801 39
20230802 39
20230803 39
20230804 39
20230805 39
20230806 39
20230807 39
20230808 39
20230809 39
20230810 39
20230811 39
20230812 39
20230813 39
20230815 39
20230816 39
20230817 39
20230818 39
20230819 39
20230820 39
20230821 39
20230822 39
20230823 39
20230824 39
20230825 39
20230826 39
20230827 39
20230828 39
20230829 39
20230830 40
20230831 40
