20230922 103
20230924 103
20230925 103
20230926 103
20230927 103
20230928 103
20230929 103
20230930 103
20231001 103
20231002 103
20231003 103
20231005 103
20231007 103
20231008 103
20231009 103
20231010 103
20231011 103
20231012 103
20231013 103
20231014 103
20231015 103
20231016 103
20231017 103
20231018 103
20231019 103
20231020 103
20231021 103
20231022 103
20231023 103
20231024 103
20231025 103
20231026 103
20231027 103
20231028 103
20231029 103
20231030 103
20231031 103
20231101 103
20231102 103
20231103 103
20231104 103
20231105 103
20231106 103
20231107 103
20231108 103
20231109 103
20231110 103
20231111 103
20231112 103
20231113 103
20231114 103
20231115 103
20231116 103
20231117 103
20231118 103
20231120 103
20231121 103
20231122 103
20231123 103
20231124 103
20231125 103
20231126 103
20231127 103
20231128 103
20231129 103
20231130 103
20231201 103
20231202 103
20231203 103
20231204 103
20231205 103
20231206 103
20231207 103
20231208 103
20231209 103
20231210 103
20231211 103
20231212 103
20231213 103
20231214 103
20231215 103
20231216 103
20231217 103
20231218 103
20231219 103
20231220 103
20231221 103
20231222 103
20231223 103
20231224 103
20231225 103
20231226 103
20231227 103
20231230 103
20231231 103
20240101 103
20240102 103
20240103 103
20240104 103
20240105 103
20240106 103
20240107 103
20240108 103
20240109 103
20240110 103
20240111 103
20240112 103
20240113 103
20240114 103
20240115 103
20240116 103
20240117 103
20240118 103
20240119 101
20240120 103
20240121 103
20240122 103
20240124 103
20240125 103
20240126 103
20240127 103
20240128 103
20240129 103
20240130 103
20240131 103
20240201 103
20240202 103
20240203 103
20240204 103
20240205 103
20240206 104
20240207 104
20240208 104
20240209 104
20240210 104
20240211 104
20240212 104
20240213 104
20240214 104
20240215 104
20240216 104
20240217 104
20240218 104
20240219 104
20240220 104
20240221 104
20240222 104
20240223 104
20240224 104
20240225 104
20240226 104
20240227 104
20240228 104
20240229 104
20240301 104
20240302 104
20240303 104
20240304 104
20240305 104
20240306 104
20240307 104
20240308 104
20240309 104
20240310 104
20240311 104
20240312 104
20240313 104
20240314 104
20240315 104
20240316 104
20240317 104
20240318 104
20240319 104
20240320 104
20240321 104
20240322 104
20240323 104
20240324 104
20240325 104
20240326 104
20240327 104
20240328 104
20240329 104
20240330 104
20240331 104
20240401 104
20240402 104
20240403 104
20240404 104
20240405 104
20240406 104
20240407 104
20240408 104
20240409 104
20240410 104
20240411 104
20240412 104
20240413 104
20240415 104
20240416 104
20240417 104
20240418 104
20240419 104
20240420 104
20240421 104
20240422 104
20240423 104
20240424 104
20240425 104
20240426 104
20240427 104
20240428 104
20240429 104
20240430 104
20240501 104
20240503 104
20240504 104
20240505 104
20240506 104
20240507 104
20240508 104
20240509 104
20240510 104
20240511 104
20240512 104
20240513 104
20240514 104
20240515 104
20240516 104
20240517 104
20240518 104
20240519 104
20240520 104
