20230707 46
20230709 46
20230710 46
20230711 46
20230712 46
20230714 46
20230715 46
20230716 46
20230717 46
20230718 46
20230719 46
20230720 46
20230721 46
20230722 46
20230723 46
20230724 46
20230725 46
20230726 46
20230727 46
20230728 46
20230729 46
20230730 46
20230731 46
20230801 46
20230802 46
20230803 46
20230804 46
20230805 46
20230806 46
20230807 46
20230808 46
20230809 46
20230810 46
20230811 46
20230812 46
20230813 46
20230815 46
20230816 46
20230817 46
20230818 46
20230819 46
20230820 46
20230821 46
20230822 46
20230823 46
20230824 46
20230825 46
20230826 46
20230827 46
20230828 46
20230829 46
20230830 46
20230831 46
20230901 46
20230902 46
20230903 46
20230904 46
20230905 46
20230906 46
20230907 46
20230908 46
20230909 46
20230910 46
20230911 46
20230912 46
20230913 46
20230914 46
20230915 46
20230916 46
20230917 46
20230918 46
20230919 46
20230920 44
20230921 44
20230922 44
20230923 44
20230924 44
20230925 44
20230926 44
20230927 44
20230928 44
20230929 45
20230930 45
20231001 45
20231002 45
20231003 45
20231005 45
20231007 45
20231008 45
20231009 45
20231010 45
20231011 45
20231012 45
20231013 45
20231014 45
20231015 45
20231016 45
20231017 45
20231018 45
20231019 45
20231020 45
20231021 45
20231022 45
20231023 45
20231024 45
