20150228 772727
20160228 558364
20170228 517365
20170331 514326
20170430 514194
20170531 511848
20170630 513747
20170731 501068
20170831 500074
20170930 503248
20171031 504293
20171130 489255
20171231 488847
20180131 487358
20180228 487188
20180331 481780
20180430 482743
20180531 485132
20180630 482494
20180731 481310
20180831 484770
20180930 486714
20181031 488989
20181130 489143
20181231 490993
20190131 492987
20190228 494232
20190331 493235
20190430 492238
20190531 496790
20190630 497281
20190731 499621
20190831 499134
20190930 520681
20191031 536977
20191130 542874
20191231 545084
20200131 546725
20200228 546827
20200331 545846
20200430 554412
20200531 571523
20200630 603194
20200731 612656
20200831 622046
20200930 650243
20201031 658565
20201130 657512
20201231 652577
20210131 656809
20210228 663122
20210331 668788
20210430 686127
20210531 687280
20210630 683251
20210731 698920
20210831 686217
20210930 686969
20211031 682742
20211130 679206
20211231 675602
20220131 679919
20220228 682935
20220331 683280
20220430 684334
20220531 684567
20220630 681456
20220731 676668
20220831 679298
20220930 677949
20221031 673874
20221130 670633
20221231 676818
20230131 666457
20230228 668558
20230331 670920
20230430 672932
20230531 677445
20230630 674747
20230707 677445
20230717 677445
20230718 674747
20230801 674747
20240201 678356
20240301 681142
20240401 675561
20240501 671559
20240601 667402
20240701 660643
20240801 655188
20240901 650047
20241001 648081
20241006 648081
20241111 645795
20241202 645795
20241203 645549
20250102 645549
20250103 633640
20250205 633640
20250206 631761
20250306 631761
20250307 632627
20250404 632627
20250405 636805
20250505 636805
20250506 641357
20250602 641357
20250603 647068
20250701 647068
20250702 651170
20250801 651170
20250802 657407
20250901 657407
20250902 663166
20251001 663166
20251002 667294
20251103 667294
20251104 668222
20251202 668222
20251203 670641
20260104 670641
20260105 670282
20260108 670282
20260109 670282
20260110 670282
