20230707 4146
20230709 4144
20230710 4144
20230711 4142
20230712 4139
20230713 4150
20230714 4150
20230715 4153
20230716 4150
20230717 4140
20230718 4129
20230719 4119
20230720 4118
20230721 4104
20230722 4078
20230723 3989
20230724 3966
20230725 3916
20230726 3840
20230727 3817
20230728 3802
20230729 3802
20230730 3804
20230731 3804
20230801 3812
20230802 3811
20230803 3809
20230804 3812
20230805 3810
20230806 3806
20230807 3806
20230808 3806
20230809 3807
20230810 3806
20230811 3813
20230812 3816
20230813 3817
20230815 3815
20230816 3815
20230817 3816
20230818 3814
20230819 3812
20230820 3811
20230821 3809
20230822 3806
20230823 3808
20230824 3808
20230825 3809
20230826 3812
20230827 3815
20230828 3815
20230829 3815
20230830 3813
20230831 3815
20230901 3818
20230902 3827
20230903 3826
20230904 3825
20230905 3826
20230906 3825
20230907 3824
20230908 3825
20230909 3825
20230910 3824
