20230707 4724
20230709 4720
20230710 4723
20230711 4720
20230712 4717
20230713 4722
20230714 4724
20230715 4726
20230716 4730
20230717 4729
20230718 4730
20230719 4730
20230720 4734
20230721 4739
20230722 4740
20230723 4741
20230724 4740
20230725 4738
20230726 4742
20230727 4740
20230728 4745
20230729 4743
20230730 4743
20230731 4744
20230801 4742
20230802 4741
20230803 4738
20230804 4739
20230805 4739
20230806 4752
20230807 4752
20230808 4757
20230809 4760
20230810 4771
20230811 4803
20230812 4801
20230813 4810
