20230707 11
20230709 11
20230711 11
20230712 11
20230715 11
20230716 11
20230717 11
20230718 11
20230719 11
20230720 11
20230721 11
20230722 11
20230723 11
20230724 11
20230725 11
20230726 11
20230727 11
20230728 11
20230729 11
20230730 11
20230731 11
20230801 11
20230802 11
20230803 11
20230804 11
20230805 11
20230806 11
20230807 11
20230808 11
20230809 11
20230810 11
20230812 11
20230813 11
20230815 11
20230816 11
20230817 11
20230818 11
20230819 11
20230820 11
20230821 11
20230822 11
20230823 11
20230824 11
20230825 11
20230826 11
20230827 11
20230828 11
20230829 11
20230830 11
20230831 11
20230901 11
20230902 11
20230903 11
20230904 11
20230905 11
20230906 11
20230907 11
20230908 11
20230909 11
20230910 11
20230911 11
20230912 11
20230913 11
20230914 11
20230915 11
20230916 11
20230917 11
20230918 11
20230919 11
20230920 11
20230921 11
20230922 11
20230923 11
20230924 11
20230925 11
20230926 11
20230927 11
20230928 11
20230929 11
20230930 11
20231001 11
20231002 11
20231003 11
20231005 11
20231007 11
20231008 11
20231009 11
20231010 11
20231011 11
20231012 11
20231013 11
20231014 11
20231015 11
20231016 11
20231017 11
20231018 11
20231019 11
20231020 11
20231021 11
20231022 11
20231023 11
20231024 11
20231025 11
20231026 11
20231027 11
20231028 11
20231029 11
20231030 11
20231031 11
20231101 11
20231102 11
20231103 11
20231104 11
20231105 11
20231106 11
20231107 11
20231108 11
20231109 11
20231110 11
20231111 11
20231112 11
20231113 11
20231114 11
20231115 11
20231116 11
20231117 11
20231118 11
20231120 11
20231121 11
20231122 11
20231123 11
20231124 11
20231125 11
20231126 11
20231127 11
20231128 11
20231129 11
20231130 11
20231201 11
20231202 11
20231203 11
20231204 11
20231205 11
20231206 11
20231207 11
20231208 11
20231209 11
20231210 11
20231211 11
20231212 11
20231213 11
20231214 11
20231215 11
20231216 11
20231217 11
20231218 11
20231219 11
20231220 11
20231221 11
20231222 11
20231223 11
20231224 11
20231225 11
20231226 11
20231227 11
20231230 11
20231231 11
20240101 11
20240102 11
20240103 11
20240104 11
20240105 11
20240106 11
20240107 11
20240108 11
20240109 11
20240110 11
20240111 11
20240112 11
20240113 11
20240114 11
20240115 11
20240116 11
20240117 11
20240118 11
20240119 11
20240120 11
20240121 11
20240122 11
20240124 11
20240125 11
20240126 11
20240127 11
20240128 11
20240129 11
20240130 11
20240131 11
20240201 11
20240202 11
20240203 11
20240204 11
20240205 11
20240206 11
20240207 11
20240208 11
20240209 11
20240210 11
20240211 11
20240212 11
20240213 11
