20230707 256839
20230709 256846
20230710 256811
20230711 256890
20230712 256955
20230713 257055
20230714 257106
20230715 257059
20230716 257027
20230717 257063
20230718 257216
20230719 257277
20230720 257289
20230721 257255
20230722 257262
20230723 257275
20230724 257252
20230725 257350
20230726 257467
20230727 257588
20230728 257647
20230729 257703
20230730 257738
20230731 257761
20230801 257922
20230802 258119
20230803 258186
20230804 258152
20230805 258309
20230806 258371
20230807 258427
20230808 258535
20230809 258678
20230810 258763
20230811 258859
20230812 259075
20230813 259350
20230815 259500
20230816 259626
20230817 259741
20230818 259824
20230819 259907
20230820 259899
20230821 259902
20230822 260001
20230823 260140
20230824 260201
20230825 260298
20230826 260348
20230827 260395
20230828 260409
20230829 260512
20230830 260608
20230831 260682
