20230707 14
20230709 14
20230710 14
20230711 14
20230712 14
20230714 14
20230715 14
20230716 14
20230717 14
20230718 14
20230719 14
20230720 14
20230721 14
20230722 14
20230723 14
20230724 14
20230725 14
20230726 14
20230727 14
20230728 14
20230729 14
20230730 14
20230731 14
20230801 14
20230802 14
20230803 14
20230804 14
20230805 14
20230806 14
20230807 14
20230808 14
20230809 14
20230810 14
20230811 14
20230812 14
20230813 14
20230815 14
20230816 14
20230817 14
20230818 14
20230819 14
20230820 14
20230821 14
20230822 14
20230823 14
20230824 14
20230825 14
20230826 14
20230827 14
20230828 14
20230829 14
20230830 14
20230831 14
20230901 14
20230902 14
20230903 14
20230904 14
20230905 14
20230906 14
20230907 14
20230908 14
20230909 14
20230910 14
20230911 14
20230912 14
20230913 14
20230914 14
20230915 14
20230916 14
20230917 14
20230918 14
20230919 14
20230920 13
20230921 13
20230922 13
20230923 13
20230924 13
20230925 13
20230926 13
20230927 13
20230928 13
20230929 13
