20230922 16706
20230924 16710
20230925 16716
20230926 16722
20230927 16720
20230928 16718
20230929 16712
20230930 16712
20231001 16694
20231002 16693
20231003 16692
20231005 16694
20231007 16657
20231008 16646
20231009 16646
20231010 16640
20231011 16641
20231012 16642
20231013 16644
20231014 16647
20231015 16649
20231016 16652
20231017 16652
20231018 16656
20231019 16656
20231020 16659
20231021 16655
20231022 16653
20231023 16648
20231024 16640
20231025 16640
20231026 16637
20231027 16631
20231028 16629
20231029 16631
20231030 16623
20231031 16623
20231101 16618
20231102 16618
20231103 16621
20231104 16625
20231105 16625
20231106 16625
20231107 16621
20231108 16621
20231109 16657
20231110 16657
20231111 16658
20231112 16658
20231113 16651
20231114 16647
20231115 16645
20231116 16642
20231117 16638
20231118 16638
20231120 16638
20231121 16637
20231122 16633
20231123 16632
20231124 16632
