20230707 2
20230709 2
20230710 2
20230711 2
20230712 2
20230714 2
20230715 2
20230716 2
20230717 2
20230718 2
20230719 2
20230720 2
20230721 2
20230722 2
20230723 2
20230724 2
20230725 2
20230726 2
20230727 2
20230728 2
20230729 2
20230730 2
20230731 2
20230801 2
20230802 2
20230803 2
20230804 2
20230805 2
20230806 2
20230807 2
20230808 2
20230809 2
20230810 2
20230811 2
20230812 2
20230813 2
20230815 2
20230816 2
20230817 2
20230818 2
20230819 2
20230820 2
20230821 2
20230822 2
20230823 2
20230824 2
20230825 2
20230826 2
20230827 2
20230828 2
20230829 2
20230830 2
20230831 2
20230901 2
20230902 2
20230903 2
20230904 2
20230905 2
20230906 2
20230907 2
20230908 2
20230909 2
20230910 2
20230911 2
20230912 2
20230913 2
20230914 2
20230915 2
20230916 2
20230917 2
20230918 2
