20230707 251191
20230709 253198
20230710 253173
20230711 253436
20230712 253602
20230713 253767
20230714 254395
20230715 254577
20230716 258392
20230717 258864
20230718 259180
20230719 259091
20230720 259306
20230721 259623
20230722 259659
20230723 259689
20230724 259847
20230725 260124
20230726 260223
20230727 260225
20230728 260411
20230729 260529
20230730 260607
20230731 260665
20230801 260785
20230802 259634
20230803 259996
20230804 260137
20230805 260291
20230806 260461
20230807 260521
20230808 260713
20230809 260939
20230810 261626
20230811 261772
20230812 261999
20230813 262268
20230815 262558
20230816 262952
20230817 263213
20230818 263958
20230819 264337
20230820 264952
20230821 266057
20230822 266461
20230823 266531
20230824 266745
20230825 267922
20230826 271026
20230827 270947
20230828 273205
20230829 275298
20230830 277546
20230831 277902
20230901 278577
20230902 278689
20230903 278790
20230904 279099
20230905 279709
20230906 280353
20230907 282469
20230908 282606
20230909 282866
20230910 282938
20230911 282855
20230912 282995
20230913 285173
20230914 285412
20230915 285484
