20230707 4362
20230709 4365
20230710 4368
20230711 4369
20230712 4369
20230713 4372
20230714 4375
20230715 4376
20230716 4373
20230717 4375
20230718 4372
20230719 4374
20230720 4370
20230721 4369
20230722 4369
20230723 4365
20230724 4369
20230725 4364
20230726 4354
20230727 4355
20230728 4356
20230729 4359
20230730 4353
20230731 4351
20230801 4350
20230802 4350
20230803 4350
20230804 4349
20230805 4350
20230806 4351
20230807 4351
20230808 4350
20230809 4350
20230810 4355
20230811 4357
20230812 4359
20230813 4360
20230815 4358
20230816 4358
20230817 4363
20230818 4368
20230819 4343
20230820 4310
20230821 4312
20230822 4343
20230823 4360
20230824 4360
20230825 4359
20230826 4362
20230827 4363
20230828 4364
20230829 4360
20230830 4358
20230831 4364
20230901 4364
20230902 4363
20230903 4358
20230904 4351
20230905 4354
20230906 4349
