20230707 1510645
20230710 1510083
20230711 1510256
20230712 1510372
20230713 1509730
20230714 1509842
20230715 1509893
20230716 1509847
20230717 1509903
20230718 1509849
20230719 1509969
20230720 1510076
20230721 1510093
20230722 1510157
20230723 1510058
20230724 1509998
20230725 1509998
20230726 1510160
20230727 1510122
20230728 1510182
20230729 1510194
20230730 1510295
20230731 1510004
20230801 1510136
20230802 1510245
20230803 1510406
20230804 1510504
20230805 1510504
20230806 1510504
20230807 1510628
20230808 1510420
20230809 1510446
20230811 1510668
20230812 1510943
20230813 1510746
20230815 1510795
20230815 1510795
