20230707 5427
20230709 5431
20230710 5433
20230711 5435
20230712 5435
20230713 5434
20230714 5433
20230715 5434
20230716 5434
20230717 5432
20230718 5429
20230719 5429
20230720 5430
20230721 5431
20230722 5428
20230723 5428
20230724 5419
20230725 5418
20230726 5420
20230727 5419
20230728 5419
20230729 5419
20230730 5419
20230731 5420
20230801 5424
20230802 5426
20230803 5424
20230804 5421
20230805 5420
20230806 5418
20230807 5419
20230808 5418
20230809 5418
20230810 5416
20230811 5415
20230812 5415
20230813 5416
20230815 5415
20230816 5416
20230817 5413
20230818 5419
20230819 5415
20230820 5418
