20230710 4242431
20230711 4242537
20230712 4241882
20230713 4242840
20230714 4243393
20230715 4243393
20230716 4243393
20230717 4243393
20230718 4243255
20230719 4246228
20230720 4247617
20230721 4247791
20230722 4245368
20230723 4245368
20230724 4245110
20230725 4246906
20230726 4247259
20230727 4246850
20230728 4250667
20230729 4250667
20230730 4250667
20230731 4249277
20230801 4250211
20230802 4250211
20230803 4250265
20230804 4251322
20230805 4251322
20230806 4251322
20230807 4251861
20230808 4252888
20230809 4253993
