20230707 4798
20230709 4797
20230710 4796
20230711 4797
20230712 4798
20230713 4801
20230714 4801
20230715 4800
20230716 4800
20230717 4799
20230718 4798
20230719 4797
20230720 4801
20230721 4797
20230722 4793
20230723 4793
20230724 4791
20230725 4791
20230726 4790
20230727 4794
20230728 4797
20230729 4798
20230730 4797
20230731 4796
20230801 4795
20230802 4795
20230803 4799
20230804 4799
20230805 4797
20230806 4798
20230807 4801
20230808 4801
20230809 4801
20230810 4801
20230811 4802
20230812 4801
20230813 4803
20230815 4803
20230816 4804
20230817 4800
20230818 4798
20230819 4797
20230820 4797
20230821 4797
20230822 4800
20230823 4800
20230824 4798
20230825 4799
20230826 4799
20230827 4800
20230828 4799
20230829 4800
20230830 4802
20230831 4802
20230901 4802
20230902 4805
20230903 4806
20230904 4804
20230905 4801
20230906 4803
20230907 4795
20230908 4796
20230909 4793
20230910 4796
20230911 4795
20230912 4793
20230913 4799
20230914 4800
20230915 4802
20230916 4801
20230917 4802
20230918 4799
20230919 4799
20230920 4799
20230921 4804
20230922 4805
20230923 4807
20230924 4806
20230925 4807
20230926 4805
20230927 4801
20230928 4803
20230929 4804
20230930 4802
20231001 4798
