20230707 1688
20230712 1688
20230713 1690
20230714 1690
20230715 1684
20230720 1684
20230721 1685
20230810 1685
20231210 1696
20231213 1696
20231214 1692
20231215 1690
20231219 1690
20231220 1692
20231227 1692
20231230 1693
20240122 1693
20240124 1696
20240130 1696
20240131 1699
20240205 1699
20240206 1700
20240227 1700
20240228 1701
20240624 1701
20240626 1701
20240627 1701
20240628 1701
20240629 1701
20240630 1701
20240701 1701
20240702 1701
20240703 1701
20240704 1701
20240705 1701
20240706 1701
20240707 1701
20240708 1701
20240709 1701
20240710 1701
20240711 1701
20240712 1701
20240713 1701
20240714 1701
20240715 1701
20240716 1701
20240717 1701
20240718 1701
20240719 1701
20240720 1701
20240721 1701
20240722 1701
20240723 1701
20240724 1701
20240725 1701
20240726 1701
20240727 1701
20240728 1701
20240729 1701
20240730 1701
20240731 1701
20240801 1701
20240802 1701
20240803 1701
20240804 1701
20240805 1701
20240806 1701
20240807 1701
20240808 1701
20240809 1701
20240810 1701
20240811 1701
20240812 1701
20240813 1701
20240814 1701
20240815 1701
20240816 1701
20240817 1701
