20230707 74
20230919 74
20230920 72
20230925 72
20230926 73
20231201 73
20231202 107
20231204 107
20231205 116
20231212 116
20231213 115
20240624 115
20240626 115
20240627 115
20240628 115
20240629 115
20240630 115
20240701 115
20240702 115
20240703 115
20240704 115
20240705 115
20240706 115
20240707 115
20240708 115
20240709 115
20240710 115
20240711 115
20240712 115
20240713 115
20240714 115
20240715 115
20240716 115
20240717 115
20240718 115
20240719 115
20240720 115
20240721 115
20240722 115
20240723 115
20240724 115
20240725 115
20240726 115
20240727 115
20240728 115
20240729 115
20240730 115
20240731 115
20240801 115
20240802 115
20240803 115
20240804 115
20240805 115
20240806 115
20240807 115
20240808 115
20240809 115
20240810 115
20240811 115
20240812 115
20240813 115
20240814 115
20240815 115
20240816 115
20240817 115
20240818 115
20240819 115
20240820 115
20240821 115
20240822 115
20240823 115
20240824 115
20240825 115
20240826 115
20240827 115
20240828 115
20240829 115
20240830 115
20240831 115
20240901 115
20240902 115
20240903 115
20240904 115
20240905 115
20240906 115
20240907 115
20240908 115
20240909 115
20240910 115
20240911 115
