20230707 503
20230709 503
20230710 503
20230711 503
20230712 503
20230713 504
20230714 504
20230715 504
20230716 504
20230717 504
20230718 504
20230719 505
20230720 505
20230721 504
20230722 503
20230723 503
20230724 503
20230725 503
20230726 504
20230727 504
20230728 503
20230729 501
20230730 501
20230731 501
20230801 500
20230802 500
20230803 499
20230804 500
20230805 501
20230806 501
20230807 502
20230808 501
20230809 500
20230810 500
20230811 500
20230812 500
20230813 500
20230815 500
20230816 499
20230817 499
20230818 500
20230819 501
20230820 501
20230821 501
20230822 501
20230823 501
20230824 502
20230825 502
20230826 502
20230827 502
20230828 502
20230829 502
20230830 501
20230831 501
20230901 502
20230902 501
20230903 501
20230904 501
20230905 501
20230906 501
20230907 500
20230908 501
20230909 502
20230910 501
20230911 501
20230912 501
20230913 501
20230914 502
20230915 503
20230916 503
20230917 503
20230918 504
20230919 504
20230920 504
20230921 505
20230922 505
20230923 505
20230924 505
20230925 505
20230926 505
20230927 505
20230928 506
20230929 506
20230930 506
20231001 506
20231002 506
20231003 506
20231005 506
20231007 506
20231008 506
20231009 507
20231010 507
20231011 507
20231012 507
20231013 508
20231014 508
20231015 508
20231016 507
20231017 507
20231018 506
20231019 500
20231020 500
20231021 500
20231022 500
20231023 500
20231024 500
20231025 500
20231026 501
20231027 501
20231028 501
20231029 502
20231030 502
20231031 502
20231101 502
20231102 502
20231103 502
20231104 504
20231105 503
20231106 504
20231107 504
20231108 504
20231109 506
20231110 504
20231111 504
20231112 504
20231113 504
20231114 504
20231115 504
20231116 504
20231117 504
20231118 504
20231120 504
20231121 504
20231122 504
20231123 504
20231124 504
20231125 504
20231126 504
20231127 503
20231128 503
20231129 502
20231130 501
20231201 501
20231202 501
20231203 500
20231204 500
20231205 500
20231206 501
20231207 501
20231208 501
20231209 502
20231210 502
20231211 502
20231212 502
20231213 502
20231214 493
20231215 494
20231216 492
20231217 492
20231218 492
20231219 492
20231220 491
20231221 491
20231222 490
20231223 488
20231224 488
20231225 488
20231226 487
20231227 487
20231230 486
20231231 485
20240101 485
20240102 485
20240103 488
20240104 487
20240105 488
20240106 493
20240107 495
20240108 499
20240109 488
20240110 489
20240111 489
20240112 490
20240113 492
20240114 492
20240115 493
20240116 495
20240117 495
20240118 495
20240119 495
20240120 495
20240121 495
20240122 495
20240124 496
20240125 496
20240126 496
20240127 496
20240128 496
20240129 497
20240130 497
20240131 493
20240201 494
20240202 494
20240203 494
20240204 494
20240205 494
20240206 495
20240207 495
20240208 495
20240209 496
20240210 497
20240211 496
20240212 496
20240213 496
20240214 496
20240215 497
20240216 497
20240217 498
20240218 498
20240219 498
20240220 498
20240221 498
20240222 498
20240223 496
20240224 496
20240225 496
20240226 496
20240227 495
20240228 495
20240229 495
20240301 494
20240302 494
20240303 494
20240304 494
20240305 495
20240306 495
20240307 495
20240308 495
20240309 495
20240310 495
