20230707 32760
20230709 33012
20230710 33929
20230711 33634
20230712 34135
20230713 34193
20230714 34302
20230715 34339
20230716 34355
20230717 34340
20230718 34456
20230719 34365
20230720 34457
20230721 34501
20230722 34506
20230723 34493
20230724 34482
20230725 34511
20230726 34550
20230727 34577
20230728 34684
20230729 34736
20230730 34821
20230731 34833
20230801 34909
20230802 35089
20230803 35157
20230804 34746
20230805 34787
20230806 34798
20230807 34864
20230808 34917
20230809 34978
20230810 35067
20230811 35167
20230812 35202
20230813 35230
20230815 35322
20230816 35118
20230817 35200
20230818 35068
20230819 35401
20230820 35494
20230821 35687
20230822 35743
20230823 35808
20230824 35922
20230825 36025
20230826 36063
20230827 36104
20230828 36126
20230829 36167
20230830 36172
