20230922 783
20230924 783
20230925 784
20231012 784
20231013 786
20231014 786
20231015 788
20231023 788
20231024 789
20231025 789
20231026 788
20231028 788
20231029 789
20231030 789
20231031 790
20231102 790
20231103 791
20231106 791
20231107 792
20231113 792
20231114 793
20231116 793
20231117 792
20231118 792
20231120 793
20231123 793
20231124 794
20231125 794
20231126 793
20231127 794
20231202 794
20231203 792
20231208 792
20231209 791
20231216 791
20231217 787
20231224 787
20231225 788
20231231 788
20240101 787
20240115 787
20240116 788
20240118 788
20240119 802
20240120 788
20240201 788
20240202 789
20240204 789
20240205 790
20240207 790
20240208 791
20240209 792
20240210 793
20240225 793
20240226 794
20240307 794
20240308 795
20240330 795
20240331 796
20240408 796
20240409 798
20240412 798
20240413 799
20240415 800
20240417 800
20240418 796
20240420 796
20240421 798
20240427 798
20240428 799
20240429 800
20240503 800
20240504 801
20240508 801
20240509 802
20240510 803
20240528 803
20240529 804
20240606 804
20240609 805
20240611 806
20240612 806
20240613 804
20240614 804
20240615 805
20240616 807
20240617 807
20240618 808
20240626 808
20240627 809
20240701 809
20240702 810
20240710 810
20240711 809
20240719 809
20240720 808
20240813 808
20240814 809
20240818 809
20240819 810
20240829 810
20240830 813
20240906 813
20240907 814
20240913 814
20240914 816
20240922 816
20240925 818
20241004 818
20241005 819
20241007 819
20241008 820
20241009 820
20241010 821
20241020 821
20241021 822
20241024 822
20241025 824
20241103 824
20241104 825
20241108 825
20241109 824
20241121 824
20241122 822
20241123 819
20241205 819
20241206 813
20241212 813
20241213 814
20241218 814
20241219 815
20241220 816
20241221 817
20241226 817
20241227 818
20250112 818
20250113 819
20250115 819
20250116 816
20250117 815
20250118 816
20250119 814
20250120 815
20250125 815
20250126 817
20250201 817
20250202 815
20250208 815
20250210 817
20250214 817
20250215 819
20250219 819
20250220 822
20250223 822
20250224 823
20250226 823
20250227 820
20250228 820
20250301 821
20250302 820
20250306 820
20250307 817
20250308 818
20250313 818
20250314 819
20250316 819
20250317 820
20250318 821
20250322 821
20250323 816
20250324 816
20250326 817
20250327 819
20250404 819
20250405 820
20250406 820
20250407 822
20250410 822
20250411 823
20250424 823
20250425 819
20250426 819
20250427 820
20250501 820
20250502 819
20250510 819
20250511 820
20250522 820
20250523 821
20250529 821
20250530 822
20250609 822
20250610 823
20250620 823
20250621 822
20250623 822
20250624 823
20250625 823
20250626 819
20250627 818
20250702 818
20250703 819
20250710 819
20250711 821
20250712 821
20250713 822
20250714 823
20250718 823
20250719 822
20250720 822
20250722 823
20250808 823
20250810 822
20250815 822
20250816 823
20250824 823
20250825 820
20250828 820
20250829 821
20250906 821
20250907 823
20250912 823
20250913 824
20250926 824
20250927 826
20250928 823
20251002 823
20251003 821
20251004 820
20251005 820
20251006 821
20251009 821
20251010 822
20251011 823
20251012 823
20251013 814
20251025 814
20251026 817
20251107 817
20251108 818
20251109 818
20251110 819
20251112 819
20251113 817
20251128 817
20251129 816
20251130 817
20251203 817
20251204 818
20251206 816
20251217 816
20260103 817
20260104 817
20260105 818
20260108 818
20260109 819
20260116 819
20260117 816
20260118 814
20260119 812
20260120 813
20260123 813
20260124 812
20260125 813
20260126 814
20260128 814
20260130 812
20260131 814
20260201 814
20260202 815
20260206 815
20260208 805
20260211 805
20260212 806
20260224 806
