20230707 120
20230919 120
20230920 118
20230927 118
20230928 119
20231014 119
20231015 120
20240508 120
20240509 124
20240624 124
20240626 124
20240627 124
20240628 124
20240629 124
20240630 124
20240701 124
20240702 124
20240703 124
20240704 124
20240705 124
20240706 124
20240707 124
20240708 124
20240709 124
20240710 124
20240711 124
20240712 124
20240713 124
20240714 124
20240715 124
20240716 124
20240717 124
20240718 124
20240719 124
20240720 124
20240721 124
20240722 124
20240723 124
20240724 124
20240725 124
20240726 124
20240727 124
20240728 124
20240729 124
20240730 124
20240731 124
20240801 124
20240802 124
20240803 124
20240804 124
20240805 124
20240806 124
20240807 124
20240808 124
20240809 124
20240810 124
20240811 124
20240812 124
20240813 124
20240814 124
20240815 124
20240816 124
20240817 124
20240818 124
20240819 124
20240820 124
20240821 124
20240822 124
20240823 124
20240824 124
20240825 124
20240826 124
20240827 124
20240828 124
20240829 124
20240830 124
20240831 124
20240901 124
20240902 124
20240903 124
20240904 124
20240905 124
20240906 124
20240907 124
