20230708 4205
20230709 4205
20230710 4207
20230711 4205
20230709 4205
20230712 4206
20230709 4205
20230713 4211
20230715 4211
20230716 4210
20230715 4211
20230717 4209
20230718 4209
20230719 4213
20230723 4213
20230724 4210
20230723 4213
20230725 4212
20230723 4213
20230726 4210
20230723 4213
20230727 4212
20230728 4213
20230730 4213
20230731 4212
20230730 4213
20230801 4211
20230802 4213
20230730 4213
20230803 4215
20230804 4215
20230805 4221
20230804 4215
20230806 4219
20230804 4215
20230807 4218
20230804 4215
20230808 4220
20230804 4215
20230809 4218
20230804 4215
20230810 4216
20230811 4216
20230812 4217
20230813 4216
20230814 4216
20230815 4218
20230814 4216
20230816 4213
20230814 4216
20230817 4214
20230818 4216
20230814 4216
20230819 4217
20230820 4217
20230821 4218
20230820 4217
20230822 4222
20230820 4217
20230823 4223
20230820 4217
20230824 4224
20230820 4217
20230825 4225
20230826 4225
20230827 4226
20230828 4226
20230829 4225
20230828 4226
20230830 4227
20230828 4226
20230831 4228
20230828 4226
20230901 4227
20230828 4226
20230902 4229
20230903 4226
20230904 4226
20230905 4233
20230904 4226
20230906 4217
20230904 4226
20230907 4218
20230904 4226
20230908 4214
20230904 4226
20230909 4219
20230904 4226
20230910 4220
20230904 4226
20230911 4221
20230904 4226
20230912 4224
20230904 4226
20230913 4225
20230904 4226
20230914 4228
20230915 4228
20230916 4229
20230915 4228
20230917 4226
20230915 4228
20230918 4225
20230915 4228
20230919 4222
20230915 4228
20230920 4221
20230915 4228
20230922 4215
20230915 4228
20230923 4214
20230915 4228
20230924 4215
20230925 4215
20230927 4212
20230925 4215
20230928 4214
20230925 4215
20230929 4216
20230925 4215
20230930 4217
20230925 4215
20231002 4216
20230925 4215
20231003 4217
20231005 4217
20231007 4218
20231008 4217
20231005 4217
20231009 4210
20231005 4217
20231010 4216
20231005 4217
20231011 4221
20231012 4221
20231013 4220
20231014 4221
20231012 4221
20231015 4220
20231012 4221
20231016 4218
20231012 4221
20231017 4226
20231012 4221
20231018 4238
20231012 4221
20231019 4237
20231012 4221
20231020 4239
20231012 4221
20231021 4233
20231012 4221
20231022 4230
20231012 4221
20231023 4228
20231012 4221
20231024 4237
20231012 4221
20231025 4240
20231012 4221
20231026 4241
20231012 4221
20231027 4237
20231012 4221
20231028 4229
20231012 4221
20231029 4231
20231012 4221
20231030 4230
20231012 4221
20231031 4231
20231101 4231
20231102 4235
20231101 4231
20231103 4234
20231101 4231
20231104 4238
20231101 4231
20231105 4236
20231101 4231
20231106 4232
20231101 4231
20231107 4233
20231101 4231
20231108 4232
20231101 4231
20231109 4254
20231101 4231
20231110 4258
20231101 4231
20231111 4277
20231101 4231
20231112 4275
20231101 4231
20231113 4273
20231101 4231
20231114 4272
20231101 4231
20231115 4267
20231101 4231
20231116 4262
20231101 4231
20231117 4263
20231101 4231
20231118 4261
20231101 4231
20231120 4250
20231101 4231
20231121 4246
20231101 4231
20231122 4247
20231101 4231
20231123 4241
20231101 4231
20231124 4230
20231101 4231
20231125 4229
20231101 4231
20231126 4221
20231101 4231
20231127 4222
20231101 4231
20231128 4224
20231101 4231
20231129 4223
20231101 4231
20231130 4224
20231201 4224
20231202 4222
20231201 4224
20231203 4223
20231201 4224
20231204 4222
20231201 4224
20231205 4225
20231201 4224
20231206 4229
20231201 4224
20231207 4230
20231201 4224
20231208 4236
20231201 4224
20231209 4235
20231201 4224
20231210 4237
20231201 4224
20231211 4234
20231201 4224
20231212 4237
20231213 4237
20231214 4239
20231213 4237
20231215 4238
20231213 4237
20231216 4239
20231213 4237
20231217 4241
20231213 4237
20231218 4240
20231213 4237
20231219 4242
20231213 4237
20231220 4241
20231221 4241
20231222 4243
20231223 4241
20231221 4241
20231224 4243
20231221 4241
20231225 4245
20231221 4241
20231226 4244
20231230 4244
20231231 4241
20231230 4244
20240101 4240
20231230 4244
20240102 4238
20231230 4244
20240103 4237
20231230 4244
20240104 4236
20231230 4244
20240105 4235
20231230 4244
20240106 4233
20231230 4244
20240107 4236
20240109 4236
20240110 4233
20240109 4236
20240111 4232
20240109 4236
20240112 4234
20240113 4234
20240114 4232
20240113 4234
20240115 4230
20240113 4234
20240116 4229
20240117 4229
20240118 4225
20240119 4229
20240117 4229
20240120 4230
20240117 4229
20240121 4232
20240122 4232
20240124 4234
20240122 4232
20240125 4235
20240122 4232
20240126 4242
20240122 4232
20240127 4245
20240128 4245
20240129 4247
20240128 4245
20240130 4250
20240201 4250
20240202 4249
20240201 4250
20240203 4248
20240204 4248
20240205 4246
20240204 4248
20240206 4247
20240209 4247
20240210 4248
20240211 4247
20240209 4247
20240212 4246
20240213 4246
20240214 4249
20240213 4246
20240215 4244
20240217 4244
20240218 4248
20240219 4248
20240220 4249
20240221 4248
20240219 4248
20240222 4249
20240219 4248
20240223 4257
20240219 4248
20240224 4255
20240219 4248
20240225 4249
20240219 4248
20240226 4244
20240219 4248
20240227 4247
20240219 4248
20240228 4246
20240219 4248
20240229 4251
20240219 4248
20240301 4250
20240219 4248
20240302 4251
20240219 4248
20240303 4249
20240219 4248
20240304 4251
20240305 4248
20240219 4248
20240306 4250
20240219 4248
20240307 4245
20240219 4248
20240308 4247
20240309 4248
20240219 4248
20240310 4245
20240219 4248
20240311 4237
20240219 4248
20240312 4242
20240219 4248
20240313 4243
20240219 4248
20240314 4245
20240219 4248
20240315 4244
20240316 4244
20240317 4243
20240316 4244
20240318 4242
20240319 4242
20240320 4246
20240319 4242
20240321 4243
20240319 4242
20240322 4241
20240323 4242
20240324 4242
20240325 4241
20240324 4242
20240326 4250
20240324 4242
20240327 4252
20240324 4242
20240328 4258
20240324 4242
20240329 4257
20240324 4242
20240330 4255
20240331 4255
20240401 4254
20240402 4255
20240331 4255
20240403 4258
20240331 4255
20240404 4253
20240331 4255
20240405 4256
20240406 4256
20240407 4252
20240406 4256
20240408 4250
20240406 4256
20240409 4255
20240410 4256
20240406 4256
20240411 4252
20240406 4256
20240412 4251
20240406 4256
20240413 4249
20240406 4256
20240415 4246
20240406 4256
20240416 4247
20240406 4256
20240417 4248
20240418 4248
20240419 4250
20240418 4248
20240420 4251
20240418 4248
20240421 4247
20240422 4247
20240423 4253
20240422 4247
20240424 4255
20240422 4247
20240425 4256
20240422 4247
20240426 4258
20240427 4258
20240428 4260
20240427 4258
20240429 4256
20240427 4258
20240430 4257
20240427 4258
20240501 4256
20240427 4258
20240503 4254
20240427 4258
20240504 4256
20240427 4258
20240505 4255
20240427 4258
20240506 4250
20240427 4258
20240507 4259
20240427 4258
20240508 4261
20240509 4258
20240427 4258
20240510 4259
20240427 4258
20240511 4261
20240512 4258
20240427 4258
20240513 4259
20240514 4258
20240427 4258
20240515 4259
20240427 4258
20240516 4256
20240427 4258
20240517 4257
20240518 4257
20240519 4258
20240518 4257
20240520 4256
20240518 4257
20240521 4260
20240518 4257
20240522 4262
20240518 4257
20240523 4266
20240518 4257
20240524 4268
20240518 4257
20240525 4273
20240518 4257
20240526 4269
20240527 4269
20240528 4273
20240527 4269
20240529 4279
20240527 4269
20240530 4277
20240531 4277
20240601 4276
20240531 4277
20240602 4275
20240531 4277
20240603 4274
20240531 4277
20240604 4278
20240531 4277
20240605 4279
20240531 4277
20240606 4280
20240531 4277
20240609 4276
20240531 4277
20240611 4281
20240612 4281
20240613 4284
20240612 4281
20240614 4283
20240617 4283
20240618 4315
20240617 4283
20240620 4317
20240617 4283
20240621 4318
20240623 4318
20240624 4315
20240623 4318
20240626 4322
20240623 4318
20240627 4319
20240629 4319
20240630 4322
20240629 4319
20240701 4320
20240629 4319
20240702 4318
20240629 4319
20240703 4315
20240629 4319
20240704 4318
20240629 4319
20240705 4316
20240629 4319
20240706 4317
20240629 4319
20240707 4318
20240629 4319
20240708 4317
20240629 4319
20240709 4318
20240629 4319
20240710 4320
20240629 4319
20240711 4322
20240629 4319
20240712 4323
20240629 4319
20240713 4321
20240715 4321
20240716 4320
20240717 4320
20240718 4322
20240717 4320
20240719 4321
20240717 4320
20240720 4323
20240721 4320
20240717 4320
20240722 4322
20240724 4322
20240725 4324
20240724 4322
20240726 4323
20240727 4323
20240728 4322
20240729 4322
20240730 4321
20240731 4322
20240801 4322
20240802 4321
20240803 4321
20240804 4322
20240803 4321
20240805 4319
20240803 4321
20240806 4322
20240803 4321
20240806 4323
20240803 4321
20240807 4324
20240803 4321
20240808 4322
20240803 4321
20240809 4324
20240811 4324
20240812 4323
20240813 4324
20240811 4324
20240814 4325
20240811 4324
20240815 4326
20240811 4324
20240816 4320
20240817 4324
20240811 4324
20240818 4323
20240811 4324
20240819 4322
20240811 4324
20240820 4325
20240821 4324
20240822 4324
20240823 4323
20240822 4324
20240824 4326
20240822 4324
20240825 4322
20240822 4324
20240826 4323
20240827 4323
20240828 4320
20240827 4323
20240829 4321
20240830 4321
20240831 4323
20240901 4323
20240902 4324
20240903 4324
20240904 4323
20240903 4324
20240905 4325
20240903 4324
20240906 4317
20240903 4324
20240907 4318
20240903 4324
20240908 4315
20240903 4324
20240909 4314
20240903 4324
20240910 4317
20240903 4324
20240911 4323
20240903 4324
20240912 4322
20240903 4324
20240913 4325
20240903 4324
20240914 4323
20240903 4324
20240915 4322
20240903 4324
20240916 4323
20240903 4324
20240917 4328
20240918 4328
20240919 4331
20240918 4328
20240920 4333
20240918 4328
20240921 4330
20240922 4330
20240922 4333
20240922 4330
20240925 4328
20240922 4330
20240926 4335
20240927 4335
20240928 4336
20240928 4336
