20230707 41
20230709 41
20230710 41
20230711 41
20230712 41
20230714 41
20230715 41
20230716 41
20230717 41
20230718 41
20230719 41
20230720 41
20230721 41
20230722 41
20230723 41
20230724 41
20230725 41
20230726 41
20230727 41
20230728 41
20230729 41
20230730 41
20230731 41
20230801 41
20230802 41
20230803 41
20230804 41
20230805 41
20230806 41
20230807 41
20230808 41
20230809 41
20230810 41
20230811 41
20230812 41
20230813 41
20230815 41
20230816 41
20230817 41
20230818 41
20230819 41
20230820 41
20230821 41
20230822 41
20230823 41
20230824 41
20230825 41
20230826 41
20230827 41
20230828 41
20230829 41
20230830 41
20230831 41
20230901 41
20230902 41
20230903 41
20230904 41
20230905 41
20230906 41
20230907 41
20230908 41
20230909 41
20230910 41
20230911 41
20230912 41
20230913 41
20230914 41
20230915 41
20230916 41
20230917 41
20230918 41
20230919 41
20230920 39
20230921 39
20230922 39
20230923 39
20230924 39
20230925 39
20230926 39
20230927 39
20230928 39
20230929 39
20230930 39
20231001 39
20231002 39
20231003 41
20231005 41
20231007 41
20231008 41
20231009 41
20231010 41
20231011 41
20231012 41
20231013 41
20231014 41
20231015 41
20231016 41
20231017 41
20231018 41
20231019 41
20231020 41
20231021 41
20231022 41
20231023 41
20231024 41
20231025 41
20231026 41
20231027 41
20231028 41
20231029 41
20231030 41
20231031 41
20231101 41
20231102 41
20231103 41
20231104 41
20231105 41
20231106 41
20231107 41
20231108 41
20231109 41
20231110 41
