20230707 41900
20230710 41874
20230711 41893
20230712 41913
20230713 41921
20230714 41939
20230715 41949
20230716 41938
20230717 41945
20230718 41971
20230719 41982
20230720 41987
20230721 41992
20230722 41980
20230723 41960
20230724 41956
20230725 41962
20230726 41991
20230727 42011
20230728 42037
20230729 42053
20230730 42049
20230731 42039
20230801 42051
20230802 42068
20230803 42104
20230804 42110
20230805 42126
20230806 42113
20230807 42107
20230808 42124
20230809 42133
20230810 42152
20230811 42164
20230812 42192
20230813 42176
20230815 42223
20230815 42232
20230816 42233
20230817 42276
20230818 42310
20230819 42318
20230820 42310
20230821 42308
20230822 42309
20230823 42326
20230824 42351
20230825 42356
20230826 42373
20230827 42387
20230828 42384
20230829 42413
20230830 42427
20230831 42446
20230901 42466
20230902 42456
20230903 42457
