20230707 84
20230919 84
20230920 83
20231031 83
20231101 84
20240220 84
20240221 83
20240605 83
20240606 91
20240624 91
20240626 91
20240627 91
20240628 91
20240629 91
20240630 91
20240701 91
20240702 91
20240703 91
20240704 91
20240705 91
20240706 91
20240707 91
20240708 91
20240709 91
20240710 91
20240711 91
20240712 91
20240713 91
20240714 91
20240715 91
20240716 91
20240717 91
20240718 91
20240719 91
20240720 91
20240721 91
20240722 91
20240723 91
20240724 91
20240725 91
20240726 91
20240727 91
20240728 91
20240729 91
20240730 91
20240731 91
20240801 91
20240802 91
20240803 91
20240804 91
20240805 91
20240806 91
20240807 91
20240808 91
20240809 91
20240810 91
20240811 91
20240812 91
20240813 91
20240814 91
20240815 91
20240816 91
20240817 91
20240818 91
20240819 91
20240820 91
20240821 91
20240822 91
20240823 91
20240824 91
20240825 91
20240826 91
20240827 91
20240828 91
20240829 91
20240830 91
20240831 91
20240901 91
20240902 91
20240903 91
20240904 91
20240905 91
