20230707 28119
20230710 28108
20230711 28114
20230714 28145
20230715 28142
20230716 28143
20230717 28151
20230718 28166
20230719 28164
20230720 28169
20230721 28179
20230722 28179
20230723 28171
20230724 28165
20230725 28157
20230726 28159
20230727 28157
20230728 28155
20230729 28166
20230730 28160
20230731 28158
20230801 28167
20230802 28179
20230803 28185
20230804 28200
20230805 28204
20230806 28201
20230807 28200
20230808 28204
20230809 28198
20230810 28197
20230811 28212
20230812 28212
20230813 28202
20230815 28199
20230816 28200
20230817 28211
20230818 28218
20230819 28222
20230820 28225
20230821 28226
