20230707 18363
20230709 18358
20230710 18351
20230711 18351
20230712 18350
20230711 18351
20230713 18357
20230711 18351
20230714 18358
20230711 18351
20230715 18367
20230711 18351
20230716 18360
20230711 18351
20230717 18353
20230711 18351
20230718 18349
20230711 18351
20230719 18352
20230711 18351
20230720 18345
20230711 18351
20230721 18346
20230711 18351
20230722 18357
20230711 18351
20230723 18348
20230711 18351
20230724 18352
20230711 18351
20230725 18355
20230711 18351
20230726 18353
20230711 18351
20230727 18352
20230711 18351
20230728 18356
20230711 18351
20230729 18352
20230730 18351
20230711 18351
20230731 18349
20230711 18351
20230801 18354
20230711 18351
20230802 18369
20230711 18351
20230803 18361
20230711 18351
20230804 18377
20230711 18351
20230805 18390
20230711 18351
20230806 18401
20230711 18351
20230807 18394
20230711 18351
20230808 18392
20230711 18351
20230809 18389
20230711 18351
20230810 18388
20230811 18388
20230812 18385
20230811 18388
20230813 18391
20230811 18388
20230815 18399
20230811 18388
20230816 18409
20230811 18388
20230817 18401
20230811 18388
20230818 18406
20230811 18388
20230819 18411
20230811 18388
20230820 18400
20230811 18388
20230821 18406
20230811 18388
20230822 18401
20230811 18388
20230823 18399
20230811 18388
20230824 18411
20230811 18388
20230825 18412
20230811 18388
20230826 18426
20230811 18388
20230827 18417
20230811 18388
20230828 18430
20230811 18388
20230829 18436
20230811 18388
20230830 18437
20230811 18388
20230831 18441
20230811 18388
20230901 18444
20230811 18388
20230902 18442
20230811 18388
20230903 18452
20230811 18388
20230904 18450
20230811 18388
20230905 18472
20230811 18388
20230906 18488
20230811 18388
20230907 18497
20230811 18388
20230908 18500
20230811 18388
20230909 18505
20230811 18388
20230910 18500
20230811 18388
20230911 18502
20230811 18388
20230912 18504
20230811 18388
20230913 18500
20230811 18388
20230914 18511
20230811 18388
20230915 18520
20230811 18388
20230916 18512
20230811 18388
20230917 18507
20230811 18388
20230918 18513
20230811 18388
20230919 18505
20230811 18388
20230920 16584
20230811 18388
20230921 16599
20230811 18388
20230922 16607
20230923 16607
20230924 16603
20230923 16607
20230925 16604
20230923 16607
20230926 16610
20230923 16607
20230927 16614
20230923 16607
20230928 16609
20230923 16607
20230929 16610
20230923 16607
20230930 16604
20230923 16607
20231001 16606
20230923 16607
20231002 16605
20230923 16607
20231003 16614
20230923 16607
20231005 16619
20230923 16607
20231007 16620
20231009 16620
20231010 16613
20231009 16620
20231011 16608
20231009 16620
20231012 16611
20231009 16620
20231013 16614
20231009 16620
20231014 16612
20231009 16620
20231015 16616
20231009 16620
20231016 16617
20231009 16620
20231017 16623
20231009 16620
20231018 16621
20231019 16621
20231020 16628
20231019 16621
20231021 16626
20231019 16621
20231022 16632
20231019 16621
20231023 16644
20231019 16621
20231024 16655
20231019 16621
20231025 16657
20231019 16621
20231026 16661
20231019 16621
20231027 16665
20231019 16621
20231028 16662
20231019 16621
20231029 16666
20231019 16621
20231030 16667
20231019 16621
20231031 16660
20231019 16621
20231101 16657
20231019 16621
20231102 16655
20231019 16621
20231103 16653
20231019 16621
20231104 16654
20231019 16621
20231105 16659
20231019 16621
20231106 16664
20231019 16621
20231107 16659
20231019 16621
20231108 16667
20231019 16621
20231109 16663
20231110 16663
20231111 16666
20231110 16663
20231112 16667
20231110 16663
20231113 16668
20231110 16663
20231114 16674
20231110 16663
20231115 16680
20231110 16663
20231116 16684
20231110 16663
20231117 16733
20231118 16733
20231120 16734
20231121 16734
20231122 16729
20231121 16734
20231123 16732
20231121 16734
20231124 16739
20231121 16734
20231125 16745
20231121 16734
20231126 16744
20231121 16734
20231127 16745
20231121 16734
20231128 16751
20231121 16734
20231129 16746
20231130 16746
20231201 16760
20231130 16746
20231202 16756
20231130 16746
20231203 16749
20231130 16746
20231204 16740
20231130 16746
20231205 16747
20231130 16746
20231206 16750
20231130 16746
20231207 16754
20231130 16746
20231208 16759
20231130 16746
20231209 16753
20231130 16746
20231210 16766
20231211 16766
20231212 16773
20231211 16766
20231213 16790
20231211 16766
20231214 16795
20231211 16766
20231215 16788
20231211 16766
20231216 16790
20231211 16766
20231217 16788
20231211 16766
20231218 16793
20231211 16766
20231219 16795
20231220 16795
20231221 16792
20231220 16795
20231222 16821
20231220 16795
20231223 16822
20231220 16795
20231224 16821
20231220 16795
20231225 16830
20231220 16795
20231226 16827
20231220 16795
20231227 16823
20231220 16795
20231230 16829
20231220 16795
20231231 16836
20231220 16795
20240101 16831
20231220 16795
20240102 16825
20231220 16795
20240103 16833
20231220 16795
20240104 16823
20231220 16795
20240105 16824
20240106 16824
20240107 16830
20240106 16824
20240108 16836
20240106 16824
20240109 16840
20240106 16824
20240110 16845
20240111 16845
20240112 16851
20240111 16845
20240113 16847
20240111 16845
20240114 16848
20240111 16845
20240115 16849
20240111 16845
20240116 16853
20240111 16845
20240117 16855
20240111 16845
20240118 16847
20240119 16845
20240111 16845
20240120 16849
20240111 16845
20240121 16857
20240111 16845
20240122 16860
20240111 16845
20240124 16863
20240111 16845
20240125 16872
20240111 16845
20240126 16883
20240111 16845
20240127 16889
20240111 16845
20240128 16895
20240111 16845
20240129 16887
20240111 16845
20240130 16902
20240111 16845
20240131 16906
20240111 16845
20240201 16917
20240111 16845
20240202 16921
20240111 16845
20240203 16920
20240111 16845
20240204 16928
20240111 16845
20240205 16932
20240111 16845
20240206 16948
20240111 16845
20240207 16960
20240111 16845
20240208 16974
20240111 16845
20240209 16979
20240210 16979
20240211 16982
20240210 16979
20240212 16983
20240213 16983
20240214 16998
20240213 16983
20240215 17009
20240213 16983
20240216 17000
20240213 16983
20240217 17007
20240213 16983
20240218 17013
20240213 16983
20240219 17015
20240213 16983
20240220 17022
20240213 16983
20240221 17025
20240222 17025
20240223 17026
20240222 17025
20240224 17023
20240222 17025
20240225 17030
20240222 17025
20240226 17047
20240222 17025
20240227 17050
20240222 17025
20240228 17051
20240222 17025
20240229 17056
20240222 17025
20240301 17065
20240222 17025
20240302 17069
20240222 17025
20240303 17079
20240222 17025
20240304 17090
20240222 17025
20240305 17092
20240222 17025
20240306 17098
20240308 17098
20240309 17109
20240308 17098
20240310 17108
20240308 17098
20240311 17104
20240308 17098
20240312 17109
20240308 17098
20240313 17114
20240308 17098
20240314 17118
20240308 17098
20240315 17132
20240308 17098
20240316 17137
20240308 17098
20240317 17139
20240308 17098
20240318 17127
20240308 17098
20240319 17118
20240308 17098
20240320 17130
20240308 17098
20240321 17128
20240308 17098
20240322 17138
20240308 17098
20240323 17141
20240308 17098
20240324 17143
20240308 17098
20240325 17148
20240308 17098
20240326 17150
20240308 17098
20240327 17158
20240308 17098
20240328 17145
20240308 17098
20240329 17141
20240308 17098
20240330 17142
20240308 17098
20240331 17151
20240308 17098
20240401 17148
20240308 17098
20240402 17151
20240308 17098
20240403 17152
20240308 17098
20240404 17158
20240308 17098
20240405 17155
20240308 17098
20240406 17162
20240308 17098
20240407 17165
20240308 17098
20240408 17149
20240308 17098
20240409 17164
20240308 17098
20240410 17169
20240308 17098
20240411 17171
20240308 17098
20240412 17179
20240308 17098
20240413 17186
20240308 17098
20240415 17178
20240308 17098
20240416 17183
20240308 17098
20240417 17158
20240308 17098
20240418 17161
20240308 17098
20240419 17142
20240308 17098
20240420 17148
20240308 17098
20240421 17125
20240308 17098
20240422 17105
20240308 17098
20240423 17102
20240308 17098
20240424 17099
20240308 17098
20240425 17101
20240308 17098
20240426 17114
20240308 17098
20240427 17109
20240428 17109
20240429 17106
20240428 17109
20240430 17110
20240428 17109
20240501 17112
20240428 17109
20240503 17123
20240428 17109
20240504 17116
20240428 17109
20240505 17119
20240428 17109
20240506 17124
20240428 17109
20240507 17127
20240508 17127
20240509 17126
20240510 17126
20240511 17124
20240510 17126
20240512 17125
20240510 17126
20240513 17117
20240510 17126
20240514 17125
20240510 17126
20240515 17137
20240510 17126
20240516 17138
20240510 17126
20240517 17137
20240510 17126
20240518 17135
20240510 17126
20240519 17131
20240510 17126
20240520 17135
20240510 17126
20240521 17120
20240510 17126
20240522 17113
20240510 17126
20240523 17122
20240510 17126
20240524 17137
20240510 17126
20240525 17142
20240510 17126
20240526 17153
20240510 17126
20240527 17149
20240510 17126
20240528 17144
20240510 17126
20240529 17157
20240510 17126
20240530 17161
20240510 17126
20240531 17162
20240510 17126
20240601 17159
20240510 17126
20240602 17160
20240510 17126
20240603 17165
20240510 17126
20240604 17174
20240510 17126
20240605 17194
20240510 17126
20240606 17192
20240510 17126
20240609 17209
20240510 17126
20240611 17204
20240612 17204
20240613 17205
20240612 17204
20240614 17214
20240612 17204
20240615 17212
20240612 17204
20240616 17202
20240612 17204
20240617 17207
20240618 17207
20240620 17211
20240618 17207
20240621 17219
20240618 17207
20240622 17228
20240618 17207
20240623 17227
20240618 17207
20240624 17234
20240618 17207
20240626 17266
20240618 17207
20240627 17273
20240618 17207
20240628 17275
20240618 17207
20240629 17280
20240618 17207
20240630 17269
20240618 17207
20240701 17266
20240618 17207
20240702 17274
20240618 17207
20240703 17278
20240618 17207
20240704 17283
20240618 17207
20240705 17281
20240618 17207
20240706 17284
20240618 17207
20240707 17280
20240618 17207
20240708 17279
20240618 17207
20240709 17283
20240618 17207
20240710 17291
20240618 17207
20240711 17295
20240618 17207
20240712 17291
20240618 17207
20240713 17293
20240618 17207
20240714 17287
20240716 17287
20240717 17301
20240716 17287
20240718 17299
20240719 17299
20240720 17289
20240719 17299
20240721 17288
20240719 17299
20240722 17295
20240719 17299
20240723 17291
20240724 17291
20240725 17299
20240724 17291
20240726 17310
20240724 17291
20240727 17299
20240724 17291
20240728 17289
20240724 17291
20240729 17287
20240724 17291
20240730 17289
20240724 17291
20240731 17293
20240801 17293
20240802 17292
20240801 17293
20240803 17295
20240801 17293
20240804 17302
20240805 17293
20240801 17293
20240806 17299
20240801 17293
20240807 17305
20240801 17293
20240808 17302
20240801 17293
20240809 17303
20240801 17293
20240810 17294
20240801 17293
20240811 17292
20240801 17293
20240812 17289
20240801 17293
20240813 17292
20240801 17293
20240814 17295
20240801 17293
20240815 17301
20240816 17301
20240817 17293
20240816 17301
20240818 17296
20240816 17301
20240819 17299
20240816 17301
20240820 17300
20240821 17300
20240822 17303
20240821 17300
20240823 17316
20240821 17300
20240824 17321
20240821 17300
20240825 17322
20240826 17322
20240827 17328
20240826 17322
20240828 17316
20240826 17322
20240829 17324
20240826 17322
20240830 17319
20240826 17322
20240831 17323
20240826 17322
20240901 17324
20240826 17322
20240902 17323
20240826 17322
20240903 17335
20240826 17322
20240904 17338
20240826 17322
20240905 17337
20240826 17322
20240906 17342
20240826 17322
20240907 17349
20240826 17322
20240908 17348
20240826 17322
20240909 17346
20240826 17322
20240910 17360
20240826 17322
20240911 17362
20240826 17322
20240912 17359
20240826 17322
20240913 17357
20240826 17322
20240914 17365
20240826 17322
20240915 17372
20240826 17322
20240916 17369
20240826 17322
20240917 17375
20240826 17322
20240918 17373
20240826 17322
20240919 17369
20240826 17322
20240920 17378
20240826 17322
20240921 17478
20240826 17322
20240921 17509
20240922 17509
20240925 17574
20240922 17509
20240926 17592
20240926 17592
