20230707 4750
20230709 4750
20230710 4750
20230711 4748
20230712 4748
20230714 4750
20230715 4752
20230716 4752
20230717 4750
20230718 4746
20230719 4742
20230720 4740
20230721 4740
20230722 4740
20230723 4740
20230724 4740
20230725 4690
20230726 4690
20230727 4692
20230728 4692
20230729 4692
20230730 4692
20230731 4692
20230801 4694
20230802 4692
20230803 4692
20230804 4684
20230805 4692
20230806 4686
20230807 4686
20230808 4686
20230809 4690
20230810 4696
20230811 4696
20230812 4696
20230813 4696
20230815 4704
20230816 4708
20230817 4710
20230818 4714
20230819 4712
20230820 4712
20230821 4710
20230822 4706
20230823 4706
20230824 4704
20230825 4704
20230826 4702
20230827 4698
20230828 4698
20230829 4696
20230830 4700
20230831 4704
20230901 4712
20230902 4712
20230903 4712
20230904 4712
20230905 4712
20230906 4712
20230907 4714
20230908 4714
20230909 4716
20230910 4716
