20230707 61437
20230709 61427
20230710 61275
20230711 61101
20230712 61100
20230713 61059
20230714 61061
20230715 61048
20230716 60704
20230717 60394
20230718 60388
20230719 59803
20230720 59848
20230721 59834
20230722 59318
20230723 59234
20230724 58934
20230725 58590
20230726 58460
20230727 58383
20230728 58309
20230729 58034
20230730 57817
20230731 57817
20230801 57822
20230731 57817
20230802 57854
20230731 57817
20230803 57428
20230731 57817
20230804 56575
20230731 57817
20230805 55456
20230731 57817
20230806 55432
20230731 57817
20230807 55448
20230731 57817
20230808 55340
20230731 57817
20230809 55337
20230731 57817
20230810 55339
20230731 57817
20230811 55327
20230731 57817
20230812 54952
20230731 57817
20230813 54923
20230731 57817
20230815 54578
20230731 57817
20230816 54304
20230731 57817
20230817 54339
20230731 57817
20230818 54384
20230731 57817
20230819 54386
20230731 57817
20230820 54320
20230731 57817
20230821 53925
20230731 57817
20230822 53922
20230731 57817
20230823 53958
20230731 57817
20230824 53839
20230731 57817
20230825 53638
20230731 57817
20230826 53374
20230731 57817
20230827 53337
20230731 57817
20230828 53302
20230731 57817
20230829 52642
20230731 57817
20230830 52388
20230731 57817
20230831 52425
20230731 57817
20230901 52533
20230731 57817
20230902 52571
20230731 57817
20230903 52533
20230731 57817
20230904 52618
20230731 57817
20230905 52711
20230731 57817
20230906 52258
20230731 57817
20230907 52283
20230731 57817
20230908 52255
20230731 57817
20230909 52184
20230731 57817
20230910 52168
20230731 57817
20230911 51493
20230731 57817
20230912 51460
20230731 57817
20230913 51448
20230731 57817
20230914 51391
20230731 57817
20230915 51153
20230731 57817
20230916 51138
20230731 57817
20230917 51126
20230731 57817
20230918 51122
20230731 57817
20230919 50922
20230731 57817
20230920 50128
20230731 57817
20230921 50033
20230731 57817
20230922 49854
20230731 57817
20230923 49836
20230731 57817
20230924 49343
20230731 57817
20230925 49352
20230731 57817
20230926 49349
20230731 57817
20230927 49082
20230731 57817
20230928 48981
20230731 57817
20230929 48821
20230731 57817
20230930 48785
20230731 57817
20231001 48357
20230731 57817
20231002 48359
20230731 57817
20231003 48365
20230731 57817
20231005 47770
20230731 57817
20231007 47118
20230731 57817
20231008 46673
20230731 57817
20231009 46582
20230731 57817
20231010 46554
20230731 57817
20231011 45970
20230731 57817
20231012 45855
20230731 57817
20231013 45850
20230731 57817
20231014 45842
20230731 57817
20231015 45823
20230731 57817
20231016 45665
20230731 57817
20231017 45596
20230731 57817
20231018 45572
20230731 57817
20231019 45524
20230731 57817
20231020 45306
20230731 57817
20231021 45196
20230731 57817
20231022 44440
20230731 57817
20231023 44488
20230731 57817
20231024 44463
20230731 57817
20231025 44450
20230731 57817
20231026 44468
20230731 57817
20231027 44429
20230731 57817
20231028 44376
20230731 57817
20231029 44265
20230731 57817
20231030 44257
20230731 57817
20231031 44150
20230731 57817
20231101 43383
20230731 57817
20231102 43336
20230731 57817
20231103 43314
20230731 57817
20231104 43184
20230731 57817
20231105 42667
20230731 57817
20231106 42183
20230731 57817
20231107 42200
20230731 57817
20231108 42162
20230731 57817
20231109 42097
20230731 57817
20231110 41952
20230731 57817
20231111 41882
20230731 57817
20231112 41369
20230731 57817
20231113 40963
20230731 57817
20231114 40645
20230731 57817
20231115 40157
20230731 57817
20231116 40135
20230731 57817
20231117 40102
20230731 57817
20231118 39553
20230731 57817
20231120 39254
20230731 57817
20231121 39226
20230731 57817
20231122 39239
20230731 57817
20231123 39218
20230731 57817
20231124 39243
20230731 57817
20231125 39178
20230731 57817
20231126 39125
20230731 57817
20231127 39028
20230731 57817
20231128 38880
20230731 57817
20231129 38836
20230731 57817
20231130 38799
20230731 57817
20231201 38656
20230731 57817
20231202 38448
20230731 57817
20231203 38215
20230731 57817
20231204 37856
20230731 57817
20231205 37854
20230731 57817
20231206 37683
20230731 57817
20231207 37604
20230731 57817
20231208 37512
20230731 57817
20231209 37254
20230731 57817
20231210 36939
20230731 57817
20231211 36755
20230731 57817
20231212 36503
20230731 57817
20231213 36234
20230731 57817
20231214 35806
20230731 57817
20231215 35221
20230731 57817
20231216 35007
20230731 57817
20231217 33929
20230731 57817
20231218 33631
20230731 57817
20231219 32672
20230731 57817
20231220 32376
20230731 57817
20231221 32390
20230731 57817
20231222 31607
20230731 57817
20231223 31201
20230731 57817
20231224 30527
20230731 57817
20231225 30311
20230731 57817
20231226 30206
20230731 57817
20231227 29687
20230731 57817
20231230 29267
20230731 57817
20231231 29036
20230731 57817
20240101 28912
20230731 57817
20240102 28533
20230731 57817
20240103 28393
20230731 57817
20240104 28394
20230731 57817
20240105 28340
20230731 57817
20240106 28002
20230731 57817
20240107 27970
20230731 57817
20240108 27886
20230731 57817
20240109 27393
20230731 57817
20240110 27359
20230731 57817
20240111 27212
20230731 57817
20240112 26499
20230731 57817
20240113 26399
20230731 57817
20240114 26405
20230731 57817
20240115 26291
20230731 57817
20240116 26268
20230731 57817
20240117 26207
20230731 57817
20240118 25899
20230731 57817
20240119 25711
20230731 57817
20240120 25490
20230731 57817
20240121 25327
20230731 57817
20240122 25153
20230731 57817
20240124 24826
20230731 57817
20240125 24569
20230731 57817
20240126 24348
20230731 57817
20240127 24223
20230731 57817
20240128 24193
20230731 57817
20240129 24050
20230731 57817
20240130 23674
20230731 57817
20240131 23639
20230731 57817
20240201 19513
20230731 57817
20240202 19495
20230731 57817
20240203 18746
20230731 57817
20240204 18153
20230731 57817
20240205 18098
20230731 57817
20240206 17748
20230731 57817
20240207 17622
20230731 57817
20240208 17598
20230731 57817
20240209 17566
20230731 57817
20240210 17503
20230731 57817
20240211 17473
20230731 57817
20240212 17454
20230731 57817
20240213 17238
20230731 57817
20240214 17222
20230731 57817
20240215 17232
20230731 57817
20240216 17231
20230731 57817
20240217 17213
20230731 57817
20240218 17217
20230731 57817
20240219 17106
20230731 57817
20240220 17112
20230731 57817
20240221 17130
20230731 57817
20240222 17115
20230731 57817
20240223 17125
20230731 57817
20240224 17138
20230731 57817
20240225 17195
20230731 57817
20240226 17191
20230731 57817
20240227 17160
20230731 57817
20240228 17127
20230731 57817
20240229 17165
20230731 57817
20240301 17172
20230731 57817
20240302 17200
20230731 57817
20240303 17212
20230731 57817
20240304 17226
20230731 57817
20240305 17246
20230731 57817
20240306 17264
20230731 57817
20240307 17254
20230731 57817
20240308 17244
20230731 57817
20240309 17242
20230731 57817
20240310 17266
20230731 57817
20240311 17274
20230731 57817
20240312 17295
20230731 57817
20240313 17299
20230731 57817
20240314 17305
20230731 57817
20240315 17401
20230731 57817
20240316 17392
20230731 57817
20240317 17390
20230731 57817
20240318 17384
20230731 57817
20240319 17378
20230731 57817
20240320 17392
20230731 57817
20240321 17397
20230731 57817
20240322 17423
20230731 57817
20240323 17436
20230731 57817
20240324 17440
20230731 57817
20240325 17442
20230731 57817
20240326 17460
20230731 57817
20240327 17395
20230731 57817
20240328 17409
20230731 57817
20240329 17439
20230731 57817
20240330 17462
20230731 57817
20240331 17481
20230731 57817
20240401 17486
20230731 57817
20240402 17494
20230731 57817
20240403 17525
20230731 57817
20240404 17522
20230731 57817
20240405 17546
20230731 57817
20240406 17561
20230731 57817
20240407 17592
20230731 57817
20240408 17604
20230731 57817
20240409 17625
20230731 57817
20240410 17645
20240411 17645
20240412 17672
20240411 17645
20240413 17676
20240411 17645
20240415 17695
20240411 17645
20240416 17701
20240411 17645
20240417 17731
20240411 17645
20240418 17740
20240411 17645
20240419 17784
20240411 17645
20240420 17817
20240411 17645
20240421 17833
20240411 17645
20240422 17840
20240411 17645
20240423 17876
20240411 17645
20240424 17883
20240411 17645
20240425 17902
20240411 17645
20240426 17969
20240411 17645
20240427 17983
20240411 17645
20240428 17999
20240411 17645
20240429 18008
20240411 17645
20240430 18025
20240411 17645
20240501 18056
20240411 17645
20240503 18084
20240411 17645
20240504 18107
20240411 17645
20240505 18126
20240411 17645
20240506 18127
20240411 17645
20240507 18138
20240411 17645
20240508 18151
20240411 17645
20240509 18161
20240411 17645
20240510 18182
20240411 17645
20240511 18180
20240411 17645
20240512 18190
20240411 17645
20240513 18232
20240411 17645
20240514 18251
20240411 17645
20240515 18265
20240411 17645
20240516 18260
20240411 17645
20240517 18279
20240411 17645
20240518 18286
20240411 17645
20240519 18326
20240411 17645
20240520 18334
20240411 17645
20240521 18342
20240411 17645
20240522 18335
20240411 17645
20240523 18314
20240411 17645
20240524 18324
20240411 17645
20240525 18321
20240411 17645
20240526 18312
20240411 17645
20240527 18309
20240411 17645
20240528 18340
20240411 17645
20240529 18337
20240411 17645
20240530 18346
20240411 17645
20240531 18348
20240411 17645
20240601 18323
20240411 17645
20240602 18344
20240411 17645
20240603 18339
20240411 17645
20240604 18350
20240411 17645
20240605 18336
20240411 17645
20240606 18360
20240411 17645
20240609 18375
20240411 17645
20240611 18377
20240411 17645
20240612 18395
20240411 17645
20240613 18391
20240411 17645
20240614 18411
20240411 17645
20240615 18422
20240411 17645
20240616 18411
20240411 17645
20240617 18417
20240411 17645
20240618 18426
20240411 17645
20240620 18429
20240411 17645
20240621 18427
20240411 17645
20240622 18416
20240411 17645
20240623 18405
20240411 17645
20240624 18416
20240411 17645
20240626 18396
20240411 17645
20240627 18467
20240411 17645
20240628 18492
20240411 17645
20240629 18502
20240411 17645
20240630 18498
20240411 17645
20240701 18487
20240411 17645
20240702 18500
20240411 17645
20240703 18506
20240411 17645
20240704 18605
20240411 17645
20240705 18629
20240411 17645
20240706 18603
20240411 17645
20240707 18609
20240411 17645
20240708 18619
20240411 17645
20240709 18637
20240411 17645
20240710 18677
20240411 17645
20240711 18737
20240411 17645
20240712 18793
20240411 17645
20240713 18836
20240411 17645
20240714 18858
20240411 17645
20240715 18854
20240411 17645
20240716 18891
20240411 17645
20240717 18970
20240411 17645
20240718 19010
20240411 17645
20240719 19065
20240411 17645
20240720 19084
20240411 17645
20240721 19166
20240411 17645
20240722 19240
20240411 17645
20240723 19286
20240724 19286
20240725 19312
20240724 19286
20240726 19350
20240724 19286
20240727 19344
20240728 19344
20240729 19376
20240728 19344
20240730 19444
20240728 19344
20240731 19553
20240728 19344
20240801 19584
20240728 19344
20240802 19580
20240728 19344
20240803 19585
20240728 19344
20240804 19594
20240728 19344
20240805 19580
20240728 19344
20240806 19589
20240728 19344
20240807 19582
20240728 19344
20240808 19604
20240728 19344
20240809 19586
20240728 19344
20240810 19565
20240728 19344
20240811 19560
20240728 19344
20240812 19553
20240728 19344
20240813 19567
20240728 19344
20240814 19574
20240728 19344
20240815 19599
20240728 19344
20240816 19583
20240728 19344
20240817 19589
20240728 19344
20240818 19602
20240728 19344
20240819 19609
20240728 19344
20240820 19619
20240728 19344
20240821 19642
20240728 19344
20240822 19653
20240728 19344
20240823 19660
20240728 19344
20240824 19680
20240728 19344
20240825 19683
20240728 19344
20240826 19655
20240728 19344
20240827 19614
20240728 19344
20240828 19649
20240728 19344
20240829 19675
20240728 19344
20240830 19678
20240728 19344
20240831 19705
20240728 19344
20240901 19693
20240728 19344
20240902 19751
20240728 19344
20240903 19704
20240728 19344
20240904 19727
20240728 19344
20240905 19735
20240728 19344
20240906 19751
20240728 19344
20240907 19752
20240728 19344
20240908 19717
20240728 19344
20240909 19670
20240728 19344
20240910 19608
20240728 19344
20240911 19581
20240728 19344
20240912 19614
20240728 19344
20240913 19630
20240728 19344
20240914 19592
20240728 19344
20240915 19561
20240728 19344
20240916 19610
20240728 19344
20240917 19653
20240728 19344
20240918 19676
20240728 19344
20240919 19691
20240728 19344
20240920 19706
20240728 19344
20240921 19686
20240728 19344
20240921 19688
20240922 19688
