20230707 5209
20230709 5209
20230710 5208
20230711 5209
20230712 5210
20230714 5224
20230715 5223
20230716 5234
20230717 5236
20230718 5239
20230719 5232
20230720 5235
20230721 5236
20230722 5238
20230723 5240
20230724 5241
20230725 5245
20230726 5247
20230727 5248
20230728 5270
20230729 5272
20230730 5271
20230731 5271
20230801 5272
20230802 5273
20230803 5272
20230804 5274
20230805 5273
20230806 5269
20230807 5266
20230808 5267
20230809 5265
20230810 5263
20230811 5257
20230812 5263
20230813 5263
20230815 5260
20230816 5260
20230817 5262
20230818 5264
20230819 5265
20230820 5263
20230821 5263
20230822 5264
20230823 5265
20230824 5266
20230825 5265
20230826 5266
20230827 5268
20230828 5266
20230829 5264
20230830 5265
20230831 5265
20230901 5263
20230902 5260
20230903 5260
20230904 5260
20230905 5260
20230906 5259
20230907 5258
20230908 5259
20230909 5265
20230910 5265
20230911 5263
20230912 5263
20230913 5265
20230914 5267
20230915 5262
20230916 5260
20230917 5258
20230918 5260
20230919 5258
20230920 4870
20230921 4876
20230922 4879
20230923 4881
20230924 4881
20230925 4878
20230926 4880
20230927 4881
20230928 4877
20230929 4879
20230930 4882
20231001 4881
