20230707 34
20230709 34
20230710 34
20230711 34
20230712 34
20230714 34
20230715 34
20230716 34
20230717 34
20230718 34
20230719 34
20230720 34
20230721 34
20230722 34
20230723 34
20230724 34
20230725 34
20230726 34
20230727 34
20230728 34
20230729 34
20230730 34
20230731 34
20230801 34
20230802 34
20230803 34
20230804 34
20230805 34
20230806 34
20230807 34
20230808 34
20230809 34
20230810 34
20230811 34
20230812 34
20230813 34
20230815 34
20230816 34
20230817 34
20230818 34
20230819 34
20230820 34
20230821 34
20230822 34
20230823 34
20230824 34
20230825 34
20230826 34
20230827 34
20230828 34
20230829 34
20230830 34
20230831 34
20230901 34
20230902 34
20230903 34
20230904 34
20230905 34
20230906 34
20230907 34
20230908 34
20230909 34
20230910 34
20230911 34
20230912 34
20230913 34
20230914 34
20230915 34
20230916 34
20230917 34
20230918 34
20230919 34
20230920 27
20230921 27
20230922 27
20230923 27
20230924 27
20230925 27
