20230707 162
20230709 162
20230710 162
20230711 162
20230712 162
20230714 162
20230715 162
20230716 162
20230717 162
20230718 162
20230719 162
20230720 162
20230721 162
20230722 162
20230723 162
20230724 162
20230725 162
20230726 162
20230727 162
20230728 162
20230729 162
20230730 162
20230731 162
20230801 162
20230802 162
20230803 162
20230804 162
20230805 162
20230806 162
20230807 162
20230808 162
20230809 162
20230810 162
20230811 162
20230812 162
20230813 162
20230815 162
20230816 162
20230817 162
20230818 162
20230819 162
20230820 162
20230821 162
20230822 162
20230823 162
20230824 162
20230825 162
20230826 162
20230827 162
20230828 162
20230829 162
20230830 162
20230831 162
20230901 162
20230902 162
20230903 162
20230904 162
20230905 162
20230906 162
20230907 162
20230908 162
20230909 162
20230910 162
20230911 162
20230912 162
20230913 162
20230914 162
20230915 162
20230916 162
20230917 162
