20230707 1958
20230709 1957
20230710 1958
20230711 1959
20230712 1957
20230714 1957
20230715 1954
20230716 1954
20230717 1955
20230716 1954
20230718 1952
20230716 1954
20230719 1951
20230716 1954
20230720 1953
20230716 1954
20230721 1951
20230716 1954
20230722 1952
20230716 1954
20230723 1951
20230716 1954
20230724 1952
20230716 1954
20230725 1951
20230716 1954
20230726 1950
20230716 1954
20230727 1949
20230716 1954
20230728 1950
20230716 1954
20230729 1951
20230716 1954
20230730 1950
20230731 1950
20230801 1948
20230802 1950
20230731 1950
20230803 1949
20230804 1949
20230805 1948
20230804 1949
20230806 1950
20230807 1949
20230804 1949
20230808 1956
20230810 1956
20230811 1957
20230810 1956
20230812 1958
20230813 1956
20230810 1956
20230815 1953
20230810 1956
20230816 1955
20230810 1956
20230817 1954
20230810 1956
20230818 1957
20230810 1956
20230819 1958
20230820 1958
20230821 1957
20230822 1957
20230823 1955
20230822 1957
20230824 1954
20230822 1957
20230825 1952
20230826 1952
20230827 1953
20230826 1952
20230828 1958
20230826 1952
20230829 1957
20230826 1952
20230830 1958
20230826 1952
20230831 1959
20230826 1952
20230901 1957
20230826 1952
20230902 1960
20230903 1960
20230904 1959
20230905 1959
20230906 1962
20230905 1959
20230907 1965
20230905 1959
20230908 1966
20230905 1959
20230909 1970
20230905 1959
20230910 1969
20230905 1959
20230911 1970
20230905 1959
20230912 1974
20230905 1959
20230913 1976
20230905 1959
20230914 1978
20230905 1959
20230915 1979
20230905 1959
20230916 1980
20230905 1959
20230917 1979
20230905 1959
20230918 1980
20230905 1959
20230919 1981
20230905 1959
20230920 1907
20230905 1959
20230921 1910
20230905 1959
20230922 1916
20230905 1959
20230923 1918
20230924 1918
20230925 1919
20230924 1918
20230926 1920
20230924 1918
20230927 1921
20230924 1918
20230928 1920
20230924 1918
20230929 1923
20230924 1918
20230930 1924
20230924 1918
20231001 1923
20230924 1918
20231002 1922
20231003 1922
20231005 1923
20231003 1922
20231007 1921
20231003 1922
20231008 1924
20231009 1924
20231010 1923
20231011 1923
20231012 1924
20231011 1923
20231013 1928
20231011 1923
20231014 1932
20231015 1932
20231016 1930
20231015 1932
20231017 1929
20231015 1932
20231018 1928
20231019 1932
20231015 1932
20231020 1935
20231015 1932
20231021 1938
20231015 1932
20231022 1937
20231015 1932
20231023 1939
20231024 1939
20231025 1938
20231024 1939
20231026 1940
20231027 1940
20231028 1942
20231027 1940
20231029 1945
20231027 1940
20231030 1943
20231031 1940
20231027 1940
20231101 1942
20231103 1942
20231104 1943
20231105 1943
20231106 1947
20231105 1943
20231107 1948
20231105 1943
20231108 1950
20231105 1943
20231109 1951
20231110 1951
20231111 1954
20231110 1951
20231112 1958
20231113 1958
20231114 1960
20231113 1958
20231115 1961
20231113 1958
20231116 1960
20231113 1958
20231117 1963
20231118 1963
20231120 1958
20231118 1963
20231121 1957
20231118 1963
20231122 1956
20231118 1963
20231123 1955
20231118 1963
20231124 1956
20231118 1963
20231125 1954
20231118 1963
20231126 1956
20231118 1963
20231127 1957
20231128 1957
20231129 2012
20231128 1957
20231130 2009
20231201 2009
20231202 2008
20231201 2009
20231203 2007
20231204 2007
20231205 2004
20231204 2007
20231206 2005
20231204 2007
20231207 2006
20231204 2007
20231208 2008
20231204 2007
20231209 2009
20231204 2007
20231210 2014
20231204 2007
20231211 2012
20231213 2012
20231214 2010
20231213 2012
20231215 2009
20231213 2012
20231216 2010
20231213 2012
20231217 2008
20231213 2012
20231218 2007
20231213 2012
20231219 2004
20231213 2012
20231220 2005
20231213 2012
20231221 2007
20231213 2012
20231222 2010
20231223 2010
20231224 2014
20231223 2010
20231225 2012
20231223 2010
20231226 2015
20231223 2010
20231227 2014
20231223 2010
20231230 2019
20231223 2010
20231231 2021
20231223 2010
20240101 2020
20231223 2010
20240102 2021
20240104 2021
20240105 2018
20240104 2021
20240106 2038
20240104 2021
20240107 2035
20240108 2035
20240109 2036
20240108 2035
20240110 2038
20240108 2035
20240111 2066
20240108 2035
20240112 2065
20240108 2035
20240113 2066
20240108 2035
20240114 2065
20240108 2035
20240115 2067
20240108 2035
20240116 2064
20240108 2035
20240117 2065
20240118 2065
20240119 2070
20240118 2065
20240120 2071
20240118 2065
20240121 2075
20240118 2065
20240122 2069
20240118 2065
20240124 2068
20240118 2065
20240125 2067
20240118 2065
20240126 2068
20240127 2068
20240128 2064
20240127 2068
20240129 2060
20240130 2060
20240131 2058
20240202 2058
20240203 2059
20240202 2058
20240204 2056
20240202 2058
20240205 2057
20240206 2057
20240207 2058
20240206 2057
20240208 2060
20240206 2057
20240209 2058
20240210 2058
20240211 2059
20240212 2058
20240210 2058
20240213 2056
20240215 2056
20240216 2055
20240215 2056
20240217 2053
20240218 2053
20240219 2051
20240220 2053
20240218 2053
20240221 2052
20240218 2053
20240222 2050
20240218 2053
20240223 2051
20240218 2053
20240224 2052
20240218 2053
20240225 2048
20240218 2053
20240226 2049
20240218 2053
20240227 2050
20240218 2053
20240228 2049
20240218 2053
20240229 2045
20240301 2045
20240302 2051
20240301 2045
20240303 2055
20240301 2045
20240304 2059
20240301 2045
20240305 2060
20240301 2045
20240306 2061
20240301 2045
20240307 2065
20240301 2045
20240308 2063
20240301 2045
20240309 2065
20240310 2065
20240311 2067
20240310 2065
20240312 2069
20240310 2065
20240313 2070
20240310 2065
20240314 2072
20240310 2065
20240315 2074
20240310 2065
20240316 2072
20240310 2065
20240317 2071
20240310 2065
20240318 2067
20240319 2067
20240320 2065
20240319 2067
20240321 2066
20240319 2067
20240322 2068
20240325 2068
20240326 2067
20240325 2068
20240327 2065
20240325 2068
20240328 2063
20240325 2068
20240329 2064
20240330 2064
20240331 2068
20240330 2064
20240401 2067
20240402 2067
20240403 2066
20240402 2067
20240404 2069
20240402 2067
20240405 2070
20240402 2067
20240406 2071
20240402 2067
20240407 2070
20240402 2067
20240408 2068
20240402 2067
20240409 2064
20240402 2067
20240410 2066
20240413 2066
20240415 2070
20240413 2066
20240416 2072
20240413 2066
20240417 2073
20240413 2066
20240418 2072
20240419 2072
20240420 2070
20240421 2070
20240422 2068
20240421 2070
20240423 2075
20240421 2070
20240424 2077
20240421 2070
20240425 2075
20240426 2075
20240427 2073
20240426 2075
20240428 2074
20240426 2075
20240429 2076
20240430 2076
20240501 2072
20240430 2076
20240503 2070
20240430 2076
20240504 2071
20240430 2076
20240505 2074
20240506 2076
20240507 2076
20240508 2074
20240509 2074
20240510 2072
20240509 2074
20240511 2073
20240509 2074
20240512 2070
20240513 2070
20240514 2069
20240515 2070
20240513 2070
20240516 2067
20240513 2070
20240517 2068
20240513 2070
20240518 2069
20240513 2070
20240519 2073
20240513 2070
20240520 2072
20240521 2070
20240513 2070
20240522 2072
20240513 2070
20240523 2073
20240525 2073
20240526 2074
20240527 2074
20240528 2075
20240527 2074
20240529 2076
20240527 2074
20240530 2068
20240527 2074
20240531 2067
20240527 2074
20240601 2068
20240602 2068
20240603 2070
20240602 2068
20240604 2067
20240602 2068
20240605 2070
20240602 2068
20240606 2067
20240602 2068
20240609 2064
20240602 2068
20240611 2059
20240602 2068
20240612 2055
20240602 2068
20240613 2052
20240602 2068
20240614 2050
20240615 2050
20240616 2048
20240617 2048
20240618 2045
20240617 2048
20240620 2044
20240617 2048
20240621 2043
20240617 2048
20240622 2044
20240617 2048
20240623 2042
20240617 2048
20240624 2040
20240617 2048
20240626 2043
20240617 2048
20240627 2044
20240617 2048
20240628 2042
20240629 2042
20240630 2044
20240629 2042
20240701 2040
20240629 2042
20240702 2039
20240703 2039
20240704 2037
20240703 2039
20240705 2035
20240703 2039
20240706 2033
20240703 2039
20240707 2031
20240703 2039
20240708 2032
20240703 2039
20240709 2031
20240703 2039
20240710 2030
20240703 2039
20240711 2032
20240703 2039
20240712 2029
20240703 2039
20240713 2030
20240703 2039
20240714 2029
20240703 2039
20240715 2030
20240716 2030
20240717 2027
20240716 2030
20240718 2028
20240719 2030
20240716 2030
20240720 2031
20240716 2030
20240721 2036
20240716 2030
20240722 2037
20240716 2030
20240723 2036
20240724 2036
20240725 2037
20240724 2036
20240726 2039
20240724 2036
20240727 2037
20240724 2036
20240728 2035
20240724 2036
20240729 2034
20240730 2034
20240731 2037
20240730 2034
20240801 2035
20240730 2034
20240802 2032
20240730 2034
20240803 2030
20240730 2034
20240804 2032
20240806 2032
20240807 2033
20240808 2033
20240809 2030
20240808 2033
20240810 2028
20240808 2033
20240811 2025
20240812 2025
20240813 2027
20240812 2025
20240814 2026
20240812 2025
20240815 2021
20240816 2021
20240817 2022
20240818 2021
20240816 2021
20240819 2022
20240820 2022
20240821 2020
20240822 2022
20240820 2022
20240823 2024
20240820 2022
20240824 2023
20240825 2023
20240826 2022
20240825 2023
20240827 2024
20240828 2024
20240829 2023
20240828 2024
20240830 2020
20240828 2024
20240831 2019
20240828 2024
20240901 2020
20240902 2020
20240903 2021
20240904 2021
20240905 2020
20240907 2020
20240908 2015
20240907 2020
20240909 2016
20240907 2020
20240910 2017
20240911 2020
20240907 2020
20240912 2022
20240907 2020
20240913 2015
20240907 2020
20240914 2016
20240907 2020
20240915 2018
20240907 2020
20240916 2019
20240907 2020
20240917 2023
20240907 2020
20240918 2026
20240919 2026
20240920 2025
20240919 2026
20240921 2020
20240919 2026
20240921 2022
20240919 2026
20240922 2020
20240925 2026
20240919 2026
20240926 2030
20240919 2026
20240927 2031
20240919 2026
20240928 2030
20240919 2026
20240929 2024
20240919 2026
20240930 2023
20240919 2026
20241001 2022
20241002 2022
