20230707 662
20230709 661
20230710 661
20230711 661
20230712 662
20230713 660
20230714 661
20230715 660
20230716 660
20230717 660
20230718 662
20230719 662
20230720 662
20230721 666
20230722 666
20230723 666
20230724 666
20230725 665
20230726 665
20230727 665
20230728 663
20230729 661
20230730 661
20230731 663
20230801 662
20230802 663
20230803 663
20230804 663
20230805 663
20230806 663
20230807 659
20230808 658
20230809 657
20230810 660
20230811 659
20230812 659
20230813 658
20230815 662
20230816 657
20230817 658
20230818 658
20230819 657
20230820 656
20230821 656
20230822 657
20230823 650
20230824 650
20230825 650
20230826 647
20230827 647
20230828 646
20230829 647
20230830 647
20230831 647
20230901 646
20230902 645
20230903 645
20230904 645
20230905 643
20230906 643
20230907 643
20230908 644
20230909 644
20230910 643
20230911 643
20230912 643
20230913 645
20230914 645
20230915 645
20230916 646
20230917 646
20230918 646
20230919 644
20230920 637
20230921 638
20230922 639
20230923 638
20230924 639
20230925 638
20230926 638
20230927 638
20230928 637
20230929 636
20230930 638
20231001 637
20231002 637
20231003 639
20231005 639
20231007 637
20231008 636
20231009 636
20231010 637
20231011 638
20231012 638
20231013 637
20231014 638
20231015 639
20231016 640
20231017 639
20231018 639
20231019 639
20231020 640
20231021 639
20231022 639
20231023 639
20231024 639
20231025 639
20231026 639
20231027 640
20231028 640
20231029 639
20231030 639
20231031 637
20231101 637
20231102 637
20231103 637
20231104 637
20231105 637
20231106 638
20231107 639
20231108 636
20231109 636
20231110 636
20231111 636
20231112 637
20231113 637
20231114 637
20231115 637
20231116 637
20231117 637
20231118 637
20231120 637
20231121 637
20231122 636
20231123 636
20231124 636
20231125 636
20231126 635
20231127 635
20231128 635
20231129 636
20231130 635
20231201 635
20231202 636
20231203 635
20231204 636
20231205 635
20231206 633
20231207 633
20231208 634
20231209 634
20231210 636
20231211 636
20231212 634
20231213 634
20231214 634
20231215 635
20231216 636
20231217 635
20231218 635
20231219 635
20231220 635
20231221 635
20231222 636
20231223 635
20231224 635
20231225 635
20231226 635
20231227 635
20231230 635
20231231 633
20240101 633
20240102 633
20240103 633
20240104 633
20240105 633
20240106 659
20240107 659
20240108 658
20240109 657
20240110 658
20240111 689
20240112 690
20240113 690
20240114 690
20240115 690
20240116 691
20240117 691
20240118 691
20240119 691
20240120 691
20240121 692
20240122 691
20240124 693
20240125 694
20240126 694
20240127 694
20240128 694
20240129 695
20240130 694
20240131 694
20240201 695
20240202 695
20240203 691
20240204 691
20240205 692
20240206 692
20240207 692
20240208 692
20240209 691
20240210 691
20240211 691
20240212 691
20240213 691
20240214 691
20240215 691
20240216 691
20240217 691
20240218 691
20240219 691
20240220 692
20240221 692
20240222 692
20240223 691
20240224 691
20240225 691
20240226 691
20240227 692
20240228 692
20240229 692
20240301 695
20240302 695
20240303 695
20240304 695
20240305 696
20240306 696
20240307 697
20240308 697
20240309 697
20240310 697
20240311 695
20240312 697
20240313 698
20240314 697
20240315 698
20240316 699
20240317 700
20240318 701
20240319 701
20240320 701
20240321 701
20240322 702
20240323 702
20240324 704
20240325 703
20240326 703
20240327 702
20240328 703
20240329 704
20240330 705
20240331 706
20240401 705
20240402 705
20240403 705
20240404 706
20240405 706
20240406 704
20240407 704
20240408 704
20240409 705
20240410 704
20240411 704
20240412 704
20240413 705
20240415 701
20240416 702
20240417 699
20240418 702
20240419 702
20240420 704
20240421 704
20240422 704
20240423 704
20240424 704
20240425 704
20240426 702
20240427 702
20240428 705
20240429 704
20240430 704
20240501 704
20240503 703
20240504 704
20240505 704
