20230922 1757
20230924 1755
20230925 1760
20230926 1751
20230927 1759
20230928 1754
20230929 1757
20230930 1758
20231001 1759
20231002 1759
20231003 1762
20231005 1760
20231007 1757
20231008 1761
20231009 1759
20231010 1761
20231011 1759
20231012 1761
20231013 1758
20231014 1759
20231015 1763
20231016 1762
20231017 1762
20231018 1761
20231019 1761
20231020 1764
20231021 1764
20231022 1763
20231023 1768
20231024 1767
20231025 1766
20231026 1764
20231027 1766
20231028 1763
20231029 1764
20231030 1767
20231031 1767
20231101 1768
20231102 1767
20231103 1767
20231104 1771
20231105 1766
20231106 1768
20231107 1767
20231108 1767
20231109 1771
20231110 1769
20231111 1767
20231112 1768
20231113 1768
20231114 1770
20231115 1770
20231116 1768
20231117 1771
20231118 1769
20231120 1773
20231121 1768
20231122 1772
20231123 1771
20231124 1771
20231125 1769
20231126 1776
20231127 1777
20231128 1773
20231129 1774
20231130 1779
20231201 1774
20231202 1778
20231203 1774
20231204 1775
20231205 1776
20231206 1776
20231207 1773
20231208 1777
20231209 1776
20231210 1779
20231211 1776
20231212 1778
20231213 1778
20231214 1778
20231215 1777
20231216 1776
20231217 1780
20231218 1778
20231219 1777
20231220 1780
20231221 1781
20231222 1782
20231223 1776
20231224 1779
20231225 1778
20231226 1780
20231227 1774
20231230 1778
20231231 1780
20240101 1779
20240102 1779
20240103 1780
20240104 1777
20240105 1776
20240106 1771
20240107 1778
20240108 1774
20240109 1776
20240110 1781
20240111 1777
20240112 1774
20240113 1778
20240114 1777
20240115 1779
20240116 1778
20240117 1777
20240118 1778
20240119 1786
20240120 1780
20240121 1778
20240122 1778
20240124 1777
20240125 1780
20240126 1780
20240127 1781
20240128 1782
20240129 1784
20240130 1779
20240131 1781
20240201 1779
20240202 1780
20240203 1781
20240204 1785
20240205 1786
