20230707 9
20230709 9
20230710 9
20230711 9
20230712 9
20230714 9
20230715 9
20230716 9
20230717 9
20230718 9
20230719 9
20230720 9
20230721 9
20230722 9
20230723 9
20230724 9
20230725 9
20230726 9
20230727 9
20230728 9
20230729 9
20230730 9
20230731 9
20230801 9
20230802 9
20230803 9
20230804 9
20230805 9
20230806 9
20230807 9
20230808 9
20230809 9
20230810 9
20230811 9
20230812 9
20230813 9
20230815 9
20230816 9
20230817 9
20230818 9
20230819 9
20230820 9
20230821 9
20230822 9
20230823 9
20230824 9
20230825 9
20230826 9
20230827 9
20230828 9
20230829 9
20230830 9
20230831 9
20230901 9
20230902 9
20230903 9
20230904 9
20230905 9
20230906 9
20230907 9
20230908 9
20230909 9
20230910 9
20230911 9
20230912 9
20230913 9
20230914 9
20230915 9
20230916 9
20230917 9
20230918 9
20230919 9
20230920 7
20230921 7
20230922 7
20230923 7
20230924 7
20230925 7
20230926 7
20230927 7
20230928 7
20230929 7
20230930 7
20231001 7
20231002 7
20231003 7
20231005 7
20231007 7
20231008 7
20231009 7
20231010 7
20231011 7
20231012 7
20231013 7
20231014 7
20231015 7
20231016 7
20231017 7
20231018 6
20231019 6
20231020 6
20231021 6
20231022 6
20231023 6
20231024 6
20231025 6
20231026 6
20231027 6
20231028 6
20231029 6
20231030 6
20231031 6
20231101 6
20231102 6
20231103 6
20231104 6
20231105 6
20231106 6
20231107 6
20231108 6
20231109 6
20231110 6
20231111 6
20231112 6
20231113 6
20231114 6
20231115 6
20231116 6
20231117 6
20231118 6
20231120 6
20231121 6
20231122 6
20231123 6
20231124 6
20231125 6
20231126 6
20231127 6
20231128 6
20231129 6
20231130 6
20231201 6
20231202 6
20231203 6
20231204 6
20231205 6
20231206 6
20231207 6
20231208 6
20231209 6
20231210 6
20231211 6
20231212 6
20231213 6
20231214 6
20231215 6
20231216 6
20231217 6
20231218 6
20231219 6
20231220 6
20231221 6
20231222 6
20231223 6
20231224 6
20231225 6
20231226 6
20231227 6
20231230 6
20231231 6
20240101 6
20240102 6
20240103 6
20240104 6
20240105 6
20240106 6
20240107 6
20240108 6
20240109 6
20240110 6
20240111 6
20240112 6
20240113 6
20240114 6
20240115 6
20240116 6
20240117 6
20240118 6
20240119 6
20240120 6
20240121 6
20240122 6
20240124 6
20240125 6
20240126 6
20240127 6
20240128 6
20240129 6
20240130 6
20240131 6
20240201 6
20240202 6
20240203 6
20240204 6
20240205 6
20240206 6
20240207 6
20240208 6
20240209 6
20240210 6
20240211 6
20240212 6
20240213 6
20240214 6
20240215 6
20240216 6
20240217 6
20240218 6
20240219 6
20240220 6
20240221 6
20240222 6
20240223 6
20240224 6
20240225 6
20240226 6
20240227 6
20240228 6
20240229 6
20240301 6
20240302 6
20240303 6
20240304 6
20240305 6
20240306 6
20240307 6
20240308 6
20240309 6
20240310 6
20240311 6
20240312 6
20240313 6
20240314 6
20240315 6
20240316 6
20240317 6
20240318 6
20240319 6
20240320 6
20240321 6
20240322 6
20240323 6
20240324 6
20240325 6
20240326 6
20240327 6
20240328 6
20240329 6
20240330 6
20240331 6
20240401 6
20240402 6
20240403 6
20240404 6
20240405 6
20240406 6
20240407 6
20240408 6
20240409 6
20240410 6
20240411 6
20240412 6
20240413 6
20240415 6
20240416 6
20240417 6
20240418 6
20240419 6
20240420 6
20240421 6
20240422 6
20240423 6
20240424 6
20240425 6
20240426 6
20240427 6
20240428 6
20240429 6
20240430 6
20240501 6
20240503 6
20240504 6
20240505 6
20240506 6
20240507 6
20240508 6
20240509 6
20240510 6
20240511 6
20240512 6
20240513 6
20240514 6
20240515 6
20240516 6
20240517 6
20240518 6
20240519 6
20240520 6
20240521 6
20240522 6
20240523 6
20240524 6
20240525 6
20240526 6
20240527 6
20240528 6
20240529 6
20240530 6
20240531 6
20240601 6
20240602 6
20240603 6
20240604 6
20240605 6
20240606 6
20240609 6
20240611 6
20240612 6
20240613 6
20240614 6
20240615 6
20240616 6
