20230707 15
20230709 15
20230710 15
20230711 15
20230712 15
20230714 15
20230715 15
20230716 15
20230717 15
20230718 15
20230719 15
20230720 15
20230721 15
20230722 15
20230723 15
20230724 15
20230725 15
20230726 15
20230727 15
20230728 15
20230729 15
20230730 15
20230731 15
20230801 15
20230802 15
20230803 15
20230804 15
20230805 15
20230806 15
20230807 15
20230808 15
20230809 15
20230810 15
20230811 15
20230812 15
20230813 15
20230815 15
20230816 15
20230817 15
20230818 15
20230819 15
20230820 15
20230821 15
20230822 15
20230823 15
20230824 15
20230825 15
20230826 15
20230827 15
20230828 15
20230829 15
20230830 15
20230831 15
20230901 15
20230902 15
20230903 15
20230904 15
20230905 15
20230906 15
20230907 15
20230908 15
20230909 15
20230910 15
20230911 15
20230912 15
20230913 15
20230914 15
20230915 15
20230916 15
20230917 15
20230918 15
20230919 15
20230920 13
20230921 13
20230922 13
20230923 13
20230924 13
20230925 13
20230926 13
20230927 13
20230928 13
20230929 13
20230930 13
20231001 13
20231002 13
20231003 13
20231005 13
20231007 13
20231008 13
20231009 13
20231010 13
20231011 13
20231012 13
20231013 13
20231014 13
20231015 13
20231016 13
20231017 13
20231018 13
20231019 13
20231020 13
20231021 13
20231022 13
20231023 13
20231024 13
20231025 13
20231026 13
20231027 13
20231028 13
20231029 13
20231030 13
20231031 13
20231101 13
20231102 13
20231103 13
20231104 13
20231105 13
20231106 13
20231107 13
20231108 13
20231109 13
20231110 13
20231111 13
20231112 13
20231113 13
20231114 13
20231115 13
20231116 13
20231117 13
20231118 13
20231120 13
20231121 13
20231122 13
20231123 13
20231124 13
20231125 13
20231126 13
20231127 13
20231128 13
20231129 13
20231130 13
20231201 13
20231202 13
20231203 13
20231204 13
20231205 13
20231206 13
20231207 13
20231208 13
20231209 13
20231210 13
20231211 13
20231212 13
20231213 13
20231214 13
20231215 13
20231216 13
20231217 13
20231218 13
20231219 13
20231220 13
20231221 13
20231222 13
20231223 13
20231224 13
20231225 13
20231226 13
20231227 13
20231230 13
20231231 13
20240101 13
20240102 13
20240103 13
20240104 13
20240105 13
20240106 13
20240107 13
20240108 13
20240109 13
20240110 13
20240111 13
20240112 13
20240113 13
20240114 13
20240115 13
20240116 13
20240117 13
20240118 13
20240119 13
20240120 13
20240121 13
20240122 13
20240124 13
20240125 13
20240126 13
20240127 13
20240128 13
20240129 13
20240130 13
20240131 13
20240201 13
20240202 13
20240203 13
20240204 13
20240205 13
20240206 13
20240207 13
20240208 13
20240209 13
20240210 13
20240211 13
20240212 13
20240213 13
20240214 13
20240215 13
20240216 13
20240217 13
20240218 13
20240219 13
20240220 13
20240221 13
20240222 13
20240223 13
20240224 13
20240225 13
20240226 13
20240227 13
20240228 13
20240229 13
20240301 13
20240302 13
20240303 13
20240304 13
20240305 13
20240306 13
20240307 13
20240308 13
20240309 13
20240310 13
20240311 13
20240312 13
20240313 13
20240314 13
20240315 13
20240316 13
20240317 13
20240318 13
20240319 13
20240320 13
20240321 13
20240322 13
20240323 13
20240324 13
20240325 13
20240326 13
20240327 13
20240328 13
20240329 13
20240330 13
20240331 13
20240401 13
20240402 13
20240403 13
20240404 13
20240405 13
20240406 13
20240407 13
20240408 13
20240409 13
20240410 13
20240411 13
20240412 13
20240413 13
20240415 13
20240416 13
20240417 13
20240418 13
20240419 13
20240420 13
20240421 13
20240422 13
20240423 13
20240424 13
20240425 13
20240426 13
20240427 13
20240428 13
20240429 13
20240430 13
20240501 13
20240503 13
20240504 13
20240505 13
20240506 13
20240507 13
20240508 13
20240509 13
20240510 13
20240511 13
20240512 13
20240513 13
20240514 13
20240515 13
20240516 13
20240517 13
20240518 13
20240519 13
20240520 13
20240521 13
20240522 13
20240523 13
20240524 13
20240525 13
20240526 13
20240527 13
20240528 13
20240529 13
20240530 13
20240531 13
20240601 13
20240602 13
20240603 13
20240604 13
20240605 13
20240606 13
20240609 13
20240611 13
20240612 13
20240613 13
20240614 13
20240615 13
20240616 13
20240617 13
20240618 13
20240620 13
20240621 13
20240622 13
20240623 13
20240624 13
