20230708 13
20230710 13
20230711 12
20251014 12
20251015 15
20251016 39
20251017 43
20251018 45
20251019 47
20251020 48
20251021 49
20251022 50
20251023 53
20251024 57
20251025 58
20251026 58
20251027 62
20251028 78
20251029 85
20251030 88
20251031 90
20251101 90
20251102 93
20251103 98
20251104 100
20251105 109
20251106 117
20251107 122
20251108 122
20251109 124
20251110 135
20251111 137
20251112 137
20251113 143
20251114 143
20251115 144
20251116 147
20251117 149
20251118 151
20251119 153
20251120 156
20251121 157
20251123 157
20251124 161
20251125 164
20251126 169
20251127 171
20251128 180
20251129 184
20251130 184
20251202 194
20251203 194
20251204 197
20251206 203
20251207 205
20251208 208
20251209 212
20251210 219
20251212 233
20251213 233
20251214 235
20251217 239
20260103 255
20260104 257
20260105 258
20260107 289
20260108 310
20260109 317
20260110 325
20260111 329
20260112 362
20260113 392
20260114 417
20260115 439
20260116 442
20260117 448
20260118 465
20260119 503
20260120 997
20260121 1383
20260122 1970
20260123 2391
20260124 2658
20260125 2828
20260126 3070
20260127 3337
20260128 3514
20260130 3836
20260131 3907
20260201 4017
20260202 4149
20260203 4280
20260204 4393
20260205 4494
20260206 4601
20260208 4736
20260209 4832
20260210 4911
20260211 4950
20260212 4971
20260213 4996
20260214 5051
20260215 5097
20260216 5173
20260217 5249
20260218 5303
