20230707 1742443
20230710 1742386
20230711 1742614
20230712 1742903
20230713 1743111
20230714 1743275
20230715 1743191
20230716 1743166
20230717 1743435
20230718 1743563
20230719 1743828
20230720 1744043
20230721 1744148
20230722 1744000
20230723 1743950
20230724 1744078
20230725 1744046
20230726 1744157
20230727 1744251
20230728 1744353
20230729 1744316
20230730 1744084
20230731 1742833
20230801 1740587
20230802 1739456
20230803 1739733
20230804 1740114
20230805 1740187
20230806 1740156
20230807 1740099
20230808 1740402
20230809 1740673
20230810 1740879
20230811 1741043
