20230707 40480
20230709 40469
20230710 40351
20230711 40310
20230712 40132
20230713 40034
20230714 39918
20230715 39754
20230716 39630
20230717 39571
20230718 39633
20230719 39904
20230720 39884
20230721 39841
20230722 39840
20230723 39804
20230724 39723
20230725 39685
20230726 39608
20230727 39617
20230728 39510
20230729 39487
20230730 39477
20230731 39451
20230801 39383
20230802 39380
20230803 39289
20230804 38640
20230805 38549
20230806 38506
20230807 38495
20230808 38477
20230809 38427
20230810 38389
20230811 38375
20230812 38332
20230813 38260
20230815 38232
20230816 38271
20230817 38232
