20230707 14535
20230709 14531
20230710 14528
20230711 14525
20230712 14525
20230713 14520
20230714 14520
20230715 14507
20230716 14497
20230717 14491
20230718 14494
20230719 14495
20230720 14500
20230721 14486
20230722 14487
20230723 14490
20230724 14485
20230725 14481
20230726 14482
20230727 14478
20230728 14478
20230729 14482
20230730 14477
20230731 14480
20230801 14477
20230802 14484
20230803 14487
20230804 14487
20230805 14485
20230806 14481
20230807 14482
20230808 14479
20230809 14484
20230810 14484
20230811 14481
20230812 14479
20230813 14475
20230815 14472
20230816 14471
20230817 14471
20230818 14475
20230819 14467
20230820 14468
20230821 14472
20230822 14469
20230823 14471
20230824 14467
20230825 14470
20230826 14461
20230827 14464
20230828 14464
20230829 14460
20230830 14461
20230831 14464
20230901 14464
20230902 14458
20230903 14476
20230904 14474
20230905 14471
20230906 14472
20230907 14476
20230908 14475
20230909 14476
20230910 14476
20230911 14475
20230912 14478
20230913 14481
20230914 14482
20230915 14482
20230916 14476
20230917 14466
20230918 14464
20230919 14461
20230920 13947
20230921 13959
20230922 13940
20230923 13937
20230924 13956
20230925 13955
20230926 13951
20230927 13956
20230928 13955
20230929 13956
20230930 13962
20231001 13960
20231002 13963
20231003 13958
20231005 13954
20231007 13958
20231008 13962
20231009 13960
20231010 13959
20231011 13964
20231012 13954
20231013 13951
20231014 13956
20231015 13953
20231016 13951
20231017 13948
20231018 13952
20231019 13957
20231020 13963
20231021 13956
20231022 13940
20231023 13939
20231024 13940
20231025 13941
20231026 13932
20231027 13930
20231028 13925
20231029 13921
20231030 13910
20231031 13908
20231101 13895
20231102 13895
20231103 13896
20231104 13895
20231105 13894
20231106 13892
20231107 13873
20231108 13872
20231109 13860
20231110 13859
20231111 13862
20231112 13855
20231113 13847
20231114 13846
20231115 13840
20231116 13839
20231117 13838
20231118 13836
20231120 13825
20231121 13826
20231122 13837
20231123 13836
20231124 13833
20231125 13826
20231126 13821
20231127 13816
20231128 13809
20231129 13809
20231130 13808
20231201 13811
20231202 13809
