20230707 29
20230919 29
20230920 27
20240624 27
20240626 27
20240627 27
20240628 27
20240629 27
20240630 27
20240701 27
20240702 27
20240703 27
20240704 27
20240705 27
20240706 27
20240707 27
20240708 27
20240709 27
20240710 27
20240711 27
20240712 27
20240713 27
20240714 27
20240715 27
20240716 27
20240717 27
20240718 27
20240719 27
20240720 27
20240721 27
20240722 27
20240723 27
20240724 27
20240725 27
20240726 27
20240727 27
20240728 27
20240729 27
20240730 27
20240731 27
20240801 27
20240802 27
20240803 27
