20230707 47212
20230709 47201
20230710 47193
20230711 47198
20230712 47206
20230713 47205
20230714 47210
20230715 47208
20230716 47204
20230717 47199
20230718 47197
20230719 47197
20230720 47192
20230721 47194
20230722 47202
20230723 47202
20230724 47202
20230725 47202
20230726 47202
20230727 47202
20230728 47202
20230729 47202
20230730 47202
20230731 47202
20230801 47202
20230802 47202
20230803 47202
20230804 47202
20230805 47202
20230806 47202
20230807 47202
20230808 47202
20230809 47202
20230810 47202
20231208 46815
20231209 46817
