20230707 52448
20230709 52463
20230710 52509
20230711 52542
20230712 52638
20230713 52883
20230714 53026
20230715 53006
20230716 53153
20230717 53140
20230718 53165
20230719 53189
20230720 53188
20230721 53220
20230722 53234
20230723 53271
20230724 53280
20230725 53452
20230726 53465
20230727 53687
20230728 53702
20230729 53726
20230730 53735
20230731 53785
20230801 53823
20230802 53847
20230803 53860
20230804 53928
20230805 53902
20230806 53851
20230807 53826
20230808 53788
20230809 53784
20230810 53892
20230811 53899
20230812 53924
20230813 53899
20230815 54115
20230816 54186
20230817 54397
20230818 54407
20230819 54415
20230820 54401
20230821 54402
20230822 54415
20230823 54424
