20230707 46770
20230709 46786
20230710 46809
20230711 46870
20230712 46904
20230713 46966
20230714 47030
20230715 47100
20230716 47138
20230717 47157
20230718 47232
20230719 47325
20230720 47362
20230721 47429
20230722 47590
20230723 47669
20230724 47739
20230725 47841
20230726 47939
20230727 48060
20230728 48158
20230729 48195
20230730 48193
20230731 48264
20230801 48373
20230802 48451
20230803 48495
20230804 48609
20230805 48709
20230806 48667
20230807 48699
20230808 48799
20230809 48924
20230810 49051
20230811 49235
20230812 49321
20230813 49395
20230815 49527
20230816 49607
20230817 49680
20230818 49817
20230819 49917
20230820 49983
20230821 50005
20230822 50075
20230823 50119
20230824 50199
20230825 50267
20230826 50354
20230827 50412
20230828 50577
20230829 50917
20230830 51051
20230831 50910
20230901 51111
20230902 51264
20230903 51398
20230904 51424
20230905 51536
20230906 51646
20230907 51682
20230908 51750
20230909 51765
20230910 51799
20230911 51866
20230912 51937
20230913 52048
20230914 52176
20230915 52243
20230916 52335
20230917 52420
20230918 52471
20230919 52513
20230920 52098
20230921 52300
20230922 52438
20230923 52490
20230924 52537
20230925 52542
20230926 52680
20230927 52828
20230928 52905
20230929 52973
20230930 52989
20231001 53021
20231002 53025
20231003 53196
20231005 53311
20231007 53409
20231008 53461
20231009 53499
20231010 53706
20231011 53864
20231012 53930
20231013 54160
20231014 54229
20231015 54284
20231016 54275
20231017 54624
20231018 54979
20231019 55088
20231020 55174
20231021 55252
20231022 55315
20231023 55364
20231024 55444
20231025 55510
20231026 55592
20231027 55628
20231028 55675
20231029 55731
20231030 55771
20231031 55820
20231101 55907
20231102 56025
20231103 56123
20231104 56192
20231105 56240
20231106 56272
20231107 56340
20231108 56421
20231109 56381
20231110 56399
20231111 56632
20231112 56668
20231113 56702
20231114 56793
20231115 56820
20231116 56930
20231117 57385
20231118 57691
20231120 57782
20231121 57978
20231122 58316
20231123 58653
20231124 58755
20231125 58848
20231126 58922
20231127 58747
20231128 58824
20231129 58878
20231130 58982
20231201 59005
20231202 59079
20231203 59111
20231204 59233
20231205 59318
20231206 59414
20231207 59542
20231208 59645
20231209 59713
20231210 59751
20231211 59786
20231212 59808
20231213 59858
20231214 59942
20231215 60077
20231216 60195
20231217 60256
