20230922 2564
20230924 2566
20230925 2566
20230926 2566
20230927 2567
20230928 2567
20230929 2569
20230930 2569
20231001 2569
20231002 2569
20231003 2569
20231005 2570
20231007 2570
20231008 2572
20231009 2572
20231010 2575
20231011 2575
20231012 2579
20231013 2579
20231014 2584
20231015 2585
20231016 2586
20231017 2586
20231018 2587
20231019 2587
20231020 2590
20231021 2592
20231022 2593
20231023 2593
20231024 2593
20231025 2593
20231026 2595
20231027 2595
20231028 2600
20231029 2600
20231030 2600
20231031 2601
20231101 2601
20231102 2601
20231103 2602
20231104 2602
20231105 2602
20231106 2602
20231107 2604
20231108 2604
20231109 2606
20231110 2606
20231111 2610
20231112 2610
20231113 2612
20231114 2612
20231115 2612
20231116 2613
20231117 2614
20231118 2628
20231120 2682
20231121 2871
20231122 2885
20231123 2932
20231124 3021
20231125 3177
20231126 3235
20231127 3235
