20230922 78359
20230924 78400
20230925 78448
20230926 78424
20230927 78405
20230928 78433
20230929 78479
20230930 78498
20231001 78503
20231002 78555
20231003 78553
20231005 78574
20231007 78636
20231008 78655
20231009 78691
20231010 78695
20231011 78682
20231012 78686
20231013 78710
20231014 78773
20231015 78802
20231016 78835
20231017 78835
20231018 78832
20231019 78832
20231020 78864
20231021 78898
20231022 78921
20231023 78956
20231024 78956
20231025 78946
20231026 78942
20231027 78952
20231028 78971
20231029 79019
20231030 79016
20231031 79022
20231101 79015
20231102 79026
20231103 79087
20231104 79068
20231105 79090
20231106 79110
20231107 79122
20231108 79122
