20230922 6410
20230924 6417
20230925 6417
20230926 6419
20230927 6427
20230928 6433
20230929 6436
20230930 6434
20231001 6433
20231002 6440
20231003 6446
20231005 6457
20231007 6454
20231008 6455
20231009 6458
20231010 6458
20231011 6459
20231012 6461
20231013 6461
20231014 6461
20231015 6461
20231016 6466
20231017 6466
20231018 6468
20231019 6468
20231020 6470
20231021 6468
20231022 6469
20231023 6472
20231024 6474
20231025 6476
20231026 6477
20231027 6478
20231028 6478
20231029 6484
20231030 6486
20231031 6489
20231101 6489
20231102 6490
20231103 6491
20231104 6491
20231105 6492
20231106 6493
20231107 6495
20231108 6495
20231109 6499
20231110 6500
20231111 6502
20231112 6503
20231113 6506
20231114 6508
20231115 6509
20231116 6509
20231117 6509
20231118 6514
20231120 6514
20231121 6518
20231122 6519
20231123 6523
20231124 6523
20231125 6525
20231126 6526
