20230922 3346
20230924 3352
20230925 3355
20230926 3354
20230927 3352
20230928 3355
20230929 3345
20230930 3348
20231001 3342
20231002 3344
20231003 3345
20231005 3347
20231007 3348
20231008 3351
20231009 3354
20231010 3362
20231011 3364
20231012 3338
20231013 3342
20231014 3349
20231015 3348
20231016 3351
20231017 3351
20231018 3357
20231019 3357
20231020 3352
20231021 3345
20231022 3350
20231023 3346
20231024 3346
20231025 3350
20231026 3347
20231027 3352
20231028 3351
20231029 3358
20231030 3355
20231031 3357
20231101 3337
20231102 3339
20231103 3346
20231104 3345
20231105 3333
20231106 3337
20231107 3343
20231108 3343
20231109 3338
20231110 3341
20231111 3343
20231112 3349
20231113 3361
20231114 3352
20231115 3356
20231116 3350
20231117 3349
20231118 3355
20231120 3343
20231121 3348
20231122 3352
20231123 3355
20231124 3353
20231125 3352
20231126 3344
20231127 3345
20231128 3354
20231129 3351
20231130 3359
20231201 3348
20231202 3347
20231203 3352
20231204 3350
20231205 3352
20231206 3351
20231207 3354
20231208 3353
20231209 3351
20231210 3349
20231211 3352
20231212 3355
20231213 3355
20231214 3344
20231215 3348
20231216 3361
20231217 3369
