20230707 1592
20230709 1592
20230710 1590
20230711 1591
20230712 1591
20230714 1591
20230715 1590
20230716 1590
20230717 1590
20230718 1590
20230719 1592
20230720 1593
20230721 1594
20230722 1594
20230723 1594
20230724 1594
20230725 1593
20230726 1593
20230727 1592
20230728 1592
20230729 1591
20230730 1594
20230731 1598
20230801 1595
20230802 1594
20230803 1596
20230804 1595
20230805 1594
20230806 1596
20230807 1595
20230808 1596
20230809 1595
20230810 1596
20230811 1596
20230812 1594
20230813 1594
20230815 1597
20230816 1598
20230817 1598
20230818 1599
20230819 1599
20230820 1599
20230821 1596
20230822 1595
20230823 1596
20230824 1597
20230825 1598
20230826 1599
20230827 1599
20230828 1597
20230829 1596
20230830 1595
20230831 1596
20230901 1596
20230902 1596
20230903 1595
20230904 1593
20230905 1590
20230906 1589
20230907 1586
20230908 1586
20230909 1584
20230910 1586
20230911 1585
20230912 1582
20230913 1574
20230914 1573
20230915 1579
20230916 1580
20230917 1582
20230918 1585
20230919 1583
20230920 1218
20230921 1216
20230922 1213
20230923 1213
20230924 1214
20230925 1214
20230926 1213
20230927 1212
20230928 1213
20230929 1211
20230930 1213
20231001 1212
20231002 1212
20231003 1214
20231005 1215
20231007 1213
20231008 1214
20231009 1212
20231010 1212
20231011 1212
20231012 1211
20231013 1208
20231014 1208
20231015 1203
20231016 1202
20231017 1202
20231018 1202
20231019 1205
20231020 1205
20231021 1205
20231022 1204
20231023 1204
20231024 1202
20231025 1201
20231026 1202
20231027 1200
20231028 1201
20231029 1201
20231030 1201
20231031 1201
20231101 1200
20231102 1198
20231103 1198
20231104 1200
20231105 1200
20231106 1200
20231107 1199
20231108 1198
20231109 1199
20231110 1199
20231111 1198
20231112 1199
20231113 1195
20231114 1195
20231115 1197
20231116 1197
20231117 1198
20231118 1198
20231120 1199
20231121 1199
20231122 1201
20231123 1201
20231124 1201
20231125 1199
20231126 1199
20231127 1198
20231128 1199
20231129 1199
20231130 1199
20231201 1199
20231202 1199
20231203 1201
20231204 1200
20231205 1200
20231206 1201
20231207 1201
20231208 1201
20231209 1200
20231210 1199
20231211 1200
20231212 1200
20231213 1200
20231214 1200
20231215 1201
20231216 1202
20231217 1202
20231218 1202
20231219 1202
20231220 1204
20231221 1203
20231222 1204
20231223 1205
20231224 1205
20231225 1205
20231226 1205
20231227 1205
20231230 1206
20231231 1207
20240101 1207
20240102 1207
20240103 1208
20240104 1208
20240105 1209
20240106 1233
20240107 1232
20240108 1231
20240109 1230
20240110 1228
20240111 1259
20240112 1262
20240113 1262
20240114 1261
20240115 1261
20240116 1263
20240117 1262
20240118 1262
20240119 1261
20240120 1261
20240121 1257
20240122 1258
20240124 1254
20240125 1256
20240126 1255
20240127 1255
20240128 1255
20240129 1256
20240130 1243
20240131 1241
20240201 1241
20240202 1242
20240203 1243
20240204 1243
20240205 1242
20240206 1216
20240207 1212
20240208 1212
20240209 1212
20240210 1211
20240211 1212
20240212 1212
20240213 1212
20240214 1212
20240215 1212
20240216 1212
20240217 1212
20240218 1212
20240219 1214
20240220 1213
20240221 1213
20240222 1213
20240223 1213
20240224 1210
20240225 1205
20240226 1206
20240227 1206
20240228 1205
20240229 1206
20240301 1205
20240302 1205
20240303 1205
20240304 1205
20240305 1202
20240306 1204
20240307 1205
20240308 1205
20240309 1208
20240310 1208
20240311 1207
20240312 1207
20240313 1207
20240314 1207
20240315 1209
20240316 1210
20240317 1210
20240318 1209
20240319 1200
20240320 1200
20240321 1200
20240322 1200
20240323 1200
20240324 1200
20240325 1200
20240326 1200
20240327 1198
20240328 1194
20240329 1192
20240330 1192
20240331 1194
20240401 1194
20240402 1194
20240403 1194
20240404 1195
20240405 1195
20240406 1195
20240407 1194
20240408 1196
20240409 1196
20240410 1196
20240411 1196
20240412 1197
20240413 1198
20240415 1199
20240416 1199
20240417 1199
20240418 1199
20240419 1199
20240420 1200
20240421 1202
20240422 1202
20240423 1203
20240424 1202
20240425 1201
20240426 1201
20240427 1201
20240428 1199
20240429 1200
20240430 1199
20240501 1199
20240503 1198
20240504 1197
20240505 1197
20240506 1196
20240507 1200
20240508 1197
20240509 1198
20240510 1198
