20230707 22486
20230709 22465
20230710 22509
20230711 22405
20230712 22322
20230713 22223
20230714 22236
20230715 22239
20230716 22227
20230717 22231
20230718 22250
20230719 22292
20230720 22266
20230721 22211
20230722 22281
20230723 22381
20230724 22392
20230725 22575
20230726 22630
20230727 22656
20230728 22676
20230729 22776
20230730 22913
20230731 23095
20230801 23213
20230802 23227
20230803 23210
20230804 23228
20230805 23235
20230806 23333
20230807 23337
20230808 23357
20230809 23470
20230810 23492
20230811 23469
20230812 23463
20230813 23401
20230815 23489
20230816 23489
20230817 23528
20230816 23489
20230818 23560
20230816 23489
20230819 23553
20230816 23489
20230820 23608
20230816 23489
20230821 23606
20230816 23489
20230822 23643
20230816 23489
20230823 23638
20230816 23489
20230824 23655
20230816 23489
20230825 23635
20230816 23489
20230826 23649
20230816 23489
20230827 23683
20230816 23489
20230828 23680
20230816 23489
20230829 23729
20230816 23489
20230830 23701
20230816 23489
20230831 23708
20230816 23489
20230901 23714
20230816 23489
20230902 23721
20230816 23489
20230903 23729
20230816 23489
20230904 23740
20230816 23489
20230905 23741
20230816 23489
20230906 23751
20230816 23489
20230907 23742
20230816 23489
20230908 23737
20230816 23489
20230909 23739
20230816 23489
20230910 23723
20230816 23489
20230911 23718
20230816 23489
20230912 23697
20230816 23489
20230913 23683
20230816 23489
20230914 23671
20230816 23489
20230915 23666
20230816 23489
20230916 23671
20230816 23489
20230917 23631
20230816 23489
20230918 23632
20230816 23489
20230919 23652
20230816 23489
20230920 23356
20230816 23489
20230921 23283
20230816 23489
20230922 23266
20230816 23489
20230923 23272
20230816 23489
20230924 23257
20230816 23489
20230925 23196
20230816 23489
20230926 23189
20230816 23489
20230927 23171
20230816 23489
20230928 23177
20230816 23489
20230929 23179
20230816 23489
20230930 23154
20230816 23489
20231001 23142
20230816 23489
20231002 23138
20230816 23489
20231003 23147
20230816 23489
20231005 23172
20230816 23489
20231007 22894
20230816 23489
20231008 22925
20230816 23489
20231009 22935
20230816 23489
20231010 22936
20230816 23489
20231011 22923
20230816 23489
20231012 22918
20230816 23489
20231013 22841
20230816 23489
20231014 22827
20230816 23489
20231015 22817
20230816 23489
20231016 22805
20230816 23489
20231017 22819
20230816 23489
20231018 22691
20230816 23489
20231019 22662
20230816 23489
20231020 22653
20230816 23489
20231021 22614
20230816 23489
20231022 22619
20230816 23489
20231023 22695
20230816 23489
20231024 22702
20230816 23489
20231025 22683
20230816 23489
20231026 22685
20230816 23489
20231027 22686
20230816 23489
20231028 22688
20230816 23489
20231029 22694
20230816 23489
20231030 22662
20230816 23489
20231031 22651
20230816 23489
20231101 22636
20230816 23489
20231102 22624
20230816 23489
20231103 22485
20230816 23489
20231104 22497
20230816 23489
20231105 22514
20230816 23489
20231106 22515
20230816 23489
20231107 22498
20230816 23489
20231108 22513
20230816 23489
20231109 22469
20230816 23489
20231110 22547
20230816 23489
20231111 22558
20230816 23489
20231112 22555
20230816 23489
20231113 22571
20230816 23489
20231114 22541
20230816 23489
20231115 22542
20230816 23489
20231116 22556
20230816 23489
20231117 22576
20230816 23489
20231118 22511
20230816 23489
20231120 22522
20230816 23489
20231121 22534
20230816 23489
20231122 22456
20230816 23489
20231123 22517
20230816 23489
20231124 22522
20230816 23489
20231125 22518
20230816 23489
20231126 22514
20230816 23489
20231127 22518
20230816 23489
20231128 22497
20230816 23489
20231129 22503
20230816 23489
20231130 22510
20231201 22510
20231202 22523
20231201 22510
20231203 22520
20231201 22510
20231204 22535
20231205 22535
20231206 22568
20231205 22535
20231207 22556
20231205 22535
20231208 22576
20231205 22535
20231209 22573
20231205 22535
20231210 22593
20231205 22535
20231211 22619
20231205 22535
20231212 22610
20231205 22535
20231213 22620
20231205 22535
20231214 22654
20231205 22535
20231215 22660
20231205 22535
20231216 22667
20231205 22535
20231217 22690
20231205 22535
20231218 22684
20231205 22535
20231219 22677
20231205 22535
20231220 22663
20231205 22535
20231221 22666
20231205 22535
20231222 22679
20231205 22535
20231223 22681
20231205 22535
20231224 22657
20231205 22535
20231225 22652
20231205 22535
20231226 22624
20231205 22535
20231227 22636
20231205 22535
20231230 22664
20231205 22535
20231231 22653
20231205 22535
20240101 22641
20231205 22535
20240102 22634
20231205 22535
20240103 22644
20231205 22535
20240104 22646
20231205 22535
20240105 22649
20231205 22535
20240106 22634
20231205 22535
20240107 22653
20231205 22535
20240108 22642
20231205 22535
20240109 22655
20231205 22535
20240110 22690
20231205 22535
20240111 22714
20231205 22535
20240112 22741
20231205 22535
20240113 22776
20231205 22535
20240114 22803
20231205 22535
20240115 22761
20231205 22535
20240116 22738
20231205 22535
20240117 22791
20231205 22535
20240118 22810
20231205 22535
20240119 22801
20231205 22535
20240120 22821
20231205 22535
20240121 22846
20231205 22535
20240122 22851
20231205 22535
20240124 22879
20231205 22535
20240125 22857
20231205 22535
20240126 22845
20231205 22535
20240127 22867
20231205 22535
20240128 22886
20231205 22535
20240129 22915
20231205 22535
20240130 22862
20231205 22535
20240131 22902
20231205 22535
20240201 22974
20231205 22535
20240202 22977
20231205 22535
20240203 22939
20231205 22535
20240204 22957
20231205 22535
20240205 22978
20231205 22535
20240206 22963
20231205 22535
20240207 22911
20231205 22535
20240208 22821
20231205 22535
20240209 22745
20231205 22535
20240210 22705
20231205 22535
20240211 22620
20231205 22535
20240212 22589
20231205 22535
20240213 22476
20231205 22535
20240214 22453
20231205 22535
20240215 22390
20231205 22535
20240216 22337
20231205 22535
20240217 22292
20231205 22535
20240218 22277
20231205 22535
20240219 22236
20231205 22535
20240220 22217
20231205 22535
20240221 22236
20231205 22535
20240222 22260
20231205 22535
20240223 22209
20231205 22535
20240224 22181
20231205 22535
20240225 22177
20231205 22535
20240226 22150
20231205 22535
20240227 22113
20231205 22535
20240228 22106
20231205 22535
20240229 22135
20231205 22535
20240301 22150
20231205 22535
20240302 22063
20231205 22535
20240303 22097
20231205 22535
20240304 22106
20231205 22535
20240305 22073
20231205 22535
20240306 22078
20231205 22535
20240307 22114
20231205 22535
20240308 22119
20231205 22535
20240309 22131
20231205 22535
20240310 22142
20231205 22535
20240311 22086
20231205 22535
20240312 22129
20231205 22535
20240313 22126
20231205 22535
20240314 22171
20231205 22535
20240315 22154
20231205 22535
20240316 22117
20231205 22535
20240317 22168
20231205 22535
20240318 22117
20231205 22535
20240319 22073
20231205 22535
20240320 22102
20231205 22535
20240321 22136
20231205 22535
20240322 22125
20231205 22535
20240323 22088
20231205 22535
20240324 22091
20231205 22535
20240325 22054
20231205 22535
20240326 22024
20231205 22535
20240327 22082
20231205 22535
20240328 22123
20231205 22535
20240329 22130
20231205 22535
20240330 21992
20231205 22535
20240331 21995
20231205 22535
20240401 22002
20231205 22535
20240402 22020
20231205 22535
20240403 22045
20231205 22535
20240404 22066
20231205 22535
20240405 22013
20231205 22535
20240406 21972
20231205 22535
20240407 21954
20231205 22535
20240408 21932
20231205 22535
20240409 21913
20231205 22535
20240410 21942
20231205 22535
20240411 21960
20231205 22535
20240412 21917
20231205 22535
20240413 21908
20231205 22535
20240415 21901
20231205 22535
20240416 21910
20231205 22535
20240417 21870
20231205 22535
20240418 21826
20231205 22535
20240419 21817
20231205 22535
20240420 21776
20231205 22535
20240421 21766
20231205 22535
20240422 21742
20231205 22535
20240423 21712
20231205 22535
20240424 21682
20231205 22535
20240425 21684
20231205 22535
20240426 21615
20231205 22535
20240427 21545
20231205 22535
20240428 21544
20231205 22535
20240429 21532
20231205 22535
20240430 21467
20231205 22535
20240501 21454
20231205 22535
20240503 21345
20231205 22535
20240504 21403
20231205 22535
20240505 21415
20231205 22535
20240506 21401
20231205 22535
20240507 21388
20231205 22535
20240508 21406
20231205 22535
20240509 21376
20231205 22535
20240510 21234
20231205 22535
20240511 21231
20231205 22535
20240512 21226
20231205 22535
20240513 21215
20231205 22535
20240514 21231
20231205 22535
20240515 21244
20231205 22535
20240516 21258
20231205 22535
20240517 21244
20231205 22535
20240518 21298
20240519 21298
20240520 21283
20240519 21298
20240521 21360
20240519 21298
20240522 21384
20240519 21298
20240523 21371
20240519 21298
20240524 21309
20240519 21298
20240525 21307
20240519 21298
20240526 21287
20240519 21298
20240527 21307
20240519 21298
20240528 21287
20240519 21298
20240529 21303
20240519 21298
20240530 21285
20240519 21298
20240531 21304
20240519 21298
20240601 21255
20240519 21298
20240602 21249
20240519 21298
20240603 21227
20240519 21298
20240604 21188
20240605 21188
20240606 21236
20240605 21188
20240609 21232
20240605 21188
20240611 21215
20240605 21188
20240612 21195
20240605 21188
20240613 21163
20240605 21188
20240614 21099
20240605 21188
20240615 21073
20240605 21188
20240616 21064
20240605 21188
20240617 21035
20240605 21188
20240618 21022
20240605 21188
20240620 20942
20240605 21188
20240621 20896
20240605 21188
20240622 20886
20240605 21188
20240623 20787
20240605 21188
20240624 20767
20240605 21188
20240626 20554
20240627 20554
20240628 20468
20240627 20554
20240629 20482
20240627 20554
20240630 20471
20240627 20554
20240701 20443
20240627 20554
20240702 20410
20240627 20554
20240703 20326
20240627 20554
20240704 20305
20240627 20554
20240705 20324
20240627 20554
20240706 20319
20240627 20554
20240707 20249
20240627 20554
20240708 20257
20240627 20554
20240709 20210
20240627 20554
20240710 20193
20240627 20554
20240711 20210
20240627 20554
20240712 20241
20240627 20554
20240713 20291
20240627 20554
20240714 20327
20240627 20554
20240715 20372
20240627 20554
20240716 20418
20240627 20554
20240717 20430
20240627 20554
20240718 20432
20240627 20554
20240719 20439
20240627 20554
20240720 20430
20240627 20554
20240721 20413
20240627 20554
20240722 20392
20240627 20554
20240723 20364
20240724 20364
20240725 20440
20240724 20364
20240726 20422
20240724 20364
20240727 20415
20240724 20364
20240728 20369
20240724 20364
20240729 20351
20240724 20364
20240730 20372
20240731 20364
20240724 20364
20240801 20330
20240724 20364
20240802 20331
20240724 20364
20240803 20325
20240724 20364
20240804 20282
20240724 20364
20240805 20171
20240724 20364
20240806 20113
20240724 20364
20240807 20074
20240724 20364
20240808 20050
20240724 20364
20240809 20071
20240724 20364
20240810 20004
20240724 20364
20240811 20058
20240724 20364
20240812 20033
20240724 20364
20240813 20025
20240724 20364
20240814 20007
20240724 20364
20240815 20002
20240724 20364
20240816 19969
20240724 20364
20240817 20015
20240724 20364
20240818 20022
20240724 20364
20240819 20037
20240724 20364
20240820 20034
20240724 20364
20240821 20068
20240724 20364
20240822 20125
20240724 20364
20240823 20126
20240724 20364
20240824 20148
20240724 20364
20240825 20143
20240724 20364
20240826 20118
20240724 20364
20240827 20112
20240724 20364
20240828 20027
20240724 20364
20240829 20099
20240724 20364
20240830 20100
20240724 20364
20240831 20174
20240724 20364
20240901 20141
20240724 20364
20240902 20086
20240724 20364
20240903 20041
20240724 20364
20240904 19947
20240724 20364
20240905 19955
20240724 20364
20240906 19972
20240724 20364
20240907 19996
20240724 20364
20240908 19972
20240724 20364
20240909 19965
20240724 20364
20240910 19912
20240724 20364
20240911 19856
20240724 20364
20240912 19874
20240724 20364
20240913 19906
20240724 20364
20240914 19913
20240724 20364
20240915 19940
20240724 20364
20240916 19981
20240724 20364
20240917 19902
20240724 20364
20240918 19891
20240724 20364
20240919 19947
20240724 20364
20240920 20050
20240724 20364
20240921 20176
20240724 20364
20240921 20334
20240922 20334
20240925 20876
20240922 20334
20240926 21051
20240922 20334
20240927 21164
20240922 20334
20240928 21250
20240928 21250
