20230707 21276
20230709 21285
20230710 21283
20230711 21296
20230712 21295
20230713 21308
20230714 21309
20230715 21312
20230716 21302
20230717 21303
20230718 21304
20230719 21307
20230720 21313
20230721 21312
20230722 21324
20230723 21321
20230724 21310
20230725 21319
20230726 21330
20230727 21323
20230728 21315
20230729 21310
20230730 21308
20230731 21304
20230801 21304
20230802 21291
20230801 21304
20230803 21296
20230801 21304
20230804 21299
20230801 21304
20230805 21303
20230801 21304
20230806 21310
20230801 21304
20230807 21309
20230801 21304
20230808 21316
20230801 21304
20230809 21314
20230801 21304
20230810 21312
20230801 21304
20230811 21320
20230812 21320
20230813 21322
20230812 21320
20230815 21311
20230812 21320
20230816 21306
20230812 21320
20230817 21303
20230812 21320
20230818 21300
20230812 21320
20230819 21295
20230812 21320
20230820 21296
20230812 21320
20230821 21293
20230812 21320
20230822 21292
20230812 21320
20230823 21295
20230812 21320
20230824 21306
20230825 21306
20230826 21317
20230825 21306
20230827 21318
20230825 21306
20230828 21312
20230825 21306
20230829 21311
20230825 21306
20230830 21312
20230825 21306
20230831 21304
20230825 21306
20230901 21302
20230825 21306
20230902 21295
20230825 21306
20230903 21290
20230825 21306
20230904 21288
20230825 21306
20230905 21298
20230825 21306
20230906 21295
20230825 21306
20230907 21290
20230825 21306
20230908 21289
20230825 21306
20230909 21278
20230825 21306
20230910 21263
20230825 21306
20230911 21255
20230825 21306
20230912 21256
20230825 21306
20230913 21254
20230825 21306
20230914 21251
20230825 21306
20230915 21250
20230825 21306
20230916 21252
20230825 21306
20230917 21250
20230825 21306
20230918 21256
20230825 21306
20230919 21261
20230825 21306
20230920 19926
20230825 21306
20230921 19932
20230825 21306
20230922 19926
20230825 21306
20230923 19924
20230825 21306
20230924 19923
20230825 21306
20230925 19926
20230825 21306
20230926 19930
20230825 21306
20230927 19924
20230825 21306
20230928 19922
20230825 21306
20230929 19918
20230930 19918
20231001 19921
20231002 19918
20230930 19918
20231003 19912
20230930 19918
20231005 19916
20230930 19918
20231007 19914
20230930 19918
20231008 19920
20230930 19918
20231009 19914
20230930 19918
20231010 19919
20230930 19918
20231011 19916
20230930 19918
20231012 19919
20230930 19918
20231013 19926
20230930 19918
20231014 19925
20230930 19918
20231015 19929
20230930 19918
20231016 19924
20230930 19918
20231017 19921
20230930 19918
20231018 19917
20231019 19918
20230930 19918
20231020 19922
20230930 19918
20231021 19914
20230930 19918
20231022 19906
20230930 19918
20231023 19897
20230930 19918
20231024 19895
20230930 19918
20231025 19894
20230930 19918
20231026 19898
20230930 19918
20231027 19896
20231028 19896
20231029 19898
20231028 19896
20231030 19895
20231028 19896
20231031 19893
20231028 19896
20231101 19898
20231028 19896
20231102 19895
20231103 19896
20231104 19896
20231105 19881
20231104 19896
20231106 19874
20231104 19896
20231107 19882
20231104 19896
20231108 19887
20231104 19896
20231109 19880
20231104 19896
20231110 19881
20231104 19896
20231111 19878
20231104 19896
20231112 19876
20231104 19896
20231113 19878
20231104 19896
20231114 19881
20231115 19881
20231116 19874
20231115 19881
20231117 19898
20231115 19881
20231118 19905
20231115 19881
20231120 19898
20231115 19881
20231121 19896
20231115 19881
20231122 19894
20231115 19881
20231123 19890
20231115 19881
20231124 19895
20231115 19881
20231125 19886
20231126 19886
20231127 19888
20231126 19886
20231128 19890
20231126 19886
20231129 19984
20231126 19886
20231130 19989
20231126 19886
20231201 19998
20231126 19886
20231202 19997
20231126 19886
20231203 19993
20231126 19886
20231204 19990
20231126 19886
20231205 19989
20231126 19886
20231206 19997
20231126 19886
20231207 19990
20231126 19886
20231208 19983
20231126 19886
20231209 19979
20231126 19886
20231210 19992
20231126 19886
20231211 19993
20231126 19886
20231212 19995
20231126 19886
20231213 20023
20231126 19886
20231214 20015
20231126 19886
20231215 20012
20231126 19886
20231216 20010
20231126 19886
20231217 20001
20231126 19886
20231218 19994
20231126 19886
20231219 19998
20231220 19998
20231221 19999
20231220 19998
20231222 20007
20231223 19998
20231220 19998
20231224 19995
20231220 19998
20231225 20000
20231220 19998
20231226 19993
20231220 19998
20231227 19981
20231230 19998
20231220 19998
20231231 19994
20231220 19998
20240101 19989
20231220 19998
20240102 19993
20231220 19998
20240103 19994
20231220 19998
20240104 19997
20231220 19998
20240105 19999
20231220 19998
20240106 20007
20231220 19998
20240107 20004
20231220 19998
20240108 20000
20231220 19998
20240109 20004
20240110 20004
20240111 20006
20240112 20006
20240113 20005
20240112 20006
20240114 19994
20240112 20006
20240115 19988
20240112 20006
20240116 19995
20240112 20006
20240117 19996
20240112 20006
20240118 19998
20240112 20006
20240119 20001
20240112 20006
20240120 19997
20240112 20006
20240121 19996
20240112 20006
20240122 19992
20240112 20006
20240124 19988
20240112 20006
20240125 19990
20240112 20006
20240126 19993
20240112 20006
20240127 20000
20240112 20006
20240128 20002
20240112 20006
20240129 20000
20240131 20000
20240201 19996
20240131 20000
20240202 19997
20240131 20000
20240203 19998
20240204 20000
20240131 20000
20240205 20001
20240131 20000
20240206 19998
20240131 20000
20240207 19999
20240131 20000
20240208 19998
20240131 20000
20240209 20007
20240131 20000
20240210 19996
20240131 20000
20240211 19988
20240131 20000
20240212 19980
20240131 20000
20240213 19993
20240131 20000
20240214 20001
20240131 20000
20240215 19999
20240131 20000
20240216 20001
20240131 20000
20240217 19998
20240131 20000
20240218 19991
20240131 20000
20240219 19988
20240131 20000
20240220 19980
20240131 20000
20240221 19974
20240131 20000
20240222 19968
20240131 20000
20240223 19975
20240224 19975
20240225 19974
20240224 19975
20240226 19978
20240224 19975
20240227 20016
20240224 19975
20240228 20021
20240224 19975
20240229 20018
20240224 19975
20240301 20019
20240224 19975
20240302 20010
20240224 19975
20240303 20007
20240224 19975
20240304 20006
20240224 19975
20240305 20007
20240224 19975
20240306 20009
20240224 19975
20240307 20004
20240224 19975
20240308 19994
20240224 19975
20240309 19987
20240224 19975
20240310 19992
20240224 19975
20240311 19987
20240224 19975
20240312 19985
20240224 19975
20240313 19971
20240224 19975
20240314 19977
20240224 19975
20240315 19965
20240316 19965
20240317 19960
20240316 19965
20240318 19954
20240316 19965
20240319 19937
20240316 19965
20240320 19929
20240316 19965
20240321 19905
20240316 19965
20240322 19909
20240316 19965
20240323 19908
20240316 19965
20240324 19911
20240316 19965
20240325 19905
20240316 19965
20240326 19902
20240316 19965
20240327 19905
20240316 19965
20240328 19897
20240316 19965
20240329 19887
20240316 19965
20240330 19883
20240316 19965
20240331 19879
20240316 19965
20240401 19877
20240316 19965
20240402 19871
20240316 19965
20240403 19883
20240316 19965
20240404 19887
20240316 19965
20240405 19885
20240316 19965
20240406 19871
20240316 19965
20240407 19859
20240316 19965
20240408 19857
20240316 19965
20240409 19854
20240316 19965
20240410 19861
20240316 19965
20240411 19863
20240316 19965
20240412 19857
20240316 19965
20240413 19855
20240316 19965
20240415 19843
20240316 19965
20240416 19844
20240316 19965
20240417 19846
20240316 19965
20240418 19844
20240316 19965
20240419 19836
20240316 19965
20240420 19829
20240316 19965
20240421 19837
20240316 19965
20240422 19833
20240316 19965
20240423 19832
20240316 19965
20240424 19837
20240316 19965
20240425 19841
20240316 19965
20240426 19848
20240316 19965
20240427 19841
20240316 19965
20240428 19836
20240316 19965
20240429 19837
20240316 19965
20240430 19828
20240316 19965
20240501 19825
20240316 19965
20240503 19823
20240316 19965
20240504 19818
20240316 19965
20240505 19815
20240316 19965
20240506 19818
20240507 19818
20240508 19816
20240507 19818
20240509 19784
20240507 19818
20240510 19762
20240507 19818
20240511 19778
20240507 19818
20240512 19784
20240507 19818
20240513 19786
20240507 19818
20240514 19800
20240507 19818
20240515 19783
20240507 19818
20240516 19757
20240507 19818
20240517 19773
20240507 19818
20240518 19759
20240507 19818
20240519 19750
20240507 19818
20240520 19771
20240507 19818
20240521 19759
20240507 19818
20240522 19748
20240507 19818
20240523 19758
20240507 19818
20240524 19771
20240507 19818
20240525 19766
20240507 19818
20240526 19771
20240507 19818
20240527 19773
20240507 19818
20240528 19768
20240507 19818
20240529 19736
20240507 19818
20240530 19685
20240507 19818
20240531 19693
20240507 19818
20240601 19695
20240507 19818
20240602 19687
20240507 19818
20240603 19678
20240507 19818
20240604 19676
20240507 19818
20240605 19666
20240507 19818
20240606 19670
20240507 19818
20240609 19624
20240507 19818
20240611 19538
20240507 19818
20240612 19517
20240613 19517
20240614 19419
20240613 19517
20240615 19417
20240613 19517
20240616 19242
20240613 19517
20240617 19133
20240613 19517
20240618 19014
20240613 19517
20240620 18825
20240613 19517
20240621 18726
20240613 19517
20240622 18615
20240613 19517
20240623 18464
20240613 19517
20240624 18338
20240613 19517
20240626 18094
20240613 19517
20240627 17947
20240613 19517
20240628 17821
20240613 19517
20240629 17660
20240613 19517
20240630 17559
20240613 19517
20240701 17436
20240613 19517
20240702 17296
20240613 19517
20240703 17160
20240613 19517
20240704 17057
20240613 19517
20240705 16962
20240613 19517
20240706 16894
20240613 19517
20240707 16760
20240613 19517
20240708 16697
20240613 19517
20240709 16616
20240613 19517
20240710 16531
20240613 19517
20240711 16439
20240613 19517
20240712 16320
20240613 19517
20240713 16216
20240613 19517
20240714 16102
20240613 19517
20240715 16030
20240613 19517
20240716 15933
20240613 19517
20240717 15813
20240613 19517
20240718 15719
20240613 19517
20240719 15688
20240613 19517
20240720 15581
20240613 19517
20240721 15518
20240613 19517
20240722 15490
20240613 19517
20240723 15483
20240724 15483
20240725 15475
20240724 15483
20240726 15474
20240724 15483
20240727 15471
20240724 15483
20240728 15462
20240724 15483
20240729 15465
20240724 15483
20240730 15466
20240724 15483
20240731 15464
20240724 15483
20240801 15463
20240724 15483
20240802 15466
20240724 15483
20240803 15457
20240724 15483
20240804 15453
20240724 15483
20240805 15450
20240724 15483
20240806 15451
20240724 15483
20240807 15447
20240724 15483
20240808 15437
20240724 15483
20240809 15442
20240724 15483
20240810 15450
20240724 15483
20240811 15449
20240724 15483
20240812 15451
20240813 15451
20240814 15445
20240813 15451
20240815 15448
20240813 15451
20240816 15453
20240813 15451
20240817 15454
20240818 15454
20240819 15451
20240818 15454
20240820 15448
20240818 15454
20240821 15449
20240818 15454
20240822 15440
20240818 15454
20240823 15475
20240818 15454
20240824 15468
20240825 15468
20240826 15463
20240825 15468
20240827 15467
20240825 15468
20240828 15471
20240825 15468
20240829 15464
20240830 15468
20240825 15468
20240831 15470
20240825 15468
20240901 15465
20240825 15468
20240902 15461
20240825 15468
20240903 15451
20240825 15468
20240904 15450
20240825 15468
20240905 15446
20240825 15468
20240906 15448
20240825 15468
20240907 15444
20240825 15468
20240908 15435
20240825 15468
20240909 15431
20240910 15431
20240911 15432
20240910 15431
20240912 15423
20240910 15431
20240913 15426
20240910 15431
20240914 15433
20240910 15431
20240915 15436
20240916 15431
20240910 15431
20240917 15436
20240918 15436
20240919 15434
20240920 15434
20240921 15418
20240920 15434
20240921 15428
20240920 15434
20240922 15418
20240920 15434
20240925 15461
20240920 15434
20240926 15458
20240926 15458
