20230707 2133
20230709 2132
20230711 2132
20230712 2131
20230714 2132
20230711 2132
20230715 2130
20230716 2130
20230717 2133
20230716 2130
20230718 2136
20230716 2130
20230719 2137
20230716 2130
20230720 2140
20230721 2140
20230722 2142
20230721 2140
20230723 2139
20230721 2140
20230724 2136
20230721 2140
20230725 2137
20230721 2140
20230726 2141
20230721 2140
20230727 2137
20230721 2140
20230728 2150
20230721 2140
20230729 2163
20230721 2140
20230730 2188
20230721 2140
20230731 2207
20230721 2140
20230801 2213
20230721 2140
20230802 2222
20230721 2140
20230803 2220
20230721 2140
20230804 2219
20230721 2140
20230805 2222
20230721 2140
20230806 2225
20230721 2140
20230807 2226
20230808 2226
20230809 2228
20230808 2226
20230810 2229
20230808 2226
20230811 2231
20230808 2226
20230812 2235
20230808 2226
20230813 2234
20230815 2234
20230816 2232
20230815 2234
20230817 2240
20230815 2234
20230818 2241
20230815 2234
20230819 2239
20230815 2234
20230820 2238
20230815 2234
20230821 2239
20230815 2234
20230822 2241
20230815 2234
20230823 2231
20230815 2234
20230824 2233
20230825 2233
20230826 2230
20230825 2233
20230827 2227
20230825 2233
20230828 2229
20230829 2233
20230825 2233
20230830 2238
20230825 2233
20230831 2246
20230825 2233
20230901 2244
20230825 2233
20230902 2248
20230825 2233
20230903 2249
20230825 2233
20230904 2248
20230825 2233
20230905 2250
20230825 2233
20230906 2252
20230825 2233
20230907 2251
20230908 2251
20230909 2252
20230911 2252
20230912 2249
20230913 2249
20230914 2250
20230913 2249
20230915 2251
20230913 2249
20230916 2252
20230917 2252
20230918 2254
20230919 2252
20230917 2252
20230920 2126
20230917 2252
20230921 2121
20230917 2252
20230922 2127
20230917 2252
20230923 2128
20230924 2128
20230925 2130
20230926 2130
20230927 2132
20230926 2130
20230928 2133
20230926 2130
20230929 2131
20230926 2130
20230930 2134
20230926 2130
20231001 2132
20230926 2130
20231002 2142
20230926 2130
20231003 2158
20230926 2130
20231005 2167
20230926 2130
20231007 2169
20230926 2130
20231008 2179
20230926 2130
20231009 2206
20230926 2130
20231010 2214
20230926 2130
20231011 2223
20230926 2130
20231012 2231
20230926 2130
20231013 2230
20230926 2130
20231014 2232
20230926 2130
20231015 2228
20230926 2130
20231016 2230
20230926 2130
20231017 2229
20230926 2130
20231018 2232
20230926 2130
20231019 2231
20230926 2130
20231020 2230
20230926 2130
20231021 2234
20230926 2130
20231022 2233
20230926 2130
20231023 2232
20231024 2232
20231025 2233
20231024 2232
20231026 2238
20231024 2232
20231027 2237
20231024 2232
20231028 2239
20231024 2232
20231029 2243
20231024 2232
20231030 2248
20231024 2232
20231031 2245
20231024 2232
20231101 2248
20231103 2248
20231104 2249
20231103 2248
20231105 2247
20231106 2247
20231107 2245
20231108 2245
20231109 2243
20231110 2245
20231108 2245
20231111 2242
20231108 2245
20231112 2244
20231108 2245
20231113 2240
20231108 2245
20231114 2238
20231108 2245
20231115 2239
20231108 2245
20231116 2240
20231108 2245
20231117 2241
20231108 2245
20231118 2242
20231108 2245
20231120 2247
20231108 2245
20231121 2249
20231108 2245
20231122 2255
20231108 2245
20231123 2265
20231108 2245
20231124 2273
20231108 2245
20231125 2277
20231108 2245
20231126 2278
20231108 2245
20231127 2281
20231108 2245
20231128 2280
20231108 2245
20231129 2279
20231108 2245
20231130 2281
20231108 2245
20231201 2283
20231108 2245
20231202 2284
20231108 2245
20231203 2281
20231108 2245
20231204 2279
20231108 2245
20231205 2280
20231108 2245
20231206 2281
20231108 2245
20231207 2282
20231108 2245
20231208 2287
20231209 2287
20231210 2290
20231211 2290
20231212 2292
20231211 2290
20231213 2289
20231211 2290
20231214 2292
20231211 2290
20231215 2289
20231218 2289
20231219 2291
20231218 2289
20231220 2292
20231218 2289
20231221 2293
20231218 2289
20231222 2299
20231218 2289
20231223 2295
20231224 2295
20231225 2286
20231226 2286
20231227 2284
20231226 2286
20231230 2298
20231226 2286
20231231 2294
20231226 2286
20240101 2293
20231226 2286
20240102 2296
20240103 2296
20240104 2295
20240103 2296
20240105 2294
20240103 2296
20240106 2319
20240103 2296
20240107 2318
20240103 2296
20240108 2313
20240103 2296
20240109 2315
20240103 2296
20240110 2318
20240103 2296
20240111 2346
20240103 2296
20240112 2347
20240103 2296
20240113 2348
20240103 2296
20240114 2349
20240103 2296
20240115 2346
20240103 2296
20240116 2349
20240103 2296
20240117 2352
20240103 2296
20240118 2351
20240103 2296
20240119 2350
20240103 2296
20240120 2351
20240103 2296
20240121 2352
20240103 2296
20240122 2350
20240103 2296
20240124 2352
20240103 2296
20240125 2354
20240126 2354
20240127 2356
20240126 2354
20240128 2357
20240126 2354
20240129 2353
20240130 2353
20240131 2355
20240130 2353
20240201 2361
20240130 2353
20240202 2364
20240130 2353
20240203 2362
20240130 2353
20240204 2360
20240130 2353
20240205 2359
20240130 2353
20240206 2361
20240130 2353
20240207 2362
20240130 2353
20240208 2359
20240211 2359
20240212 2361
20240214 2361
20240215 2360
20240216 2360
20240217 2361
20240216 2360
20240218 2364
20240216 2360
20240219 2366
20240216 2360
20240220 2362
20240216 2360
20240221 2364
20240216 2360
20240222 2365
20240216 2360
20240223 2364
20240216 2360
20240224 2361
20240225 2360
20240216 2360
20240226 2366
20240216 2360
20240227 2371
20240216 2360
20240228 2374
20240216 2360
20240229 2376
20240216 2360
20240301 2374
20240216 2360
20240302 2376
20240216 2360
20240303 2378
20240216 2360
20240304 2379
20240305 2379
20240306 2382
20240305 2379
20240307 2387
20240305 2379
20240308 2384
20240305 2379
20240309 2387
20240305 2379
20240310 2392
20240305 2379
20240311 2391
20240312 2391
20240313 2393
20240312 2391
20240314 2384
20240312 2391
20240315 2354
20240312 2391
20240316 2351
20240312 2391
20240317 2331
20240312 2391
20240318 2316
20240312 2391
20240319 2307
20240312 2391
20240320 2300
20240312 2391
20240321 2299
20240312 2391
20240322 2275
20240312 2391
20240323 2274
20240312 2391
20240324 2258
20240312 2391
20240325 2240
20240312 2391
20240326 2226
20240312 2391
20240327 2227
20240312 2391
20240328 2200
20240312 2391
20240329 2198
20240312 2391
20240330 2196
20240312 2391
20240331 2198
20240402 2198
20240403 2203
20240402 2198
20240404 2206
20240402 2198
20240405 2209
20240406 2209
20240407 2207
20240406 2209
20240408 2211
20240409 2211
20240410 2214
20240409 2211
20240411 2215
20240409 2211
20240412 2214
20240409 2211
20240413 2216
20240409 2211
20240415 2215
20240409 2211
20240416 2218
20240409 2211
20240417 2222
20240418 2222
20240419 2224
20240418 2222
20240420 2225
20240418 2222
20240421 2224
20240418 2222
20240422 2225
20240418 2222
20240423 2223
20240424 2223
20240425 2224
20240424 2223
20240426 2226
20240424 2223
20240427 2228
20240424 2223
20240428 2229
20240424 2223
20240429 2230
20240424 2223
20240430 2231
20240424 2223
20240501 2227
20240424 2223
20240503 2228
20240424 2223
20240504 2226
20240505 2226
20240506 2230
20240505 2226
20240507 2227
20240505 2226
20240508 2225
20240509 2226
20240505 2226
20240510 2228
20240511 2226
20240505 2226
20240512 2227
20240513 2226
20240505 2226
20240514 2228
20240515 2226
20240505 2226
20240516 2228
20240517 2226
20240505 2226
20240518 2227
20240505 2226
20240519 2228
20240521 2228
20240522 2229
20240521 2228
20240523 2226
20240524 2228
20240526 2228
20240527 2227
20240526 2228
20240528 2225
20240526 2228
20240529 2226
20240530 2228
20240526 2228
20240531 2230
20240526 2228
20240601 2232
20240602 2232
20240603 2231
20240604 2232
20240602 2232
20240605 2231
20240602 2232
20240606 2233
20240609 2233
20240611 2229
20240609 2233
20240612 2222
20240613 2222
20240614 2221
20240613 2222
20240615 2218
20240613 2222
20240616 2213
20240613 2222
20240617 2204
20240613 2222
20240618 2209
20240613 2222
20240620 2219
20240613 2222
20240621 2226
20240613 2222
20240622 2223
20240613 2222
20240623 2224
20240613 2222
20240624 2220
20240626 2222
20240613 2222
20240627 2229
20240613 2222
20240628 2230
20240613 2222
20240629 2229
20240613 2222
20240630 2231
20240701 2231
20240702 2228
20240703 2231
20240701 2231
20240704 2233
20240701 2231
20240705 2235
20240706 2235
20240707 2234
20240706 2235
20240708 2212
20240706 2235
20240709 2214
20240706 2235
20240710 2227
20240711 2235
20240706 2235
20240712 2238
20240706 2235
20240713 2241
20240706 2235
20240714 2231
20240706 2235
20240715 2232
20240706 2235
20240716 2224
20240706 2235
20240717 2220
20240706 2235
20240718 2211
20240706 2235
20240719 2202
20240706 2235
20240720 2189
20240721 2189
20240722 2190
20240723 2189
20240724 2189
20240725 2191
20240724 2189
20240726 2192
20240724 2189
20240727 2191
20240724 2189
20240728 2188
20240724 2189
20240729 2190
20240730 2190
20240731 2195
20240801 2195
20240802 2197
20240801 2195
20240803 2213
20240801 2195
20240804 2214
20240801 2195
20240805 2208
20240806 2208
20240807 2198
20240806 2208
20240808 2193
20240806 2208
20240809 2149
20240806 2208
20240810 2157
20240806 2208
20240811 2170
20240806 2208
20240812 2162
20240806 2208
20240813 2167
20240806 2208
20240814 2175
20240806 2208
20240815 2184
20240806 2208
20240816 2189
20240806 2208
20240817 2190
20240806 2208
20240818 2198
20240806 2208
20240819 2193
20240806 2208
20240820 2190
20240806 2208
20240821 2191
20240806 2208
20240822 2193
20240823 2193
20240824 2200
20240823 2193
20240825 2198
20240823 2193
20240826 2197
20240823 2193
20240827 2190
20240823 2193
20240828 2194
20240823 2193
20240829 2195
20240823 2193
20240830 2198
20240831 2198
20240901 2197
20240831 2198
20240902 2208
20240831 2198
20240903 2209
20240831 2198
20240904 2212
20240831 2198
20240905 2216
20240831 2198
20240906 2214
20240831 2198
20240907 2211
20240831 2198
20240908 2208
20240831 2198
20240909 2186
20240831 2198
20240910 2169
20240831 2198
20240911 2152
20240831 2198
20240912 2156
20240831 2198
20240913 2150
20240914 2150
20240915 2149
20240914 2150
20240916 2147
20240914 2150
20240917 2151
20240918 2151
20240919 2152
20240920 2152
20240921 2156
20240920 2152
20240921 2166
20240922 2166
20240925 2165
20240926 2165
