20230707 1339654
20230709 1339379
20230710 1339062
20230711 1339172
20230712 1339015
20230713 1338713
20230714 1338515
20230715 1338173
20230716 1337794
20230717 1337387
20230718 1337205
20230719 1337025
20230720 1336761
20230721 1336576
20230722 1337274
20230723 1336608
20230724 1336271
20230725 1336118
20230726 1335941
20230727 1336149
20230728 1335877
20230729 1335433
20230730 1335528
20230731 1335248
20230801 1335539
20230802 1335617
20230803 1334162
20230804 1334059
20230805 1333890
20230806 1333436
20230807 1333229
20230808 1332859
20230809 1332318
20230810 1332236
20230811 1331670
20230812 1331357
20230813 1330917
20230815 1330100
20230816 1330506
20230817 1330397
20230818 1330241
20230819 1330050
20230820 1329599
20230821 1329128
20230822 1329045
20230823 1329030
20230824 1328959
20230825 1328785
20230826 1328303
20230827 1327992
20230828 1327416
20230829 1327442
20230830 1327044
20230831 1326789
20230901 1326789
20230902 1326343
20230901 1326789
20230903 1325913
20230901 1326789
20230904 1325510
20230901 1326789
20230905 1325505
20230901 1326789
20230906 1325226
20230901 1326789
20230907 1325148
20230901 1326789
20230908 1324874
20230901 1326789
20230909 1324722
20230901 1326789
20230910 1324474
20230901 1326789
20230911 1324395
20230901 1326789
20230912 1324731
20230901 1326789
20230913 1324700
20230901 1326789
20230914 1324573
20230901 1326789
20230915 1324383
20230901 1326789
20230916 1325043
20230901 1326789
20230917 1324733
20230901 1326789
20230918 1324408
20230901 1326789
20230919 1324549
20230901 1326789
20230920 1282618
20230901 1326789
20230921 1282381
20230901 1326789
20230922 1282332
20230901 1326789
20230923 1282387
20230901 1326789
20230924 1282204
20230901 1326789
20230925 1281786
20230901 1326789
20230926 1281702
20230901 1326789
20230927 1281281
20230901 1326789
20230928 1281186
20230901 1326789
20230929 1281157
20230901 1326789
20230930 1280714
20230901 1326789
20231001 1280358
20230901 1326789
20231002 1280043
20230901 1326789
20231003 1280298
20230901 1326789
20231005 1280163
20230901 1326789
20231007 1280216
20230901 1326789
20231008 1280060
20230901 1326789
20231009 1279686
20230901 1326789
20231010 1279711
20230901 1326789
20231011 1279792
20230901 1326789
20231012 1279907
20230901 1326789
20231013 1279588
20230901 1326789
20231014 1279438
20230901 1326789
20231015 1279114
20230901 1326789
20231016 1278546
20230901 1326789
20231017 1278496
20230901 1326789
20231018 1278238
20230901 1326789
20231019 1278188
20230901 1326789
20231020 1277718
20230901 1326789
20231021 1277310
20230901 1326789
20231022 1277058
20230901 1326789
20231023 1276475
20230901 1326789
20231024 1276456
20230901 1326789
20231025 1276303
20230901 1326789
20231026 1275901
20230901 1326789
20231027 1275688
20230901 1326789
20231028 1275460
20230901 1326789
20231029 1275137
20230901 1326789
20231030 1275001
20230901 1326789
20231031 1274871
20230901 1326789
20231101 1274564
20230901 1326789
20231102 1274488
20230901 1326789
20231103 1273842
20230901 1326789
20231104 1273520
20230901 1326789
20231105 1273263
20230901 1326789
20231106 1272371
20230901 1326789
20231107 1272695
20230901 1326789
20231108 1272642
20230901 1326789
20231109 1272408
20230901 1326789
20231110 1272177
20230901 1326789
20231111 1272353
20230901 1326789
20231112 1272487
20230901 1326789
20231113 1270177
20230901 1326789
20231114 1270316
20230901 1326789
20231115 1270248
20230901 1326789
20231116 1270303
20230901 1326789
20231117 1269858
20230901 1326789
20231118 1269930
20230901 1326789
20231120 1269846
20230901 1326789
20231121 1270013
20230901 1326789
20231122 1269649
20230901 1326789
20231123 1269479
20230901 1326789
20231124 1269130
20230901 1326789
20231125 1268658
20230901 1326789
20231126 1268367
20230901 1326789
20231127 1268156
20230901 1326789
20231128 1268807
20230901 1326789
20231129 1268356
20230901 1326789
20231130 1268147
20230901 1326789
20231201 1267832
20230901 1326789
20231202 1267663
20230901 1326789
20231203 1267387
20230901 1326789
20231204 1267154
20230901 1326789
20231205 1267151
20230901 1326789
20231206 1267058
20230901 1326789
20231207 1266306
20230901 1326789
20231208 1265912
20230901 1326789
20231209 1265357
20230901 1326789
20231210 1265048
20230901 1326789
20231211 1264748
20230901 1326789
20231212 1264423
20230901 1326789
20231213 1264257
20230901 1326789
20231214 1263924
20231215 1263924
20231216 1263273
20231215 1263924
20231217 1262892
20231215 1263924
20231218 1262000
20231215 1263924
20231219 1261759
20231215 1263924
20231220 1261014
20231215 1263924
20231221 1260643
20231215 1263924
20231222 1260405
20231215 1263924
20231223 1259825
20231215 1263924
20231224 1259029
20231215 1263924
20231225 1258569
20231215 1263924
20231226 1258064
20231215 1263924
20231227 1257235
20231215 1263924
20231230 1256224
20231215 1263924
20231231 1255754
20231215 1263924
20240101 1255335
20231215 1263924
20240102 1254915
20231215 1263924
20240103 1254441
20231215 1263924
20240104 1252810
20231215 1263924
20240105 1252417
20231215 1263924
20240106 1252064
20231215 1263924
20240107 1251456
20231215 1263924
20240108 1250937
20231215 1263924
20240109 1250772
20231215 1263924
20240110 1248886
20231215 1263924
20240111 1249045
20231215 1263924
20240112 1248974
20231215 1263924
20240113 1249213
20231215 1263924
20240114 1248957
20231215 1263924
20240115 1248737
20231215 1263924
20240116 1249124
20231215 1263924
20240117 1249265
20231215 1263924
20240118 1249025
20231215 1263924
20240119 1248810
20231215 1263924
20240120 1248716
20231215 1263924
20240121 1248494
20231215 1263924
20240122 1248216
20231215 1263924
20240124 1247999
20231215 1263924
20240125 1247643
20231215 1263924
20240126 1247454
20231215 1263924
20240127 1247232
20231215 1263924
20240128 1246425
20231215 1263924
20240129 1245980
20231215 1263924
20240130 1245289
20231215 1263924
20240131 1245062
20231215 1263924
20240201 1244969
20231215 1263924
20240202 1244866
20231215 1263924
20240203 1244786
20231215 1263924
20240204 1244529
20231215 1263924
20240205 1244302
20231215 1263924
20240206 1243892
20231215 1263924
20240207 1243508
20231215 1263924
20240208 1243292
20231215 1263924
20240209 1243344
20231215 1263924
20240210 1243142
20231215 1263924
20240211 1242847
20231215 1263924
20240212 1242214
20231215 1263924
20240213 1242233
20231215 1263924
20240214 1242280
20231215 1263924
20240215 1242954
20231215 1263924
20240216 1243157
20231215 1263924
20240217 1243249
20231215 1263924
20240218 1242582
20231215 1263924
20240219 1242015
20231215 1263924
20240220 1242070
20231215 1263924
20240221 1241893
20231215 1263924
20240222 1242091
20231215 1263924
20240223 1241624
20231215 1263924
20240224 1241131
20231215 1263924
20240225 1240619
20231215 1263924
20240226 1240402
20231215 1263924
20240227 1240289
20231215 1263924
20240228 1240063
20231215 1263924
20240229 1239985
20231215 1263924
20240301 1239778
20231215 1263924
20240302 1239503
20231215 1263924
20240303 1239002
20231215 1263924
20240304 1238698
20231215 1263924
20240305 1238689
20231215 1263924
20240306 1238666
20231215 1263924
20240307 1238736
20231215 1263924
20240308 1238644
20231215 1263924
20240309 1238536
20231215 1263924
20240310 1238238
20231215 1263924
20240311 1237806
20231215 1263924
20240312 1237892
20231215 1263924
20240313 1237170
20231215 1263924
20240314 1237361
20231215 1263924
20240315 1237222
20231215 1263924
20240316 1237015
20231215 1263924
20240317 1236770
20231215 1263924
20240318 1236394
20231215 1263924
20240319 1236498
20231215 1263924
20240320 1236291
20231215 1263924
20240321 1236144
20231215 1263924
20240322 1235985
20231215 1263924
20240323 1235638
20231215 1263924
20240324 1234879
20231215 1263924
20240325 1234389
20231215 1263924
20240326 1234115
20231215 1263924
20240327 1233735
20231215 1263924
20240328 1233551
20231215 1263924
20240329 1233860
20231215 1263924
20240330 1233374
20231215 1263924
20240331 1233447
20231215 1263924
20240401 1232856
20231215 1263924
20240402 1232805
20231215 1263924
20240403 1232566
20231215 1263924
20240404 1232029
20231215 1263924
20240405 1232069
20231215 1263924
20240406 1232176
20231215 1263924
20240407 1231911
20231215 1263924
20240408 1231543
20231215 1263924
20240409 1231700
20231215 1263924
20240410 1231837
20231215 1263924
20240411 1231917
20231215 1263924
20240412 1232197
20231215 1263924
20240413 1232358
20231215 1263924
20240415 1232247
20231215 1263924
20240416 1232031
20231215 1263924
20240417 1232551
20231215 1263924
20240418 1232453
20240419 1232453
20240420 1232313
20240419 1232453
20240421 1232058
20240419 1232453
20240422 1231612
20240419 1232453
20240423 1231305
20240419 1232453
20240424 1231426
20240419 1232453
20240425 1231231
20240419 1232453
20240426 1231033
20240419 1232453
20240427 1230735
20240419 1232453
20240428 1230354
20240419 1232453
20240429 1229941
20240419 1232453
20240430 1229879
20240419 1232453
20240501 1229626
20240419 1232453
20240503 1229304
20240419 1232453
20240504 1229202
20240419 1232453
20240505 1228828
20240419 1232453
20240506 1228366
20240419 1232453
20240507 1228278
20240419 1232453
20240508 1229051
20240419 1232453
20240509 1229512
20240419 1232453
20240510 1229286
20240419 1232453
20240511 1229019
20240419 1232453
20240512 1228493
20240419 1232453
20240513 1227815
20240419 1232453
20240514 1227596
20240419 1232453
20240515 1227736
20240419 1232453
20240516 1227743
20240419 1232453
20240517 1228172
20240419 1232453
20240518 1228189
20240419 1232453
20240519 1227774
20240419 1232453
20240520 1227376
20240419 1232453
20240521 1227243
20240419 1232453
20240522 1227014
20240419 1232453
20240523 1226958
20240419 1232453
20240524 1226512
20240419 1232453
20240525 1226023
20240419 1232453
20240526 1225774
20240419 1232453
20240527 1225342
20240419 1232453
20240528 1224835
20240419 1232453
20240529 1224262
20240419 1232453
20240530 1224055
20240419 1232453
20240531 1224392
20240419 1232453
20240601 1224102
20240419 1232453
20240602 1223816
20240419 1232453
20240603 1223328
20240419 1232453
20240604 1222494
20240419 1232453
20240605 1222948
20240419 1232453
20240606 1222749
20240419 1232453
20240609 1221933
20240419 1232453
20240611 1221713
20240419 1232453
20240612 1222018
20240419 1232453
20240613 1222400
20240419 1232453
20240614 1222505
20240419 1232453
20240615 1222710
20240419 1232453
20240616 1222588
20240419 1232453
20240617 1222602
20240419 1232453
20240618 1222390
20240419 1232453
20240620 1222321
20240419 1232453
20240621 1222223
20240419 1232453
20240622 1222064
20240419 1232453
20240623 1221807
20240419 1232453
20240624 1221256
20240419 1232453
20240626 1221349
20240419 1232453
20240627 1221683
20240419 1232453
20240628 1222473
20240419 1232453
20240629 1222612
20240419 1232453
20240630 1223141
20240419 1232453
20240701 1222948
20240419 1232453
20240702 1223806
20240419 1232453
20240703 1223746
20240419 1232453
20240704 1223911
20240419 1232453
20240705 1224233
20240419 1232453
20240706 1224271
20240419 1232453
20240707 1223996
20240419 1232453
20240708 1223795
20240419 1232453
20240709 1224153
20240419 1232453
20240710 1224548
20240419 1232453
20240711 1224987
20240419 1232453
20240712 1224817
20240419 1232453
20240713 1224770
20240419 1232453
20240714 1224389
20240419 1232453
20240715 1223888
20240419 1232453
20240716 1223317
20240419 1232453
20240717 1223414
20240419 1232453
20240718 1223324
20240419 1232453
20240719 1223317
20240419 1232453
20240720 1222489
20240419 1232453
20240721 1222023
20240419 1232453
20240722 1221684
20240419 1232453
20240723 1221636
20240419 1232453
20240724 1221489
20240419 1232453
20240725 1221655
20240419 1232453
20240726 1221390
20240419 1232453
20240727 1221358
20240419 1232453
20240728 1221009
20240419 1232453
20240729 1220922
20240419 1232453
20240730 1220862
20240419 1232453
20240731 1220895
20240419 1232453
20240801 1220853
20240419 1232453
20240802 1220720
20240419 1232453
20240803 1220434
20240419 1232453
20240804 1220134
20240419 1232453
20240805 1219882
20240419 1232453
20240806 1219858
20240419 1232453
20240807 1220332
20240419 1232453
20240808 1220420
20240419 1232453
20240809 1220376
20240419 1232453
20240810 1220260
20240419 1232453
20240811 1220005
20240419 1232453
20240812 1220111
20240419 1232453
20240813 1220179
20240419 1232453
20240814 1220202
20240419 1232453
20240815 1220028
20240419 1232453
20240816 1219907
20240419 1232453
20240817 1219730
20240419 1232453
20240818 1219352
20240419 1232453
20240819 1218760
20240419 1232453
20240820 1218703
20240419 1232453
20240821 1218733
20240419 1232453
20240822 1218750
20240419 1232453
20240823 1218756
20240419 1232453
20240824 1218662
20240419 1232453
20240825 1218410
20240419 1232453
20240826 1218169
20240419 1232453
20240827 1218165
20240419 1232453
20240828 1218402
20240419 1232453
20240829 1218576
20240419 1232453
20240830 1218677
20240419 1232453
20240831 1218531
20240419 1232453
20240901 1218226
20240419 1232453
20240902 1217954
20240419 1232453
20240903 1217947
20240419 1232453
20240904 1218211
20240419 1232453
20240905 1218597
20240419 1232453
20240906 1219833
20240419 1232453
20240907 1220911
20240419 1232453
20240908 1220764
20240419 1232453
20240909 1220628
20240419 1232453
20240910 1220849
20240419 1232453
20240911 1221039
20240419 1232453
20240912 1220911
20240419 1232453
20240913 1220753
20240419 1232453
20240914 1220594
20240419 1232453
20240915 1220239
20240419 1232453
20240916 1220374
20240419 1232453
20240917 1220295
20240419 1232453
20240918 1220333
20240419 1232453
20240919 1220277
20240419 1232453
20240920 1220383
20240419 1232453
20240921 1220056
20240419 1232453
20240921 1220350
20240419 1232453
20240922 1220056
20240419 1232453
20240925 1219731
20240419 1232453
20240926 1219106
20240419 1232453
20240927 1219082
20240419 1232453
20240928 1218941
20240928 1218941
