20230922 3209
20230924 3209
20230925 3211
20230926 3211
20230927 3209
20230928 3210
20230929 3209
20230930 3209
20231001 3210
20231002 3210
20231003 3212
20231005 3210
20231007 3213
20231008 3214
20231009 3212
20231010 3211
20231011 3209
20231012 3209
20231013 3210
20231014 3220
20231015 3200
20231016 3201
20231017 3201
20231018 3203
20231019 3203
20231020 3173
20231021 3172
20231022 3172
20231023 3174
20231024 3175
20231025 3175
20231026 3176
20231027 3180
20231028 3180
20231029 3195
20231030 3193
20231031 3194
20231101 3195
20231102 3194
20231103 3199
20231104 3194
20231105 3195
20231106 3194
20231107 3194
20231108 3194
20231109 3197
20231110 3197
20231111 3196
20231112 3198
20231113 3202
20231114 3204
20231115 3203
20231116 3200
20231117 3201
20231118 3209
20231120 3210
20231121 3209
20231122 3209
20231123 3213
20231124 3214
20231125 3209
20231126 3214
20231127 3214
20231128 3215
20231129 3213
20231130 3215
20231201 3216
20231202 3213
20231203 3212
20231204 3212
20231205 3214
20231206 3213
20231207 3215
20231208 3214
20231209 3210
20231210 3213
20231211 3214
20231212 3213
20231213 3213
20231214 3209
20231215 3210
20231216 3213
20231217 3216
20231218 3216
20231219 3216
20231220 3212
20231221 3207
20231222 3205
20231223 3210
20231224 3214
20231225 3206
20231226 3205
20231227 3206
20231230 3207
20231231 3204
20240101 3204
20240102 3217
20240103 3221
20240104 3217
20240105 3232
20240106 3235
20240107 3246
20240108 3253
20240109 3253
20240110 3253
20240111 3255
20240112 3253
20240113 3253
20240114 3253
20240115 3253
20240116 3252
20240117 3253
20240118 3283
20240119 3400
20240120 3280
20240121 3280
20240122 3285
20240124 3286
20240125 3286
20240126 3277
20240127 3280
20240128 3277
20240129 3264
20240130 3268
20240131 3266
20240201 3235
20240202 3230
20240203 3216
20240204 3218
20240205 3216
20240206 3217
20240207 3219
20240208 3220
20240209 3223
20240210 3223
20240211 3224
20240212 3213
20240213 3213
20240214 3211
20240215 3200
20240216 3199
20240217 3191
20240218 3182
20240219 3179
20240220 3176
20240221 3177
20240222 3173
20240223 3169
20240224 3174
20240225 3164
20240226 3165
20240227 3168
20240228 3170
20240229 3168
20240301 3170
20240302 3172
20240303 3139
20240304 3129
20240305 3123
20240306 3124
20240307 3122
20240308 3126
20240309 3128
20240310 3125
20240311 3124
20240312 3125
20240313 3128
20240314 3130
20240315 3140
20240316 3139
20240317 3139
20240318 3139
20240319 3138
20240320 3140
20240321 3142
20240322 3145
20240323 3149
20240324 3150
20240325 3154
20240326 3155
20240327 3152
20240328 3142
20240329 3152
20240330 3149
20240331 3149
20240401 3156
20240402 3152
20240403 3152
20240404 3156
20240405 3155
20240406 3159
20240407 3161
20240408 3161
20240409 3163
20240410 3165
20240411 3165
20240412 3165
20240413 3170
20240415 3170
20240416 3167
20240417 3167
20240418 3150
20240419 3151
20240420 3151
20240421 3151
20240422 3151
20240423 3151
20240424 3160
20240425 3156
20240426 3155
20240427 3154
20240428 3158
20240429 3159
20240430 3160
20240501 3158
20240503 3153
20240504 3159
20240505 3137
20240506 3140
20240507 3140
20240508 3136
20240509 3135
20240510 3140
20240511 3146
20240512 3142
20240513 3145
20240514 3147
20240515 3144
20240516 3134
20240517 3120
20240518 3113
20240519 3118
20240520 3121
20240521 3124
20240522 3126
20240523 3118
20240524 3120
20240525 3128
20240526 3133
20240527 3130
20240528 3130
20240529 3128
20240530 3128
20240531 3128
20240601 3132
