20230707 1011
20230709 1011
20230710 1011
20230711 1008
20230712 1006
20230713 1005
20230714 1005
20230715 1004
20230716 1003
20230717 1003
20230718 1004
20230719 1004
20230720 1004
20230721 999
20230722 999
20230723 998
20230724 998
20230725 998
20230726 998
20230727 997
20230728 997
20230729 998
20230730 998
20230731 998
20230801 998
20230802 995
20230803 995
20230804 995
20230805 995
20230806 995
20230807 995
20230808 995
20230809 995
20230810 995
20230811 995
20230812 995
20230813 995
20230815 994
20230816 994
20230817 994
20230818 994
20230819 993
20230820 993
20230821 993
20230822 991
20230823 990
20230824 988
20230825 988
20230826 988
20230827 988
20230828 988
20230829 988
20230830 988
20230831 988
20230901 988
20230902 988
20230903 988
20230904 988
20230905 988
20230906 988
20230907 988
20230908 988
20230909 988
20230910 988
20230911 988
20230912 989
20230913 988
20230914 988
20230915 988
20230916 988
20230917 988
20230918 988
20230919 988
20230920 945
20230921 945
20230922 946
20230923 946
20230924 946
20230925 946
20230926 933
20230927 933
20230928 933
20230929 933
20230930 933
20231001 933
20231002 933
20231003 935
20231005 936
20231007 936
20231008 936
20231009 934
20231010 934
20231011 935
20231012 934
20231013 934
20231014 934
20231015 933
20231016 933
20231017 933
20231018 933
20231019 933
20231020 933
20231021 934
20231022 934
20231023 934
20231024 934
20231025 934
20231026 934
20231027 933
20231028 933
20231029 932
20231030 931
20231031 931
20231101 931
20231102 931
20231103 931
20231104 932
20231105 931
20231106 931
20231107 931
20231108 931
20231109 932
20231110 932
20231111 932
20231112 932
20231113 932
20231114 931
20231115 932
20231116 934
20231117 932
20231118 932
20231120 933
20231121 934
20231122 933
20231123 933
20231124 934
20231125 934
20231126 934
20231127 934
20231128 933
20231129 934
20231130 934
20231201 934
20231202 934
20231203 933
20231204 933
20231205 934
20231206 933
20231207 933
20231208 932
20231209 933
20231210 936
20231211 938
20231212 938
20231213 937
20231214 936
20231215 937
20231216 939
20231217 939
20231218 939
20231219 937
20231220 937
20231221 934
20231222 934
20231223 933
20231224 933
20231225 933
20231226 933
20231227 933
20231230 933
20231231 934
20240101 934
20240102 934
20240103 936
20240104 934
20240105 934
20240106 935
20240107 935
20240108 935
20240109 935
20240110 933
20240111 933
20240112 933
20240113 933
20240114 933
20240115 933
20240116 933
20240117 933
20240118 933
20240119 933
20240120 933
20240121 932
20240122 931
20240124 931
20240125 931
20240126 932
20240127 932
20240128 932
