20230707 231034
20230709 231113
20230710 231232
20230711 231381
20230712 231570
20230713 231756
20230714 231799
20230715 232011
20230716 232107
20230717 232209
20230718 232382
20230719 232574
20230720 232755
20230721 232941
20230722 233113
20230723 233215
20230724 233313
20230725 233511
20230726 233683
20230727 233899
20230728 234117
20230729 234260
20230730 234320
20230731 234417
20230801 234533
20230802 234691
20230803 234905
20230804 235053
20230805 235176
20230806 235296
20230807 235450
20230808 235630
20230809 235810
20230810 235949
20230811 236064
20230812 236149
20230813 236206
20230815 236445
20230816 236579
20230817 236726
20230818 236872
