20230707 15779
20230709 15794
20230710 15794
20230711 15799
20230710 15794
20230712 15784
20230710 15794
20230713 15795
20230710 15794
20230714 15810
20230710 15794
20230715 15814
20230710 15794
20230716 15811
20230710 15794
20230717 15808
20230710 15794
20230718 15811
20230710 15794
20230719 15813
20230710 15794
20230720 15809
20230710 15794
20230721 15807
20230710 15794
20230722 15801
20230710 15794
20230723 15799
20230710 15794
20230724 15822
20230710 15794
20230725 15817
20230710 15794
20230726 15814
20230710 15794
20230727 15825
20230710 15794
20230728 15822
20230710 15794
20230729 15830
20230710 15794
20230730 15832
20230710 15794
20230731 15828
20230710 15794
20230801 15826
20230710 15794
20230802 15822
20230710 15794
20230803 15814
20230710 15794
20230804 15817
20230710 15794
20230805 15811
20230710 15794
20230806 15817
20230710 15794
20230807 15804
20230710 15794
20230808 15806
20230710 15794
20230809 15804
20230710 15794
20230810 15806
20230710 15794
20230811 15809
20230710 15794
20230812 15822
20230710 15794
20230813 15828
20230710 15794
20230815 15840
20230710 15794
20230816 15839
20230710 15794
20230817 15841
20230710 15794
20230818 15852
20230710 15794
20230819 15857
20230710 15794
20230820 15850
20230710 15794
20230821 15843
20230822 15843
20230823 15838
20230822 15843
20230824 15835
20230822 15843
20230825 15838
20230822 15843
20230826 15848
20230822 15843
20230827 15849
20230822 15843
20230828 15857
20230822 15843
20230829 15863
20230830 15863
20230831 15861
20230901 15863
20230830 15863
20230902 15865
20230830 15863
20230903 15866
20230830 15863
20230904 15853
20230830 15863
20230905 15855
20230830 15863
20230906 15857
20230830 15863
20230907 15864
20230830 15863
20230908 15852
20230830 15863
20230909 15858
20230830 15863
20230910 15857
20230830 15863
20230911 15852
20230912 15852
20230913 15842
20230912 15852
20230914 15849
20230915 15849
20230916 15855
20230915 15849
20230917 15846
20230918 15846
20230919 15837
20230918 15846
20230920 14267
20230918 15846
20230921 14274
20230918 15846
20230922 14271
20230918 15846
20230923 14268
20230918 15846
20230924 14277
20230918 15846
20230925 14280
20230918 15846
20230926 14289
20230918 15846
20230927 14286
20230928 14286
20230929 14291
20230928 14286
20230930 14292
20230928 14286
20231001 14297
20230928 14286
20231002 14302
20230928 14286
20231003 14328
20230928 14286
20231005 14355
20230928 14286
20231007 14362
20231008 14362
20231009 14377
20231008 14362
20231010 14386
20231008 14362
20231011 14387
20231012 14387
20231013 14390
20231012 14387
20231014 14389
20231015 14389
20231016 14390
20231015 14389
20231017 14386
20231015 14389
20231018 14374
20231015 14389
20231019 14371
20231015 14389
20231020 14375
20231015 14389
20231021 14380
20231023 14380
20231024 14377
20231023 14380
20231025 14381
20231023 14380
20231026 14384
20231027 14384
20231028 14378
20231027 14384
20231029 14372
20231027 14384
20231030 14367
20231027 14384
20231031 14361
20231101 14361
20231102 14371
20231101 14361
20231103 14374
20231101 14361
20231104 14373
20231101 14361
20231105 14367
20231101 14361
20231106 14368
20231101 14361
20231107 14378
20231101 14361
20231108 14371
20231101 14361
20231109 14372
20231110 14361
20231101 14361
20231111 14350
20231101 14361
20231112 14344
20231101 14361
20231113 14341
20231101 14361
20231114 14342
20231115 14342
20231116 14334
20231115 14342
20231117 14365
20231115 14342
20231118 14368
20231115 14342
20231120 14375
20231115 14342
20231121 14381
20231115 14342
20231122 14387
20231115 14342
20231123 14379
20231115 14342
20231124 14374
20231115 14342
20231125 14383
20231115 14342
20231126 14386
20231115 14342
20231127 14385
20231115 14342
20231128 14383
20231129 14383
20231130 14387
20231129 14383
20231201 14398
20231129 14383
20231202 14404
20231129 14383
20231203 14399
20231129 14383
20231204 14402
20231129 14383
20231205 14395
20231129 14383
20231206 14398
20231129 14383
20231207 14394
20231129 14383
20231208 14399
20231129 14383
20231209 14404
20231129 14383
20231210 14418
20231129 14383
20231211 14422
20231129 14383
20231212 14424
20231129 14383
20231213 14440
20231129 14383
20231214 14441
20231129 14383
20231215 14451
20231129 14383
20231216 14453
20231129 14383
20231217 14451
20231129 14383
20231218 14447
20231129 14383
20231219 14451
20231129 14383
20231220 14443
20231129 14383
20231221 14440
20231129 14383
20231222 14457
20231129 14383
20231223 14464
20231129 14383
20231224 14462
20231129 14383
20231225 14476
20231129 14383
20231226 14465
20231129 14383
20231227 14462
20231129 14383
20231230 14471
20231231 14471
20240101 14472
20231231 14471
20240102 14465
20231231 14471
20240103 14468
20231231 14471
20240104 14473
20231231 14471
20240105 14468
20240106 14471
20231231 14471
20240107 14478
20231231 14471
20240108 14474
20231231 14471
20240109 14477
20231231 14471
20240110 14497
20231231 14471
20240111 14508
20231231 14471
20240112 14511
20231231 14471
20240113 14508
20231231 14471
20240114 14509
20231231 14471
20240115 14514
20231231 14471
20240116 14523
20231231 14471
20240117 14524
20231231 14471
20240118 14525
20231231 14471
20240119 14524
20231231 14471
20240120 14521
20240121 14521
20240122 14528
20240121 14521
20240124 14520
20240121 14521
20240125 14519
20240121 14521
20240126 14524
20240121 14521
20240127 14538
20240121 14521
20240128 14547
20240121 14521
20240129 14557
20240121 14521
20240130 14560
20240121 14521
20240131 14574
20240121 14521
20240201 14582
20240121 14521
20240202 14612
20240121 14521
20240203 14626
20240121 14521
20240204 14628
20240121 14521
20240205 14677
20240121 14521
20240206 14695
20240121 14521
20240207 14703
20240121 14521
20240208 14724
20240121 14521
20240209 14751
20240121 14521
20240210 14761
20240121 14521
20240211 14780
20240121 14521
20240212 14793
20240121 14521
20240213 14796
20240121 14521
20240214 14799
20240121 14521
20240215 14804
20240121 14521
20240216 14821
20240121 14521
20240217 14839
20240121 14521
20240218 14835
20240121 14521
20240219 14831
20240121 14521
20240220 14835
20240121 14521
20240221 14856
20240121 14521
20240222 14868
20240121 14521
20240223 14863
20240121 14521
20240224 14872
20240121 14521
20240225 14882
20240121 14521
20240226 14889
20240121 14521
20240227 14894
20240121 14521
20240228 14887
20240121 14521
20240229 14892
20240121 14521
20240301 14898
20240121 14521
20240302 14902
20240121 14521
20240303 14906
20240121 14521
20240304 14911
20240121 14521
20240305 14918
20240121 14521
20240306 14915
20240121 14521
20240307 14921
20240121 14521
20240308 14930
20240121 14521
20240309 14926
20240121 14521
20240310 14931
20240121 14521
20240311 14928
20240312 14928
20240313 14927
20240312 14928
20240314 14925
20240312 14928
20240315 14921
20240312 14928
20240316 14917
20240312 14928
20240317 14924
20240312 14928
20240318 14920
20240312 14928
20240319 14926
20240312 14928
20240320 14938
20240312 14928
20240321 14933
20240312 14928
20240322 14932
20240323 14928
20240312 14928
20240324 14924
20240312 14928
20240325 14930
20240312 14928
20240326 14935
20240312 14928
20240327 14939
20240312 14928
20240328 14942
20240329 14942
20240330 14960
20240329 14942
20240331 14965
20240329 14942
20240401 14960
20240329 14942
20240402 14961
20240329 14942
20240403 14956
20240329 14942
20240404 14960
20240329 14942
20240405 14972
20240329 14942
20240406 14973
20240329 14942
20240407 14978
20240329 14942
20240408 14977
20240329 14942
20240409 14978
20240329 14942
20240410 14980
20240329 14942
20240411 14985
20240329 14942
20240412 14987
20240329 14942
20240413 14984
20240329 14942
20240415 14988
20240329 14942
20240416 14990
20240329 14942
20240417 14979
20240418 14979
20240419 14984
20240418 14979
20240420 14982
20240418 14979
20240421 14983
20240418 14979
20240422 14976
20240418 14979
20240423 14973
20240418 14979
20240424 14975
20240418 14979
20240425 14972
20240418 14979
20240426 14959
20240418 14979
20240427 14945
20240418 14979
20240428 14944
20240418 14979
20240429 14965
20240418 14979
20240430 14975
20240418 14979
20240501 14967
20240418 14979
20240503 14966
20240418 14979
20240504 14961
20240418 14979
20240505 14968
20240418 14979
20240506 14956
20240418 14979
20240507 14962
20240418 14979
20240508 14963
20240418 14979
20240509 14953
20240418 14979
20240510 14960
20240418 14979
20240511 14963
20240418 14979
20240512 14962
20240418 14979
20240513 14955
20240418 14979
20240514 14958
20240515 14958
20240516 14956
20240515 14958
20240517 14951
20240515 14958
20240518 14952
20240515 14958
20240519 14946
20240515 14958
20240520 14945
20240515 14958
20240521 14941
20240515 14958
20240522 14938
20240515 14958
20240523 14959
20240515 14958
20240524 14943
20240515 14958
20240525 14941
20240515 14958
20240526 14933
20240515 14958
20240527 14918
20240515 14958
20240528 14908
20240529 14908
20240530 14903
20240529 14908
20240531 14904
20240529 14908
20240601 14903
20240529 14908
20240602 14895
20240529 14908
20240603 14891
20240529 14908
20240604 14883
20240529 14908
20240605 14869
20240529 14908
20240606 14852
20240529 14908
20240609 14755
20240529 14908
20240611 14738
20240612 14738
20240613 14740
20240612 14738
20240614 14743
20240612 14738
20240615 14745
20240612 14738
20240616 14744
20240612 14738
20240617 14746
20240612 14738
20240618 14749
20240612 14738
20240620 14748
20240612 14738
20240621 14746
20240612 14738
20240622 14753
20240612 14738
20240623 14754
20240612 14738
20240624 14755
20240612 14738
20240626 14762
20240612 14738
20240627 14757
20240612 14738
20240628 14751
20240612 14738
20240629 14742
20240612 14738
20240630 14734
20240612 14738
20240701 14705
20240612 14738
20240702 14691
20240612 14738
20240703 14672
20240612 14738
20240704 14654
20240612 14738
20240705 14644
20240612 14738
20240706 14637
20240707 14637
20240708 14633
20240707 14637
20240709 14632
20240707 14637
20240710 14634
20240707 14637
20240711 14622
20240707 14637
20240712 14629
20240707 14637
20240713 14632
20240707 14637
20240714 14628
20240707 14637
20240715 14627
20240707 14637
20240716 14623
20240707 14637
20240717 14620
20240707 14637
20240718 14624
20240707 14637
20240719 14619
20240707 14637
20240720 14626
20240707 14637
20240721 14622
20240707 14637
20240722 14625
20240707 14637
20240723 14626
20240724 14626
20240725 14616
20240724 14626
20240726 14614
20240724 14626
20240727 14620
20240724 14626
20240728 14616
20240724 14626
20240729 14613
20240724 14626
20240730 14614
20240724 14626
20240731 14612
20240724 14626
20240801 14616
20240802 14626
20240724 14626
20240803 14621
20240724 14626
20240804 14624
20240724 14626
20240805 14621
20240724 14626
20240806 14616
20240724 14626
20240807 14610
20240724 14626
20240808 14603
20240724 14626
20240809 14606
20240724 14626
20240810 14598
20240724 14626
20240811 14591
20240724 14626
20240812 14583
20240724 14626
20240813 14592
20240724 14626
20240814 14594
20240724 14626
20240815 14593
20240724 14626
20240816 14591
20240724 14626
20240817 14592
20240724 14626
20240818 14575
20240724 14626
20240819 14571
20240724 14626
20240820 14565
20240724 14626
20240821 14567
20240724 14626
20240822 14572
20240724 14626
20240823 14582
20240724 14626
20240824 14579
20240724 14626
20240825 14576
20240724 14626
20240826 14579
20240827 14579
20240828 14580
20240827 14579
20240829 14582
20240827 14579
20240830 14575
20240831 14575
20240901 14567
20240831 14575
20240902 14582
20240831 14575
20240903 14589
20240831 14575
20240904 14586
20240831 14575
20240905 14585
20240831 14575
20240906 14592
20240831 14575
20240907 14597
20240908 14597
20240909 14601
20240910 14601
20240911 14604
20240910 14601
20240912 14606
20240910 14601
20240913 14611
20240910 14601
20240914 14602
20240910 14601
20240915 14599
20240910 14601
20240916 14597
20240910 14601
20240917 14602
20240910 14601
20240918 14598
20240919 14601
20240910 14601
20240920 14609
20240910 14601
20240921 14600
20240921 14601
20240922 14601
20240925 14602
20240922 14601
20240926 14605
20240926 14605
