20230922 3340
20230924 3340
20230925 3341
20230926 3335
20230928 3335
20230929 3342
20231001 3342
20231002 3347
20231005 3347
20231007 3348
20231008 3348
20231009 3349
20231010 3350
20231019 3350
20231020 3351
20231021 3352
20231023 3352
20231024 3353
20231026 3353
20231027 3354
20231028 3356
20231029 3356
20231030 3357
20231103 3357
20231104 3359
20231110 3359
20231111 3360
20231120 3360
20231121 3361
20231122 3363
20231123 3363
20231124 3364
20231125 3365
20231128 3365
20231129 3366
20231130 3366
20231201 3372
20231202 3372
20231203 3377
20231207 3377
20231208 3376
20231209 3376
20231210 3382
20231211 3384
20231212 3385
20231213 3384
20231214 3384
20231215 3381
20231216 3378
20231217 3367
20231218 3378
20231219 3377
20231220 3376
20231221 3376
20231222 3381
20231223 3385
20231224 3383
20231225 3383
20231226 3382
20231227 3382
20231230 3372
20231231 3369
20240101 3372
20240102 3369
20240103 3366
20240104 3365
20240105 3360
20240106 3361
20240107 3364
20240108 3363
20240109 3362
20240110 3362
20240111 3364
20240112 3361
20240113 3362
20240114 3363
20240115 3364
20240116 3366
20240117 3369
20240118 3368
20240119 3428
20240120 3367
20240121 3370
20240122 3370
20240124 3372
20240125 3372
20240126 3371
20240127 3373
20240128 3373
20240129 3375
20240130 3376
20240203 3376
20240204 3375
20240205 3374
20240206 3374
20240207 3375
20240208 3373
20240210 3373
20240211 3375
20240212 3378
20240213 3358
20240214 3347
20240215 3349
20240216 3349
20240217 3348
20240218 3349
20240219 3351
20240220 3352
20240221 3353
20240222 3348
20240223 3348
20240224 3347
20240225 3342
20240227 3342
20240228 3340
20240229 3339
20240301 3340
20240302 3341
20240303 3341
20240304 3343
20240305 3340
20240306 3339
20240307 3341
20240308 3340
20240309 3339
20240310 3338
20240311 3336
20240312 3337
20240313 3338
20240314 3340
20240315 3343
20240316 3346
20240317 3350
20240318 3350
20240319 3352
20240320 3351
20240321 3350
20240323 3350
20240324 3352
20240325 3346
20240326 3356
20240327 3357
20240329 3357
20240330 3356
20240331 3359
20240401 3359
20240402 3358
20240403 3359
20240404 3358
20240406 3358
20240407 3357
20240413 3357
20240415 3358
20240416 3355
20240417 3356
20240418 3357
20240419 3358
20240420 3361
20240421 3362
20240422 3364
20240423 3364
20240424 3363
20240425 3363
20240426 3364
20240427 3365
20240428 3363
20240501 3363
20240503 3361
20240504 3362
20240505 3362
20240506 3361
20240508 3361
20240509 3359
20240510 3359
20240511 3358
20240512 3358
20240513 3357
20240514 3356
20240515 3356
20240516 3355
20240517 3357
20240518 3357
20240519 3358
20240520 3360
20240521 3359
20240522 3360
20240523 3359
20240524 3358
20240525 3357
20240528 3357
20240529 3356
20240601 3356
20240602 3355
20240603 3353
20240604 3354
20240606 3354
20240609 3353
20240611 3354
20240613 3354
20240614 3352
20240615 3351
20240616 3351
20240617 3350
20240618 3350
20240620 3351
20240621 3351
20240622 3353
20240623 3354
20240624 3340
20240626 3339
20240627 3340
20240628 3341
20240629 3342
20240630 3341
20240701 3340
20240702 3339
20240703 3339
20240704 3340
20240705 3339
20240706 3341
20240707 3342
20240708 3343
20240709 3343
20240710 3344
20240711 3344
20240712 3344
20240713 3344
20240714 3343
20240715 3345
20240716 3344
20240717 3344
20240718 3343
20240719 3343
20240720 3337
20240721 3338
20240722 3338
20240723 3338
20240724 3339
20240725 3337
20240726 3337
20240727 3340
20240728 3342
20240729 3344
20240730 3342
20240731 3343
20240801 3342
20240802 3342
20240803 3342
20240804 3342
20240805 3339
20240806 3336
20240807 3338
20240808 3338
20240809 3336
20240810 3336
20240811 3336
20240812 3337
20240813 3336
20240814 3334
20240815 3334
20240816 3332
20240817 3336
20240818 3336
20240819 3336
20240820 3336
20240821 3338
20240822 3339
20240823 3343
20240824 3342
20240825 3345
20240826 3347
20240827 3347
20240828 3349
20240829 3349
20240830 3352
20240831 3352
20240901 3348
20240902 3348
20240903 3348
20240904 3348
20240905 3352
20240906 3352
20240907 3353
20240908 3354
20240909 3354
20240910 3353
20240911 3350
20240912 3350
20240913 3349
20240914 3346
20240915 3346
20240916 3348
20240917 3352
20240918 3352
20240919 3352
20240920 3352
20240921 3354
20240922 3355
20240925 3357
20240926 3358
20240927 3362
20240928 3366
20240929 3368
20240930 3372
20241001 3377
20241002 3374
20241003 3372
20241004 3371
20241005 3373
20241006 3367
20241007 3368
20241008 3368
20241009 3369
20241010 3369
20241011 3368
20241012 3368
20241013 3369
20241014 3370
20241015 3373
20241016 3373
20241017 3373
20241018 3370
20241019 3372
20241020 3371
20241021 3372
20241022 3372
20241023 3373
20241024 3373
20241025 3372
20241026 3374
20241027 3372
20241028 3369
20241029 3367
20241030 3366
20241031 3368
20241101 3369
20241102 3369
20241103 3369
20241104 3368
20241105 3368
20241106 3367
20241107 3367
20241108 3367
20241109 3368
20241110 3366
20241111 3364
20241112 3367
20241113 3367
20241114 3366
20241115 3365
20241116 3365
20241117 3364
20241118 3364
20241119 3362
20241120 3362
20241121 3363
20241122 3361
20241123 3362
20241124 3364
20241125 3363
20241126 3361
20241127 3317
20241128 3318
20241129 3318
20241130 3319
20241201 3318
20241202 3321
20241203 3320
20241204 3320
20241205 3319
20241206 3320
20241207 3319
20241208 3318
20241209 3318
20241210 3317
20241211 3319
20241212 3319
20241213 3321
20241214 3321
20241215 3320
20241216 3318
20241217 3318
20241218 3317
20241219 3317
20241220 3319
20241221 3319
20241222 3320
20241223 3319
20241224 3320
20241225 3322
20241226 3324
20241227 3328
20241228 3329
20241229 3329
20241230 3331
20241231 3331
20250101 3332
20250102 3332
20250103 3332
20250104 3334
20250105 3333
20250106 3333
20250107 3331
20250108 3331
20250109 3330
20250110 3330
20250111 3330
20250112 3333
20250113 3330
20250114 3333
20250115 3333
20250116 3336
20250117 3338
20250118 3338
20250119 3339
20250120 3337
20250121 3337
20250122 3336
20250123 3336
20250124 3337
20250125 3338
20250126 3339
20250127 3341
20250128 3343
20250129 3343
20250130 3346
20250131 3347
20250201 3347
20250202 3347
20250203 3347
20250204 3345
20250205 3345
20250206 3345
20250207 3348
20250208 3350
20250210 3351
20250211 3353
20250212 3353
20250213 3343
20250214 3344
20250215 3345
20250216 3347
20250217 3348
20250218 3348
20250219 3348
20250220 3351
20250221 3351
20250222 3352
20250223 3350
20250224 3348
20250225 3350
20250226 3348
20250227 3348
20250228 3347
20250301 3346
20250302 3347
20250303 3347
20250304 3348
20250305 3349
20250306 3349
20250307 3350
20250308 3349
20250309 3349
20250310 3357
20250311 3357
20250312 3356
20250313 3356
20250314 3353
20250315 3352
20250316 3354
20250317 3353
20250318 3354
20250319 3354
20250320 3351
20250321 3351
20250322 3353
20250323 3352
20250324 3357
20250326 3360
20250327 3361
20250328 3362
20250329 3364
20250330 3365
20250331 3366
20250401 3367
20250402 3369
20250403 3369
20250404 3370
20250405 3372
20250406 3373
20250407 3371
20250408 3373
20250409 3372
20250410 3372
20250411 3372
20250412 3370
20250413 3372
20250414 3372
20250415 3370
20250416 3366
20250417 3361
20250418 3360
20250419 3361
20250420 3362
20250421 3361
20250422 3361
20250423 3360
20250424 3358
20250425 3360
20250426 3363
20250427 3363
20250428 3365
20250429 3366
20250430 3366
20250501 3367
20250502 3369
20250503 3369
20250504 3369
20250505 3371
20250506 3374
20250507 3373
20250508 3372
20250509 3372
20250510 3374
20250511 3375
20250512 3377
20250513 3378
20250514 3378
20250515 3379
20250516 3379
20250517 3381
20250518 3380
20250519 3379
20250520 3379
20250521 3379
20250522 3381
20250523 3380
20250524 3381
20250525 3382
20250526 3381
20250527 3380
20250528 3381
20250529 3380
20250530 3390
20250531 3395
20250601 3397
20250602 3397
20250603 3399
20250604 3399
20250605 3398
20250606 3399
20250607 3396
20250608 3397
20250609 3399
20250610 3398
20250611 3398
20250612 3397
20250613 3397
20250614 3395
20250615 3396
20250616 3397
