20230707 131
20230709 131
20230710 131
20230711 131
20230712 131
20230714 131
20230715 131
20230716 131
20230717 131
20230718 131
20230719 131
20230720 131
20230721 131
20230722 131
20230723 131
20230724 131
20230725 131
20230726 131
20230727 131
20230728 131
20230729 131
20230730 131
20230731 131
20230801 131
20230802 131
20230803 131
20230804 131
20230805 131
20230806 131
20230807 131
20230808 131
20230809 131
20230810 131
20230811 131
20230812 131
20230813 131
20230815 131
20230816 131
20230817 131
20230818 131
20230819 131
20230820 131
20230821 131
20230822 131
20230823 131
20230824 131
20230825 131
20230826 131
20230827 131
20230828 131
20230829 131
20230830 131
20230831 131
20230901 131
20230902 131
20230903 131
20230904 131
20230905 131
20230906 131
20230907 131
20230908 131
20230909 131
20230910 131
20230911 131
20230912 131
20230913 131
20230914 131
20230915 131
20230916 131
20230917 131
20230918 131
20230919 131
20230920 129
20230921 129
20230922 129
20230923 129
20230924 129
20230925 129
20230926 129
20230927 129
20230928 129
20230929 129
20230930 129
20231001 129
20231002 129
20231003 129
20231005 129
20231007 129
20231008 129
20231009 129
20231010 129
20231011 129
20231012 129
20231013 129
20231014 129
20231015 129
20231016 129
20231017 129
20231018 129
20231019 129
20231020 129
20231021 129
20231022 129
20231023 129
20231024 129
20231025 129
20231026 129
20231027 129
20231028 129
20231029 129
20231030 129
20231031 129
20231101 129
20231102 129
20231103 129
20231104 129
20231105 129
20231106 129
20231107 129
20231108 129
20231109 129
20231110 129
20231111 129
20231112 129
20231113 129
20231114 129
20231115 129
20231116 129
20231117 129
20231118 129
20231120 129
20231121 129
20231122 129
20231123 129
20231124 129
20231125 129
20231126 129
20231127 129
20231128 129
20231129 129
20231130 129
20231201 129
20231202 129
20231203 129
20231204 129
20231205 129
20231206 129
20231207 129
20231208 129
20231209 129
20231210 129
20231211 129
20231212 129
20231213 129
20231214 129
20231215 129
20231216 129
20231217 129
20231218 129
20231219 129
20231220 129
20231221 129
20231222 129
20231223 129
20231224 129
20231225 129
20231226 129
20231227 129
20231230 129
20231231 129
20240101 129
20240102 129
20240103 129
20240104 129
20240105 129
20240106 129
20240107 129
20240108 129
20240109 129
20240110 129
20240111 129
20240112 129
20240113 129
20240114 129
20240115 129
20240116 129
20240117 129
20240118 129
20240119 129
20240120 129
20240121 129
20240122 129
20240124 129
20240125 129
20240126 129
20240127 129
20240128 129
20240129 129
20240130 129
20240131 129
20240201 129
20240202 129
20240203 129
20240204 129
20240205 129
20240206 129
20240207 129
20240208 129
20240209 129
20240210 129
20240211 129
20240212 129
20240213 129
20240214 129
20240215 129
20240216 129
20240217 129
20240218 129
20240219 129
20240220 129
20240221 129
20240222 129
20240223 129
20240224 129
20240225 129
20240226 129
20240227 129
20240228 129
20240229 129
20240301 129
20240302 129
20240303 129
20240304 129
20240305 129
20240306 129
20240307 129
20240308 129
20240309 130
20240310 130
20240311 130
20240312 130
20240313 130
20240314 130
20240315 130
20240316 130
20240317 130
20240318 130
20240319 130
20240320 130
20240321 130
20240322 130
20240323 130
20240324 130
20240325 130
20240326 130
20240327 130
20240328 130
20240329 130
20240330 130
20240331 130
20240401 130
20240402 130
20240403 130
20240404 130
20240405 130
20240406 130
20240407 130
20240408 130
20240409 130
20240410 130
20240411 131
20240412 131
20240413 131
20240415 131
20240416 131
20240417 131
20240418 131
20240419 131
20240420 131
20240421 131
20240422 131
20240423 131
20240424 131
20240425 131
20240426 131
20240427 131
20240428 131
20240429 131
20240430 131
20240501 131
20240503 131
20240504 131
20240505 131
20240506 131
20240507 131
20240508 131
20240509 131
20240510 131
20240511 131
20240512 131
20240513 131
20240514 131
20240515 131
20240516 131
20240517 131
20240518 131
20240519 131
20240520 131
20240521 131
20240522 131
20240523 131
20240524 131
20240525 131
20240526 131
20240527 131
20240528 131
20240529 131
20240530 131
20240531 131
20240601 131
20240602 131
20240603 131
