20230707 1303
20230712 1303
20230715 1303
20230716 1303
20230718 1303
20230719 1303
20230720 1303
20230721 1303
20230722 1303
20230724 1303
20230726 1303
20230727 1303
20230729 1303
20230730 1303
20230731 1303
20230801 1303
20230802 1303
20230803 1303
20230804 1303
20230805 1303
20230806 1303
20230807 1303
20230808 1303
20230809 1303
20230811 1303
20230812 1303
20230813 1303
20230815 1303
20230816 1303
20230817 1303
20230818 1303
20230819 1303
20230820 1303
20230821 1303
20230822 1303
20230823 1303
20230824 1303
20230825 1303
20230826 1303
20230827 1303
20230828 1303
20230829 1303
20230830 1303
