20230707 303
20230709 303
20230710 303
20230711 303
20230712 303
20230714 303
20230715 303
20230716 303
20230717 303
20230718 303
20230719 303
20230720 303
20230721 303
20230722 303
20230723 303
20230724 303
20230725 303
20230726 303
20230727 303
20230728 303
20230729 303
20230730 303
20230731 303
20230801 303
20230802 303
20230803 303
20230804 303
20230805 303
20230806 303
20230807 303
20230808 303
20230809 303
20230810 303
20231205 288
20231206 288
20231207 288
20231208 287
20231209 287
20231210 287
20231211 287
