20230922 12941
20230924 12957
20230925 12947
20230926 12952
20230927 12948
20230928 12947
20230929 12948
20230930 12955
20231001 12957
20231002 12951
20231003 12949
20231005 12946
20231007 12962
20231008 12963
20231009 12962
20231010 12956
20231011 12953
20231012 12948
20231013 12960
20231014 12959
20231015 12957
20231016 12961
20231017 12961
20231018 12953
20231019 12953
20231020 12956
20231021 12963
20231022 12960
20231023 12962
20231024 12971
20231025 12971
20231026 12970
20231027 12976
20231028 12976
20231029 12983
20231030 12980
20231031 12981
20231101 12964
20231102 12958
20231103 12977
20231104 12990
20231105 12981
20231106 12983
20231107 12979
20231108 12979
20231109 12969
20231110 12971
20231111 12980
20231112 12983
20231113 12976
20231114 12974
20231115 12979
20231116 12981
20231117 12988
