20230707 12294
20230709 12314
20230710 12297
20230711 12322
20230712 12331
20230713 12347
20230714 12367
20230715 12388
20230716 12390
20230717 12405
20230718 12422
20230719 12451
20230720 12463
20230721 12468
20230722 12492
20230723 12508
20230724 12520
20230725 12543
20230726 12565
20230727 12582
20230728 12602
20230729 12630
20230730 12668
20230731 12705
20230801 12733
20230802 12765
20230803 12783
20230804 12609
20230805 12735
20230806 12748
20230807 12759
20230808 12859
20230809 12981
20230810 13002
20230811 13022
20230812 13016
20230813 13028
20230815 13136
20230816 13137
20230817 13156
20230818 13175
20230819 13189
20230820 13214
20230821 13227
20230822 13229
20230823 13258
20230824 13275
20230825 13291
20230826 13308
20230827 13316
20230828 13323
20230829 13335
20230830 13353
20230831 13372
20230901 13387
20230902 13393
20230903 13405
20230904 13401
20230905 13441
20230906 13480
20230907 13504
20230908 13545
20230909 13548
20230910 13572
20230911 13581
20230912 13588
20230913 13624
20230914 13630
20230915 13225
20230916 13235
20230917 13315
20230918 13322
20230919 13340
20230920 12804
20230921 12832
20230922 12850
20230923 12850
20230924 12862
20230923 12850
20230925 12879
20230923 12850
20230926 12936
20230923 12850
20230927 12943
20230923 12850
20230928 12963
20230923 12850
20230929 12988
20230923 12850
20230930 13026
20230923 12850
20231001 13036
20230923 12850
20231002 13055
20230923 12850
20231003 13097
20230923 12850
20231005 13132
20230923 12850
20231007 13170
20230923 12850
20231008 13165
20230923 12850
20231009 13216
20230923 12850
20231010 13246
20230923 12850
20231011 13279
20230923 12850
20231012 13356
20231013 13356
20231014 13373
20231013 13356
20231015 13381
20231013 13356
20231016 13386
20231013 13356
20231017 13407
20231013 13356
20231018 13404
20231013 13356
20231019 13407
20231013 13356
20231020 13397
20231013 13356
20231021 13414
20231013 13356
20231022 13421
20231013 13356
20231023 13479
20231013 13356
20231024 13498
20231013 13356
20231025 13499
20231013 13356
20231026 13511
20231013 13356
20231027 13532
20231013 13356
20231028 13545
20231013 13356
20231029 13579
20231013 13356
20231030 13591
20231013 13356
20231031 13614
20231013 13356
20231101 13631
20231013 13356
20231102 13652
20231013 13356
20231103 13665
20231013 13356
20231104 13718
20231013 13356
20231105 13667
20231013 13356
20231106 13682
20231013 13356
20231107 13717
20231013 13356
20231108 13665
20231013 13356
20231109 13693
20231013 13356
20231110 13680
20231013 13356
20231111 13658
20231112 13658
20231113 13669
20231112 13658
20231114 13694
20231112 13658
20231115 13656
20231112 13658
20231116 13676
20231112 13658
20231117 13691
20231112 13658
20231118 13649
20231112 13658
20231120 13663
20231112 13658
20231121 13623
20231112 13658
20231122 13639
20231112 13658
20231123 13642
20231112 13658
20231124 13650
20231112 13658
20231125 13636
20231112 13658
20231126 13642
20231112 13658
20231127 13637
20231112 13658
20231128 13641
20231112 13658
20231129 13638
20231112 13658
20231130 13651
20231112 13658
20231201 13689
20231112 13658
20231202 13695
20231112 13658
20231203 13692
20231204 13692
20231205 13716
20231204 13692
20231206 13746
20231204 13692
20231207 13741
20231204 13692
20231208 13735
20231204 13692
20231209 13771
20231204 13692
20231210 13791
20231204 13692
20231211 13751
20231204 13692
20231212 13758
20231204 13692
20231213 13767
20231204 13692
20231214 13782
20231204 13692
20231215 13660
20231204 13692
20231216 13644
20231204 13692
20231217 13739
20231204 13692
20231218 13770
20231204 13692
20231219 13795
20231204 13692
20231220 13836
20231204 13692
20231221 13845
20231204 13692
20231222 13864
20231204 13692
20231223 13870
20231204 13692
20231224 13879
20231204 13692
20231225 13877
20231204 13692
20231226 13865
20231204 13692
20231227 13868
20231204 13692
20231230 13897
20231204 13692
20231231 13924
20231204 13692
20240101 13927
20231204 13692
20240102 13941
20231204 13692
20240103 13954
20231204 13692
20240104 13966
20231204 13692
20240105 13979
20231204 13692
20240106 14010
20231204 13692
20240107 14048
20231204 13692
20240108 14069
20231204 13692
20240109 14079
20231204 13692
20240110 14108
20231204 13692
20240111 14131
20231204 13692
20240112 14162
20231204 13692
20240113 14192
20231204 13692
20240114 14215
20231204 13692
20240115 14237
20231204 13692
20240116 14055
20231204 13692
20240117 14089
20231204 13692
20240118 14024
20231204 13692
20240119 14036
20231204 13692
20240120 14054
20231204 13692
20240121 14066
20231204 13692
20240122 14130
20231204 13692
20240124 14197
20231204 13692
20240125 14249
20231204 13692
20240126 14253
20231204 13692
20240127 14242
20231204 13692
20240128 14210
20231204 13692
20240129 14216
20231204 13692
20240130 14254
20231204 13692
20240131 14270
20231204 13692
20240201 14288
20231204 13692
20240202 14396
20231204 13692
20240203 14422
20231204 13692
20240204 14405
20231204 13692
20240205 14419
20231204 13692
20240206 14445
20231204 13692
20240207 14539
20231204 13692
20240208 14431
20231204 13692
20240209 14509
20231204 13692
20240210 14534
20231204 13692
20240211 14561
20231204 13692
20240212 14576
20231204 13692
20240213 14560
20231204 13692
20240214 14587
20231204 13692
20240215 14604
20231204 13692
20240216 14652
20231204 13692
20240217 14654
20231204 13692
20240218 14688
20231204 13692
20240219 14691
20231204 13692
20240220 14640
20231204 13692
20240221 14661
20231204 13692
20240222 14683
20231204 13692
20240223 14732
20231204 13692
20240224 14753
20231204 13692
20240225 14763
20231204 13692
20240226 14778
20231204 13692
20240227 14798
20231204 13692
20240228 14815
20231204 13692
20240229 14832
20231204 13692
20240301 14962
20231204 13692
20240302 14987
20231204 13692
20240303 14973
20231204 13692
20240304 14974
20231204 13692
20240305 15076
20231204 13692
20240306 15091
20231204 13692
20240307 15136
20231204 13692
20240308 15003
20231204 13692
20240309 15061
20231204 13692
20240310 15039
20231204 13692
20240311 15094
20231204 13692
20240312 15122
20231204 13692
20240313 15105
20231204 13692
20240314 15116
20231204 13692
20240315 15028
20231204 13692
20240316 15013
20231204 13692
20240317 14841
20231204 13692
20240318 14712
20231204 13692
20240319 14703
20231204 13692
20240320 14632
20231204 13692
20240321 14616
20231204 13692
20240322 14619
20231204 13692
20240323 14568
20231204 13692
20240324 14591
20231204 13692
20240325 14474
20231204 13692
20240326 14477
20231204 13692
20240327 14483
20231204 13692
20240328 14476
20231204 13692
20240329 14480
20231204 13692
20240330 14471
20231204 13692
20240331 14445
20231204 13692
20240401 14428
20231204 13692
20240402 14463
20231204 13692
20240403 14472
20231204 13692
20240404 14455
20231204 13692
20240405 14356
20231204 13692
20240406 14283
20231204 13692
20240407 14248
20231204 13692
20240408 14191
20231204 13692
20240409 14215
20231204 13692
20240410 14199
20231204 13692
20240411 14131
20231204 13692
20240412 14094
20231204 13692
20240413 14020
20231204 13692
20240415 13782
20231204 13692
20240416 13885
20231204 13692
20240417 13905
20231204 13692
20240418 13874
20231204 13692
20240419 13724
20231204 13692
20240420 13726
20231204 13692
20240421 13732
20231204 13692
20240422 13709
20231204 13692
20240423 13693
20231204 13692
20240424 13804
20231204 13692
20240425 13823
20231204 13692
20240426 13874
20231204 13692
20240427 13893
20231204 13692
20240428 13911
20231204 13692
20240429 13884
20231204 13692
20240430 13745
20231204 13692
20240501 13741
20231204 13692
20240503 13773
20231204 13692
20240504 13787
20231204 13692
20240505 13802
20231204 13692
20240506 13801
20231204 13692
20240507 13827
20231204 13692
20240508 13848
20231204 13692
20240509 13859
20231204 13692
20240510 13861
20231204 13692
20240511 13859
20231204 13692
20240512 13866
20231204 13692
20240513 13908
20231204 13692
20240514 13852
20231204 13692
20240515 13853
20231204 13692
20240516 13789
20231204 13692
20240517 13735
20231204 13692
20240518 13739
20231204 13692
20240519 13741
20231204 13692
20240520 13767
20231204 13692
20240521 13794
20231204 13692
20240522 13807
20231204 13692
20240523 13850
20231204 13692
20240524 13770
20231204 13692
20240525 13796
20231204 13692
20240526 13826
20231204 13692
20240527 13856
20231204 13692
20240528 13888
20231204 13692
20240529 13927
20231204 13692
20240530 13981
20231204 13692
20240531 14048
20231204 13692
20240601 14064
20231204 13692
20240602 14081
20231204 13692
20240603 14060
20231204 13692
20240604 14092
20231204 13692
20240605 14126
20231204 13692
20240606 14165
20231204 13692
20240609 14006
20231204 13692
20240611 13930
20231204 13692
20240612 13926
20231204 13692
20240613 13951
20231204 13692
20240614 13965
20231204 13692
20240615 13978
20231204 13692
20240616 13998
20231204 13692
20240617 14004
20240618 14004
20240620 14025
20240618 14004
20240621 14030
20240618 14004
20240622 14043
20240618 14004
20240623 14059
20240618 14004
20240624 14026
20240618 14004
20240626 14047
20240618 14004
20240627 14037
20240618 14004
20240628 14051
20240618 14004
20240629 14047
20240618 14004
20240630 14036
20240618 14004
20240701 14051
20240618 14004
20240702 14035
20240618 14004
20240703 14034
20240618 14004
20240704 14092
20240618 14004
20240705 14128
20240618 14004
20240706 14131
20240618 14004
20240707 14136
20240618 14004
20240708 14154
20240618 14004
20240709 14153
20240618 14004
20240710 14148
20240618 14004
20240711 14167
20240618 14004
20240712 14190
20240618 14004
20240713 14191
20240618 14004
20240714 14134
20240618 14004
20240715 14117
20240618 14004
20240716 14153
20240618 14004
20240717 14078
20240618 14004
20240718 14102
20240618 14004
20240719 14015
20240618 14004
20240720 13990
20240618 14004
20240721 13994
20240618 14004
20240722 14042
20240618 14004
20240723 14154
20240724 14154
20240725 14193
20240724 14154
20240726 14240
20240724 14154
20240727 14294
20240724 14154
20240728 14315
20240724 14154
20240729 14355
20240724 14154
20240730 14416
20240724 14154
20240731 14458
20240724 14154
20240801 14483
20240724 14154
20240802 14503
20240724 14154
20240803 14556
20240724 14154
20240804 14585
20240724 14154
20240805 14536
20240724 14154
20240806 14545
20240724 14154
20240807 14543
20240724 14154
20240808 14540
20240724 14154
20240809 14526
20240724 14154
20240810 14530
20240724 14154
20240811 14540
20240724 14154
20240812 14570
20240724 14154
20240813 14568
20240724 14154
20240814 14584
20240724 14154
20240815 14615
20240724 14154
20240816 14640
20240724 14154
20240817 14650
20240724 14154
20240818 14681
20240724 14154
20240819 14644
20240724 14154
20240820 14672
20240724 14154
20240821 14695
20240724 14154
20240822 14729
20240724 14154
20240823 14771
20240724 14154
20240824 14802
20240724 14154
20240825 14820
20240724 14154
20240826 14847
20240724 14154
20240827 14853
20240724 14154
20240828 14864
20240724 14154
20240829 14904
20240724 14154
20240830 14906
20240724 14154
20240831 14901
20240724 14154
20240901 14924
20240724 14154
20240902 14954
20240724 14154
20240903 15002
20240724 14154
20240904 15013
20240724 14154
20240905 15034
20240724 14154
20240906 15038
20240724 14154
20240907 15035
20240724 14154
20240908 15027
20240724 14154
20240909 15019
20240724 14154
20240910 15026
20240724 14154
20240911 15012
20240724 14154
20240912 15009
20240724 14154
20240913 15011
20240724 14154
20240914 15037
20240724 14154
20240915 15050
20240724 14154
20240916 15042
20240724 14154
20240917 15105
20240724 14154
20240918 15196
20240724 14154
20240919 15161
20240724 14154
20240920 15110
20240724 14154
20240921 15118
20240724 14154
20240921 15137
20240922 15137
20240925 15189
20240922 15137
20240926 15172
20240922 15137
20240927 15290
20240922 15137
20240928 15369
20240922 15137
20240929 15399
20240929 15399
