20230707 5168
20230709 5173
20230710 5174
20230711 5180
20230712 5184
20230713 5185
20230714 5195
20230715 5198
20230716 5194
20230717 5202
20230718 5207
20230719 5213
20230720 5220
20230721 5224
20230722 5231
20230723 5235
20230724 5241
20230725 5250
20230726 5261
20230727 5267
20230728 5273
20230729 5281
20230730 5282
20230731 5283
20230801 5285
20230802 5291
20230803 5301
20230804 5309
20230805 5312
20230806 5318
20230807 5322
20230808 5331
20230809 5339
20230810 5345
20230811 5350
20230812 5355
20230813 5360
20230815 5371
20230816 5376
20230817 5375
20230818 5382
20230819 5391
20230820 5391
20230821 5399
20230822 5405
20230823 5410
20230824 5413
20230825 5415
20230826 5420
20230827 5425
20230828 5432
20230829 5448
20230830 5453
20230831 5459
20230901 5460
20230902 5465
20230903 5469
20230904 5479
20230905 5489
20230906 5493
20230907 5498
20230908 5502
20230909 5513
20230910 5516
20230911 5521
20230912 5524
20230913 5525
20230914 5526
20230915 5529
20230916 5531
20230917 5534
20230918 5535
20230919 5541
20230920 4753
20230921 4760
20230922 4765
20230923 4769
20230924 4769
20230925 4769
20230926 4769
20230927 4778
20230928 4781
20230929 4783
20230930 4789
20231001 4790
20231002 4793
20231003 4797
20231005 4804
20231007 4817
20231008 4822
