20230707 11
20230919 11
20230920 9
20240223 9
20240224 8
20240624 8
20240626 8
20240627 8
20240628 8
20240629 8
20240630 8
20240701 8
20240702 8
20240703 8
20240704 8
20240705 8
20240706 8
20240707 8
20240708 8
20240709 8
20240710 8
20240711 8
20240712 8
20240713 8
20240714 8
20240715 8
20240716 8
20240717 8
20240718 8
20240719 8
20240720 36
20240721 36
20240722 36
20240723 36
20240724 36
20240725 36
20240726 36
20240727 36
20240728 36
20240729 36
20240730 36
20240731 36
20240801 36
20240802 36
20240803 36
20240804 36
20240805 36
20240806 36
20240807 36
20240808 36
20240809 36
20240810 36
20240811 36
20240812 36
20240813 36
20240814 36
