20230707 4862
20230709 4860
20230710 4859
20230711 4858
20230712 4852
20230713 4850
20230714 4851
20230715 4847
20230716 4846
20230717 4846
20230718 4844
20230717 4846
20230719 4845
20230717 4846
20230720 4852
20230717 4846
20230721 4856
20230722 4856
20230723 4855
20230722 4856
20230724 4852
20230722 4856
20230725 4854
20230722 4856
20230726 4855
20230727 4855
20230728 4856
20230729 4855
20230727 4855
20230730 4849
20230727 4855
20230731 4848
20230727 4855
20230801 4849
20230727 4855
20230802 4851
20230804 4851
20230805 4855
20230804 4851
20230806 4856
20230804 4851
20230807 4860
20230804 4851
20230808 4865
20230804 4851
20230809 4866
20230804 4851
20230810 4867
20230804 4851
20230811 4868
20230804 4851
20230812 4871
20230804 4851
20230813 4876
20230804 4851
20230815 4883
20230804 4851
20230816 4881
20230804 4851
20230817 4883
20230804 4851
20230818 4882
20230804 4851
20230819 4890
20230804 4851
20230820 4891
20230804 4851
20230821 4892
20230804 4851
20230822 4896
20230804 4851
20230823 4894
20230804 4851
20230824 4897
20230825 4897
20230826 4905
20230825 4897
20230827 4907
20230825 4897
20230828 4902
20230829 4902
20230830 4906
20230829 4902
20230831 4912
20230829 4902
20230901 4937
20230902 4937
20230903 4938
20230902 4937
20230904 4941
20230905 4941
20230906 4942
20230905 4941
20230907 4943
20230908 4943
20230909 4944
20230908 4943
20230910 4947
20230908 4943
20230911 4948
20230908 4943
20230912 4949
20230908 4943
20230913 4947
20230908 4943
20230914 4952
20230908 4943
20230915 4959
20230908 4943
20230916 4953
20230917 4953
20230918 4951
20230917 4953
20230919 4949
20230917 4953
20230920 4906
20230917 4953
20230921 4899
20230917 4953
20230922 4898
20230917 4953
20230923 4894
20230917 4953
20230924 4879
20230917 4953
20230925 4876
20230917 4953
20230926 4875
20230917 4953
20230927 4874
20230917 4953
20230928 4881
20230917 4953
20230929 4889
20230917 4953
20230930 4894
20230917 4953
20231001 4897
20231003 4897
20231005 4902
20231003 4897
20231007 4903
20231008 4903
20231009 4913
20231010 4913
20231011 4916
20231010 4913
20231012 4918
20231010 4913
20231013 4919
20231010 4913
20231014 4922
20231010 4913
20231015 4921
20231010 4913
20231016 4930
20231010 4913
20231017 4935
20231010 4913
20231018 4936
20231010 4913
20231019 4939
20231010 4913
20231020 4946
20231010 4913
20231021 4952
20231010 4913
20231022 4953
20231010 4913
20231023 4937
20231010 4913
20231024 4939
20231010 4913
20231025 4937
20231010 4913
20231026 4939
20231010 4913
20231027 4943
20231010 4913
20231028 4945
20231010 4913
20231029 4944
20231010 4913
20231030 4948
20231101 4948
20231102 4945
20231103 4945
20231104 4959
20231103 4945
20231105 4964
20231103 4945
20231106 4961
20231103 4945
20231107 4965
20231103 4945
20231108 4968
20231103 4945
20231109 4967
20231103 4945
20231110 4968
20231103 4945
20231111 4962
20231103 4945
20231112 4967
20231103 4945
20231113 4966
20231103 4945
20231114 4962
20231103 4945
20231115 4965
20231103 4945
20231116 4967
20231103 4945
20231117 4966
20231103 4945
20231118 4965
20231103 4945
20231120 4967
20231103 4945
20231121 4966
20231103 4945
20231122 4933
20231103 4945
20231123 4925
20231124 4925
20231125 4923
20231126 4923
20231127 4922
20231126 4923
20231128 4914
20231126 4923
20231129 4910
20231126 4923
20231130 4915
20231126 4923
20231201 4909
20231202 4909
20231203 4882
20231202 4909
20231204 4884
20231202 4909
20231205 4882
20231202 4909
20231206 4884
20231207 4884
20231208 4885
20231209 4885
20231210 4891
20231209 4885
20231211 4890
20231212 4890
20231213 4892
20231212 4890
20231214 4888
20231215 4888
20231216 4893
20231215 4888
20231217 4925
20231215 4888
20231218 4934
20231220 4934
20231221 4931
20231220 4934
20231222 4929
20231220 4934
20231223 4931
20231220 4934
20231224 4929
20231220 4934
20231225 4930
20231220 4934
20231226 4923
20231220 4934
20231227 4918
20231220 4934
20231230 4910
20231220 4934
20231231 4911
20231220 4934
20240101 4910
20231220 4934
20240102 4908
20231220 4934
20240103 4878
20231220 4934
20240104 4856
20231220 4934
20240105 4831
20231220 4934
20240106 4857
20231220 4934
20240107 4856
20231220 4934
20240108 4851
20231220 4934
20240109 4873
20231220 4934
20240110 4878
20231220 4934
20240111 4920
20231220 4934
20240112 4910
20231220 4934
20240113 4929
20231220 4934
20240114 4938
20231220 4934
20240115 4946
20231220 4934
20240116 4951
20231220 4934
20240117 4955
20231220 4934
20240118 4976
20231220 4934
20240119 5021
20231220 4934
20240120 5032
20231220 4934
20240121 5035
20231220 4934
20240122 5041
20231220 4934
20240124 5032
20231220 4934
20240125 5016
20231220 4934
20240126 4997
20231220 4934
20240127 5006
20231220 4934
20240128 4982
20231220 4934
20240129 4978
20231220 4934
20240130 4984
20231220 4934
20240131 4968
20231220 4934
20240201 4959
20231220 4934
20240202 4952
20231220 4934
20240203 4918
20231220 4934
20240204 4909
20231220 4934
20240205 4914
20231220 4934
20240206 4917
20231220 4934
20240207 4920
20231220 4934
20240208 4906
20231220 4934
20240209 4866
20231220 4934
20240210 4858
20231220 4934
20240211 4861
20231220 4934
20240212 4863
20231220 4934
20240213 4858
20231220 4934
20240214 4821
20231220 4934
20240215 4809
20231220 4934
20240216 4807
20231220 4934
20240217 4808
20231220 4934
20240218 4809
20231220 4934
20240219 4802
20231220 4934
20240220 4809
20231220 4934
20240221 4815
20231220 4934
20240222 4810
20231220 4934
20240223 4815
20231220 4934
20240224 4780
20240225 4780
20240226 4793
20240225 4780
20240227 4791
20240225 4780
20240228 4797
20240225 4780
20240229 4785
20240225 4780
20240301 4781
20240225 4780
20240302 4775
20240225 4780
20240303 4774
20240225 4780
20240304 4776
20240305 4780
20240225 4780
20240306 4779
20240225 4780
20240307 4784
20240225 4780
20240308 4781
20240309 4780
20240225 4780
20240310 4774
20240225 4780
20240311 4777
20240313 4777
20240314 4795
20240313 4777
20240315 4799
20240313 4777
20240316 4798
20240313 4777
20240317 4809
20240318 4809
20240319 4815
20240318 4809
20240320 4816
20240318 4809
20240321 4822
20240318 4809
20240322 4820
20240318 4809
20240323 4822
20240318 4809
20240324 4821
20240325 4821
20240326 4825
20240325 4821
20240327 4828
20240329 4828
20240330 4827
20240329 4828
20240331 4820
20240329 4828
20240401 4819
20240329 4828
20240402 4823
20240329 4828
20240403 4826
20240329 4828
20240404 4830
20240329 4828
20240405 4826
20240329 4828
20240406 4827
20240329 4828
20240407 4830
20240329 4828
20240408 4833
20240410 4833
20240411 4839
20240410 4833
20240412 4842
20240410 4833
20240413 4839
20240410 4833
20240415 4821
20240410 4833
20240416 4829
20240410 4833
20240417 4836
20240410 4833
20240418 4840
20240410 4833
20240419 4838
20240410 4833
20240420 4839
20240410 4833
20240421 4840
20240422 4840
20240423 4844
20240422 4840
20240424 4849
20240422 4840
20240425 4852
20240422 4840
20240426 4855
20240422 4840
20240427 4856
20240422 4840
20240428 4857
20240422 4840
20240429 4851
20240430 4851
20240501 4854
20240430 4851
20240503 4857
20240430 4851
20240504 4858
20240430 4851
20240505 4857
20240430 4851
20240506 4858
20240430 4851
20240507 4861
20240430 4851
20240508 4862
20240430 4851
20240509 4865
20240430 4851
20240510 4871
20240430 4851
20240511 4876
20240430 4851
20240512 4879
20240430 4851
20240513 4884
20240430 4851
20240514 4888
20240430 4851
20240515 4893
20240430 4851
20240516 4894
20240430 4851
20240517 4900
20240518 4900
20240519 4902
20240518 4900
20240520 4899
20240518 4900
20240521 4901
20240518 4900
20240522 4878
20240523 4878
20240524 4881
20240523 4878
20240525 4880
20240523 4878
20240526 4886
20240523 4878
20240527 4887
20240523 4878
20240528 4889
20240523 4878
20240529 4886
20240523 4878
20240530 4889
20240523 4878
20240531 4890
20240523 4878
20240601 4897
20240523 4878
20240602 4895
20240523 4878
20240603 4894
20240523 4878
20240604 4898
20240605 4898
20240606 4899
20240605 4898
20240609 4904
20240605 4898
20240611 4895
20240605 4898
20240612 4889
20240605 4898
20240613 4888
20240614 4888
20240615 4887
20240614 4888
20240616 4884
20240614 4888
20240617 4883
20240614 4888
20240618 4882
20240614 4888
20240620 4885
20240614 4888
20240621 4884
20240614 4888
20240622 4882
20240623 4888
20240614 4888
20240624 4886
20240614 4888
20240626 4887
20240614 4888
20240627 4886
20240614 4888
20240628 4884
20240614 4888
20240629 4883
20240630 4883
20240701 4881
20240630 4883
20240702 4884
20240703 4883
20240630 4883
20240704 4884
20240630 4883
20240705 4881
20240706 4883
20240630 4883
20240707 4881
20240630 4883
20240708 4880
20240630 4883
20240709 4881
20240630 4883
20240710 4882
20240712 4882
20240713 4885
20240712 4882
20240714 4888
20240712 4882
20240715 4886
20240716 4882
20240712 4882
20240717 4884
20240712 4882
20240718 4887
20240712 4882
20240719 4889
20240712 4882
20240720 4890
20240712 4882
20240721 4889
20240712 4882
20240722 4886
20240712 4882
20240723 4890
20240725 4890
20240726 4887
20240725 4890
20240727 4883
20240725 4890
20240728 4886
20240725 4890
20240729 4885
20240725 4890
20240730 4881
20240802 4881
20240803 4880
20240805 4880
20240806 4879
20240807 4880
20240805 4880
20240808 4878
20240805 4880
20240809 4879
20240805 4880
20240810 4881
20240805 4880
20240811 4883
20240812 4883
20240813 4915
20240812 4883
20240814 4914
20240812 4883
20240815 4916
20240812 4883
20240816 4914
20240812 4883
20240817 4908
20240812 4883
20240818 4899
20240812 4883
20240819 4900
20240812 4883
20240820 4904
20240812 4883
20240821 4903
20240812 4883
20240822 4910
20240812 4883
20240823 4915
20240812 4883
20240824 4922
20240812 4883
20240825 4920
20240812 4883
20240826 4917
20240812 4883
20240827 4919
20240828 4919
20240829 4920
20240828 4919
20240830 4914
20240828 4919
20240831 4913
20240828 4919
20240901 4914
20240828 4919
20240902 4917
20240903 4919
20240828 4919
20240904 4922
20240905 4922
20240906 4917
20240905 4922
20240907 4915
20240905 4922
20240908 4913
20240909 4913
20240910 4909
20240909 4913
20240911 4910
20240909 4913
20240912 4908
20240909 4913
20240913 4909
20240909 4913
20240914 4908
20240909 4913
20240915 4905
20240909 4913
20240916 4901
20240909 4913
20240917 4899
20240909 4913
20240918 4901
20240909 4913
20240919 4895
20240909 4913
20240920 4897
20240909 4913
20240921 4891
20240909 4913
20240921 4897
20240909 4913
20240922 4891
20240909 4913
20240925 4895
20240909 4913
20240926 4896
20240927 4896
20240928 4897
20240927 4896
20240929 4915
20240927 4896
20240930 4916
20240927 4896
20241001 4913
20240927 4896
20241002 4907
20241002 4907
