20230707 1368
20230709 1368
20230710 1368
20230711 1367
20230712 1367
20230713 1368
20230714 1367
20230715 1367
20230716 1367
20230717 1363
20230718 1363
20230719 1361
20230720 1360
20230721 1360
20230722 1360
20230723 1360
20230724 1359
20230725 1359
20230726 1359
20230727 1359
20230728 1359
20230729 1359
20230730 1358
20230731 1358
20230801 1357
20230802 1353
20230803 1353
20230804 1353
20230805 1353
20230806 1353
20230807 1353
20230808 1352
20230809 1351
20230810 1350
20230811 1351
20230812 1350
20230813 1350
20230815 1349
