20230707 15541
20230709 15531
20230710 15521
20230711 15528
20230712 15520
20230713 15536
20230714 15528
20230715 15522
20230716 15512
20230717 15516
20230718 15513
20230719 15513
20230720 15486
20230719 15513
20230721 15484
20230719 15513
20230722 15490
20230719 15513
20230723 15485
20230719 15513
20230724 15493
20230719 15513
20230725 15488
20230719 15513
20230726 15494
20230719 15513
20230727 15502
20230719 15513
20230728 15511
20230719 15513
20230729 15509
20230719 15513
20230730 15523
20230719 15513
20230731 15547
20230719 15513
20230801 15554
20230719 15513
20230802 15568
20230719 15513
20230803 15588
20230719 15513
20230804 15589
20230719 15513
20230805 15593
20230719 15513
20230806 15582
20230719 15513
20230807 15583
20230719 15513
20230808 15581
20230719 15513
20230809 15571
20230719 15513
20230810 15575
20230719 15513
20230811 15574
20230719 15513
20230812 15553
20230719 15513
20230813 15550
20230719 15513
20230815 15587
20230719 15513
20230816 15598
20230719 15513
20230817 15612
20230719 15513
20230818 15609
20230719 15513
20230819 15616
20230719 15513
20230820 15611
20230719 15513
20230821 15613
20230719 15513
20230822 15602
20230719 15513
20230823 15573
20230719 15513
20230824 15578
20230719 15513
20230825 15566
20230719 15513
20230826 15577
20230719 15513
20230827 15581
20230719 15513
20230828 15586
20230719 15513
20230829 15592
20230719 15513
20230830 15606
20230719 15513
20230831 15610
20230719 15513
20230901 15607
20230719 15513
20230902 15601
20230903 15601
20230904 15598
20230903 15601
20230905 15605
20230903 15601
20230906 15614
20230903 15601
20230907 15617
20230903 15601
20230908 15596
20230903 15601
20230909 15588
20230903 15601
20230910 15576
20230903 15601
20230911 15563
20230912 15563
20230913 15559
20230912 15563
20230914 15561
20230912 15563
20230915 15540
20230912 15563
20230916 15519
20230912 15563
20230917 15468
20230912 15563
20230918 15437
20230912 15563
20230919 15377
20230912 15563
20230920 14213
20230912 15563
20230921 14184
20230912 15563
20230922 14152
20230912 15563
20230923 14134
20230912 15563
20230924 14140
20230912 15563
20230925 14144
20230912 15563
20230926 14111
20230912 15563
20230927 14110
20230912 15563
20230928 14086
20230912 15563
20230929 14075
20230912 15563
20230930 14083
20230912 15563
20231001 14065
20230912 15563
20231002 14050
20230912 15563
20231003 14069
20230912 15563
20231005 14075
20230912 15563
20231007 14097
20230912 15563
20231008 14113
20230912 15563
20231009 14130
20230912 15563
20231010 14126
20230912 15563
20231011 14128
20230912 15563
20231012 14149
20230912 15563
20231013 14175
20230912 15563
20231014 14163
20230912 15563
20231015 14141
20230912 15563
20231016 14126
20230912 15563
20231017 14127
20230912 15563
20231018 14131
20230912 15563
20231019 14133
20230912 15563
20231020 14154
20230912 15563
20231021 14176
20230912 15563
20231022 14166
20230912 15563
20231023 14233
20230912 15563
20231024 14236
20230912 15563
20231025 14262
20230912 15563
20231026 14258
20230912 15563
20231027 14276
20230912 15563
20231028 14284
20230912 15563
20231029 14298
20230912 15563
20231030 14295
20230912 15563
20231031 14303
20230912 15563
20231101 14312
20230912 15563
20231102 14309
20230912 15563
20231103 14305
20230912 15563
20231104 14289
20230912 15563
20231105 14267
20230912 15563
20231106 14290
20230912 15563
20231107 14301
20231108 14301
20231109 14305
20231108 14301
20231110 14311
20231108 14301
20231111 14321
20231108 14301
20231112 14320
20231108 14301
20231113 14318
20231108 14301
20231114 14323
20231108 14301
20231115 14331
20231108 14301
20231116 14344
20231108 14301
20231117 14340
20231108 14301
20231118 14318
20231108 14301
20231120 14329
20231108 14301
20231121 14352
20231108 14301
20231122 14382
20231108 14301
20231123 14408
20231108 14301
20231124 14393
20231108 14301
20231125 14381
20231108 14301
20231126 14368
20231108 14301
20231127 14349
20231108 14301
20231128 14370
20231108 14301
20231129 14410
20231108 14301
20231130 14393
20231108 14301
20231201 14375
20231108 14301
20231202 14368
20231108 14301
20231203 14367
20231108 14301
20231204 14375
20231108 14301
20231205 14374
20231108 14301
20231206 14375
20231108 14301
20231207 14362
20231108 14301
20231208 14346
20231108 14301
20231209 14299
20231108 14301
20231210 14280
20231211 14280
20231212 14247
20231211 14280
20231213 14200
20231211 14280
20231214 14147
20231211 14280
20231215 14104
20231211 14280
20231216 14089
20231211 14280
20231217 14064
20231211 14280
20231218 14036
20231211 14280
20231219 14013
20231211 14280
20231220 13990
20231211 14280
20231221 13965
20231211 14280
20231222 13959
20231211 14280
20231223 13932
20231211 14280
20231224 13918
20231211 14280
20231225 13902
20231211 14280
20231226 13850
20231211 14280
20231227 13782
20231211 14280
20231230 13760
20231211 14280
20231231 13732
20231211 14280
20240101 13734
20231211 14280
20240102 13708
20231211 14280
20240103 13720
20231211 14280
20240104 13730
20231211 14280
20240105 13750
20231211 14280
20240106 13756
20231211 14280
20240107 13759
20231211 14280
20240108 13742
20231211 14280
20240109 13738
20231211 14280
20240110 13731
20231211 14280
20240111 13740
20231211 14280
20240112 13735
20231211 14280
20240113 13737
20231211 14280
20240114 13749
20231211 14280
20240115 13744
20231211 14280
20240116 13740
20231211 14280
20240117 13751
20231211 14280
20240118 13758
20231211 14280
20240119 13768
20231211 14280
20240120 13769
20231211 14280
20240121 13748
20231211 14280
20240122 13731
20231211 14280
20240124 13711
20231211 14280
20240125 13732
20231211 14280
20240126 13680
20231211 14280
20240127 13654
20231211 14280
20240128 13640
20231211 14280
20240129 13618
20231211 14280
20240130 13617
20240131 13617
20240201 13607
20240131 13617
20240202 13610
20240131 13617
20240203 13578
20240131 13617
20240204 13585
20240131 13617
20240205 13583
20240131 13617
20240206 13585
20240131 13617
20240207 13576
20240131 13617
20240208 13568
20240131 13617
20240209 13540
20240131 13617
20240210 13533
20240131 13617
20240211 13510
20240131 13617
20240212 13497
20240131 13617
20240213 13504
20240131 13617
20240214 13511
20240131 13617
20240215 13510
20240216 13510
20240217 13512
20240216 13510
20240218 13515
20240216 13510
20240219 13518
20240216 13510
20240220 13508
20240216 13510
20240221 13504
20240222 13510
20240216 13510
20240223 13505
20240216 13510
20240224 13495
20240216 13510
20240225 13496
20240216 13510
20240226 13503
20240216 13510
20240227 13507
20240216 13510
20240228 13503
20240216 13510
20240229 13506
20240216 13510
20240301 13495
20240216 13510
20240302 13500
20240216 13510
20240303 13494
20240216 13510
20240304 13492
20240216 13510
20240305 13493
20240216 13510
20240306 13504
20240216 13510
20240307 13513
20240216 13510
20240308 13511
20240216 13510
20240309 13516
20240216 13510
20240310 13525
20240216 13510
20240311 13529
20240216 13510
20240312 13533
20240216 13510
20240313 13543
20240216 13510
20240314 13550
20240216 13510
20240315 13568
20240216 13510
20240316 13566
20240216 13510
20240317 13558
20240216 13510
20240318 13550
20240216 13510
20240319 13551
20240216 13510
20240320 13548
20240216 13510
20240321 13561
20240216 13510
20240322 13597
20240216 13510
20240323 13579
20240216 13510
20240324 13573
20240325 13573
20240326 13584
20240325 13573
20240327 13587
20240325 13573
20240328 13597
20240325 13573
20240329 13602
20240325 13573
20240330 13641
20240325 13573
20240331 13660
20240325 13573
20240401 13669
20240325 13573
20240402 13676
20240325 13573
20240403 13667
20240325 13573
20240404 13679
20240325 13573
20240405 13696
20240325 13573
20240406 13688
20240325 13573
20240407 13714
20240325 13573
20240408 13711
20240325 13573
20240409 13719
20240325 13573
20240410 13729
20240325 13573
20240411 13728
20240325 13573
20240412 13736
20240325 13573
20240413 13732
20240325 13573
20240415 13726
20240325 13573
20240416 13723
20240325 13573
20240417 13720
20240325 13573
20240418 13721
20240325 13573
20240419 13726
20240325 13573
20240420 13716
20240421 13716
20240422 13721
20240421 13716
20240423 13738
20240421 13716
20240424 13747
20240421 13716
20240425 13745
20240426 13745
20240427 13749
20240426 13745
20240428 13750
20240426 13745
20240429 13779
20240426 13745
20240430 13770
20240426 13745
20240501 13752
20240426 13745
20240503 13762
20240426 13745
20240504 13752
20240426 13745
20240505 13746
20240506 13745
20240426 13745
20240507 13747
20240426 13745
20240508 13751
20240426 13745
20240509 13754
20240426 13745
20240510 13759
20240426 13745
20240511 13746
20240426 13745
20240512 13740
20240426 13745
20240513 13743
20240426 13745
20240514 13744
20240426 13745
20240515 13751
20240426 13745
20240516 13749
20240426 13745
20240517 13747
20240426 13745
20240518 13754
20240426 13745
20240519 13756
20240426 13745
20240520 13747
20240521 13747
20240522 13749
20240523 13747
20240521 13747
20240524 13753
20240521 13747
20240525 13906
20240521 13747
20240526 13907
20240521 13747
20240527 13905
20240521 13747
20240528 13915
20240521 13747
20240529 13908
20240521 13747
20240530 13905
20240521 13747
20240531 13951
20240521 13747
20240601 13947
20240521 13747
20240602 13955
20240521 13747
20240603 13966
20240521 13747
20240604 13960
20240521 13747
20240605 13963
20240521 13747
20240606 13969
20240521 13747
20240609 13972
20240521 13747
20240611 13956
20240521 13747
20240612 13958
20240613 13958
20240614 13969
20240613 13958
20240615 13950
20240613 13958
20240616 13945
20240613 13958
20240617 13939
20240613 13958
20240618 13928
20240613 13958
20240620 13931
20240613 13958
20240621 13941
20240613 13958
20240622 13943
20240613 13958
20240623 13938
20240613 13958
20240624 13932
20240613 13958
20240626 13936
20240613 13958
20240627 13932
20240613 13958
20240628 13941
20240613 13958
20240629 13931
20240613 13958
20240630 13924
20240613 13958
20240701 13919
20240613 13958
20240702 13886
20240613 13958
20240703 13881
20240613 13958
20240704 13895
20240705 13895
20240706 13894
20240705 13895
20240707 13875
20240705 13895
20240708 13878
20240705 13895
20240709 13875
20240705 13895
20240710 13881
20240705 13895
20240711 13882
20240705 13895
20240712 13871
20240705 13895
20240713 13870
20240705 13895
20240714 13867
20240705 13895
20240715 13858
20240705 13895
20240716 13855
20240705 13895
20240717 13858
20240705 13895
20240718 13862
20240705 13895
20240719 13869
20240705 13895
20240720 13859
20240705 13895
20240721 13843
20240705 13895
20240722 13831
20240705 13895
20240723 13836
20240724 13836
20240725 13831
20240724 13836
20240726 13835
20240724 13836
20240727 13824
20240724 13836
20240728 13820
20240724 13836
20240729 13826
20240724 13836
20240730 13821
20240724 13836
20240731 13820
20240724 13836
20240801 13825
20240724 13836
20240802 13818
20240724 13836
20240803 13797
20240724 13836
20240804 13793
20240724 13836
20240805 13753
20240724 13836
20240806 13744
20240724 13836
20240807 13735
20240724 13836
20240808 13723
20240724 13836
20240809 13686
20240724 13836
20240810 13670
20240724 13836
20240811 13673
20240724 13836
20240812 13667
20240724 13836
20240813 13664
20240724 13836
20240814 13681
20240724 13836
20240815 13688
20240724 13836
20240816 13693
20240724 13836
20240817 13697
20240724 13836
20240818 13698
20240724 13836
20240819 13699
20240724 13836
20240820 13692
20240724 13836
20240821 13702
20240724 13836
20240822 13704
20240724 13836
20240823 13707
20240724 13836
20240824 13694
20240724 13836
20240825 13695
20240724 13836
20240826 13681
20240724 13836
20240827 13678
20240724 13836
20240828 13669
20240724 13836
20240829 13661
20240724 13836
20240830 13662
20240724 13836
20240831 13657
20240724 13836
20240901 13649
20240724 13836
20240902 13661
20240724 13836
20240903 13652
20240724 13836
20240904 13634
20240724 13836
20240905 13639
20240724 13836
20240906 13633
20240724 13836
20240907 13623
20240724 13836
20240908 13601
20240724 13836
20240909 13575
20240724 13836
20240910 13557
20240724 13836
20240911 13531
20240724 13836
20240912 13530
20240724 13836
20240913 13518
20240724 13836
20240914 13519
20240724 13836
20240915 13513
20240724 13836
20240916 13498
20240724 13836
20240917 13478
20240724 13836
20240918 13477
20240724 13836
20240919 13482
20240724 13836
20240920 13484
20240724 13836
20240921 13467
20240724 13836
20240921 13468
20240922 13468
20240925 13456
20240922 13468
20240926 13457
20240922 13468
20240927 13453
20240922 13468
20240928 13450
20240922 13468
20240929 13435
20240922 13468
20240930 13433
20240930 13433
