20230707 7
20230709 7
20230710 7
20230711 7
20230712 7
20230714 7
20230715 7
20230716 7
20230717 7
20230718 7
20230719 7
20230720 7
20230721 7
20230722 7
20230723 7
20230724 7
20230725 7
20230726 7
20230727 7
20230728 7
20230729 7
20230730 7
20230731 7
20230801 7
20230802 7
20230803 7
20230804 7
20230805 7
20230806 7
20230807 7
20230808 7
20230809 7
20230810 7
20230811 7
20230812 7
20230813 7
20230815 7
20230816 7
20230817 7
20230818 7
20230819 7
20230820 7
20230821 7
20230822 7
20230823 7
20230824 7
20230825 7
20230826 7
20230827 7
20230828 7
20230829 7
20230830 7
20230831 7
20230901 7
20230902 7
20230903 7
20230904 7
20230905 7
20230906 7
20230907 7
20230908 7
20230909 7
20230910 7
20230911 7
20230912 7
20230913 7
20230914 7
20230915 7
20230916 7
20230917 7
20230918 7
20230919 7
20230920 4
20230921 4
20230922 4
20230923 4
20230924 4
20230925 4
20230926 4
20230927 4
20230928 4
20230929 4
20230930 4
20231001 4
20231002 4
20231003 4
20231005 5
20231007 5
20231008 5
20231009 5
20231010 5
20231011 5
20231012 5
20231013 5
20231014 5
20231015 5
20231016 5
20231017 5
20231018 5
20231019 5
20231020 5
20231021 5
20231022 5
20231023 5
20231024 5
20231025 7
20231026 7
20231027 8
20231028 8
20231029 8
20231030 8
20231031 8
20231101 9
20231102 10
20231103 10
20231104 10
20231105 10
