20230710 5177961
20230711 5173853
20230712 5175405
20230713 5176848
20230714 5177979
20230715 5179107
20230716 5181615
20230717 5183655
20230718 5179997
20230719 5181605
20230720 5185893
20230721 5187088
20230722 5187836
20230723 5190255
20230724 5192396
20230725 5188301
20230726 5189596
20230727 5190839
20230728 5192261
20230729 5193671
20230730 5196539
20230731 5198743
20230801 5194603
20230802 5195365
20230803 5196018
20230804 5198715
20230805 5199547
20230806 5202170
20230807 5204315
20230808 5201162
20230809 5202846
20230810 5204435
20230811 5205757
20230812 5206682
20230813 5209190
20230815 5207883
20230816 5208841
20230817 5212871
20230818 5214397
20230819 5215490
20230820 5218098
20230821 5220380
20230822 5216668
20230823 5218436
20230824 5219747
20230825 5220441
20230826 5221432
20230827 5223954
20230828 5226129
20230829 5221606
20230830 5222230
20230831 5222552
20230901 5223034
20230902 5223428
20230903 5225992
20230904 5228196
20230905 5223499
20230906 5224532
20230907 5225038
20230908 5224013
20230909 5223946
20230910 5226229
20230911 5228346
20230912 5224013
