20230707 199
20230709 199
20230710 199
20230711 199
20230712 199
20230714 199
20230715 199
20230716 199
20230717 199
20230718 199
20230719 199
20230720 199
20230721 199
20230722 199
20230723 199
20230724 199
20230725 199
20230726 199
20230727 199
20230728 199
20230729 199
20230730 199
20230731 199
20230801 199
20230802 199
20230803 199
20230804 199
20230805 199
20230806 199
20230807 199
20230808 199
20230809 199
20230810 199
20230811 199
20230812 199
20230813 199
20230815 199
20230816 199
20230817 199
20230818 199
20230819 199
20230820 199
20230821 199
20230822 199
20230823 199
20230824 199
20230825 199
20230826 199
20230827 199
20230828 199
20230829 199
20230830 199
20230831 199
20230901 199
20230902 199
20230903 199
20230904 199
20230905 199
20230906 199
20230907 199
20230908 199
