20230707 48
20230907 48
20230908 49
20230919 49
20230920 47
20240227 47
20240228 48
20240402 48
20240403 49
20240410 49
20240411 52
20240510 52
20240511 53
20240528 53
20240529 54
20240530 55
20240613 55
20240614 56
20240624 56
20240626 56
20240627 56
20240628 56
20240629 56
20240630 56
20240701 56
20240702 56
20240703 56
20240704 56
20240705 57
20240706 57
20240707 57
20240708 57
20240709 57
20240710 57
20240711 57
20240712 57
20240713 57
20240714 57
20240715 57
20240716 57
20240717 57
20240718 57
20240719 57
20240720 57
20240721 57
20240722 57
20240723 57
20240724 57
20240725 57
20240726 57
20240727 57
20240728 57
20240729 57
20240730 57
20240731 57
20240801 58
20240802 58
20240803 58
20240804 58
20240805 58
20240806 58
20240807 58
20240808 58
20240809 58
20240810 59
20240811 59
20240812 59
20240813 59
20240814 59
20240815 59
20240816 59
20240817 59
20240818 59
20240819 59
20240820 59
