20230707 304
20230709 304
20230710 304
20230711 305
20230712 305
20230714 305
20230715 305
20230716 305
20230717 305
20230718 305
20230719 305
20230720 305
20230721 305
20230722 305
20230723 305
20230724 305
20230725 305
20230726 304
20230727 304
20230728 304
20230729 304
20230730 304
20230731 304
20230801 304
20230802 304
20230803 304
20230804 304
20230805 304
20230806 304
20230807 304
20230808 305
20230809 305
20230810 305
20230811 305
20230812 305
20230813 305
20230815 305
20230816 305
20230817 305
20230818 305
20230819 305
20230820 305
20230821 305
20230822 305
20230823 305
20230824 305
20230825 305
20230826 305
20230827 305
20230828 305
20230829 305
20230830 305
20230831 305
20230901 305
20230902 305
20230903 305
20230904 305
20230905 305
20230906 305
20230907 305
20230908 305
20230909 305
