20230707 1931
20230709 1935
20230710 1935
20230711 1935
20230712 1933
20230714 1938
20230715 1938
20230716 1941
20230717 1941
20230718 1943
20230719 1944
20230720 1947
20230721 1944
20230722 2009
20230723 2005
20230724 2005
20230725 2008
20230726 2011
20230727 2012
20230728 2008
20230729 2007
20230730 2010
20230731 2012
20230801 2013
20230802 2015
20230803 2017
20230804 2021
20230805 2020
20230806 2022
20230807 2031
20230808 2035
20230809 2037
20230810 2047
20230811 2049
20230812 2050
20230813 2053
20230815 2060
20230816 2064
20230817 2064
20230818 2062
20230819 2008
20230820 2013
20230821 2011
