20230707 10
20230709 10
20230710 10
20230711 10
20230712 10
20230714 10
20230715 10
20230716 10
20230717 10
20230718 10
20230719 10
20230720 10
20230721 10
20230722 10
20230723 10
20230724 10
20230725 10
20230726 10
20230727 10
20230728 10
20230729 10
20230730 10
20230731 10
20230801 10
20230802 10
20230803 10
20230804 10
20230805 10
20230806 10
20230807 10
20230808 10
20230809 10
20230810 10
20230811 10
20230812 10
20230813 10
20230815 10
20230816 10
20230817 10
20230818 10
20230819 10
20230820 10
20230821 10
20230822 10
20230823 10
20230824 10
20230825 10
20230826 10
