20230707 10269
20230709 10271
20230710 10262
20230711 10268
20230712 10272
20230713 10276
20230714 10271
20230715 10267
20230716 10264
20230717 10263
20230718 10265
20230719 10264
20230720 10268
20230721 10269
20230722 10273
20230723 10273
20230724 10273
20230725 10273
20230726 10275
20230727 10278
20230728 10279
20230729 10283
20230730 10282
20230731 10280
20230801 10280
20230802 10284
20230803 10288
20230804 10299
20230805 10299
20230806 10297
20230807 10299
20230808 10299
20230809 10299
20230810 10294
20230811 10288
20230812 10287
20230813 10289
20230815 10286
20230816 10278
20230817 10276
20230818 10280
20230819 10279
20230820 10278
20230821 10273
20230822 10279
20230823 10282
20230824 10291
20230825 10309
20230826 10309
20230827 10309
20230828 10305
20230829 10303
20230830 10310
20230831 10318
20230901 10317
20230902 10338
20230903 10355
20230904 10357
20230905 10360
20230906 10363
20230907 10362
20230908 10355
20230909 10363
20230910 10370
20230911 10367
20230912 10368
20230913 10365
20230914 10364
20230915 10365
20230916 10365
20230917 10366
20230918 10369
20230919 10367
20230920 8335
20230921 8336
20230922 8343
20230923 8343
20230924 8341
20230925 8339
20230926 8343
20230927 8345
20230928 8344
20230929 8344
20230930 8346
20231001 8347
20231002 8345
20231003 8346
20231005 8347
20231007 8343
20231008 8339
20231009 8336
20231010 8334
20231011 8334
20231012 8336
20231013 8338
20231014 8335
20231015 8335
20231016 8344
20231017 8347
20231018 8341
20231019 8342
20231020 8344
20231021 8342
20231022 8341
20231023 8341
20231024 8342
20231025 8343
20231026 8343
20231027 8345
20231028 8352
20231029 8354
20231030 8351
20231031 8352
20231101 8350
20231102 8349
20231103 8349
20231104 8348
20231105 8348
20231106 8349
20231107 8351
20231108 8350
20231109 8350
20231110 8349
20231111 8349
20231112 8350
20231113 8345
20231114 8344
20231115 8344
20231116 8343
20231117 8347
20231118 8346
20231120 8344
20231121 8344
20231122 8347
20231123 8347
20231124 8349
20231125 8346
20231126 8348
20231127 8347
20231128 8350
20231129 8351
20231130 8352
20231201 8352
20231202 8351
20231203 8348
20231204 8349
20231205 8352
20231206 8354
20231207 8360
20231208 8359
20231209 8358
20231210 8359
20231211 8359
20231212 8361
20231213 8362
20231214 8361
20231215 8364
20231216 8365
20231217 8365
20231218 8365
20231219 8365
