20230922 2767
20230924 2768
20231002 2768
20231003 2769
20231005 2769
20231007 2771
20231009 2771
20231010 2772
20231014 2772
20231015 2775
20231021 2775
20231022 2776
20231025 2776
20231026 2775
20231027 2776
20231028 2777
20231102 2777
20231103 2778
20231105 2778
20231106 2779
20231108 2779
20231109 2783
20231110 2784
20231117 2784
20231118 2785
20231128 2785
20231129 2787
20231203 2787
20231204 2788
20231208 2788
20231209 2787
20231210 2787
20231211 2776
20231216 2776
20231217 2777
20231223 2777
20231224 2778
20240103 2778
20240104 2779
20240105 2781
20240108 2781
20240109 2772
20240110 2781
20240111 2782
20240112 2782
20240113 2783
20240114 2783
20240115 2784
20240118 2784
20240119 2807
20240120 2785
20240121 2785
20240122 2786
20240124 2787
20240125 2787
20240126 2788
20240127 2789
20240130 2789
20240131 2790
20240207 2790
20240208 2791
20240209 2792
20240212 2792
20240213 2793
20240214 2793
20240215 2795
20240216 2796
20240218 2796
20240219 2798
20240223 2798
20240224 2800
20240225 2800
20240226 2793
20240309 2793
20240310 2791
20240313 2791
20240314 2793
20240315 2793
20240316 2794
20240317 2795
20240318 2796
20240319 2797
20240320 2798
20240321 2798
20240322 2795
20240326 2795
20240327 2796
20240329 2796
20240330 2797
20240404 2797
20240405 2798
20240409 2798
20240410 2799
20240411 2798
20240412 2799
20240413 2799
20240415 2800
20240416 2801
20240417 2802
20240418 2802
20240419 2803
20240420 2804
20240424 2804
20240425 2805
20240426 2799
20240427 2801
20240504 2801
20240505 2800
20240507 2800
20240508 2801
20240517 2801
20240518 2803
20240525 2803
20240526 2804
20240531 2804
20240601 2805
20240602 2807
20240605 2807
20240606 2808
20240609 2809
20240612 2809
20240613 2810
20240617 2810
20240618 2811
20240620 2811
20240621 2812
20240626 2812
20240627 2804
20240628 2803
20240629 2796
20240701 2796
20240702 2797
20240704 2797
20240705 2799
20240713 2799
20240714 2798
20240717 2798
20240718 2792
20240719 2792
20240720 2786
20240721 2786
20240722 2735
20240723 2735
20240724 2736
20240725 2733
20240727 2733
20240728 2728
20240731 2728
20240801 2729
20240808 2729
20240809 2727
20240811 2727
20240812 2726
20240813 2725
20240816 2725
20240817 2726
20240821 2726
20240822 2727
20240904 2727
20240905 2726
20240912 2726
20240913 2725
20240914 2725
20240915 2724
20240922 2724
20240925 2726
20240926 2726
20240927 2728
20240928 2729
20240929 2730
20240930 2730
20241001 2731
20241004 2731
20241005 2732
20241006 2733
20241014 2733
20241015 2734
20241023 2734
20241024 2736
20241025 2736
20241026 2738
20241029 2738
20241030 2739
20241102 2739
20241103 2740
20241104 2742
20241115 2742
20241116 2740
20241117 2741
20241125 2741
20241126 2742
20241130 2742
20241201 2743
20241202 2743
20241203 2744
20241205 2744
20241206 2745
20241207 2746
20241211 2746
20241212 2743
20241213 2744
20241214 2745
20241216 2745
20241217 2746
20241218 2746
20241219 2747
20241221 2747
20241222 2748
20241225 2748
20241226 2747
20250110 2747
20250111 2745
20250112 2745
20250113 2746
20250116 2746
20250117 2748
20250118 2749
20250208 2749
20250210 2744
20250211 2739
20250212 2749
20250213 2749
20250214 2750
20250215 2751
20250216 2751
20250217 2752
20250301 2752
20250302 2753
20250313 2753
20250314 2754
20250315 2754
20250316 2755
20250318 2755
20250319 2756
20250323 2756
20250324 2757
20250326 2758
20250403 2758
20250404 2759
20250406 2759
20250407 2760
20250414 2760
20250415 2761
20250420 2761
20250421 2762
20250424 2762
20250425 2763
20250504 2763
20250505 2762
20250506 2763
20250511 2763
20250512 2766
20250514 2766
20250515 2767
20250516 2767
20250517 2768
20250528 2768
20250529 2769
20250602 2769
20250603 2770
20250613 2770
20250614 2771
20250623 2771
20250624 2773
20250705 2773
20250706 2774
20250712 2774
20250713 2775
20250714 2776
20250715 2777
20250717 2777
20250718 2778
20250719 2778
20250720 2775
20250722 2775
20250723 2776
20250731 2776
20250801 2773
20250802 2773
20250803 2772
20250808 2772
20250810 2773
20250820 2773
20250821 2774
20250825 2774
20250826 2775
20250830 2775
20250831 2774
20250901 2778
20250903 2778
20250904 2779
20250905 2779
20250906 2780
20250907 2780
20250908 2781
20250910 2781
20250911 2780
20250913 2780
20250914 2781
20250917 2781
20250918 2782
20250921 2782
20250922 2783
20251004 2783
20251005 2785
20251009 2785
20251010 2787
20251011 2788
20251012 2786
20251017 2786
20251018 2787
20251019 2784
20251020 2784
20251021 2785
20251025 2785
20251026 2786
20251106 2786
20251107 2784
20251108 2783
20251117 2783
20251118 2784
20251127 2784
20251128 2785
20251204 2785
20251206 2787
20251213 2787
20251214 2788
20251217 2788
20260103 2789
20260110 2789
20260111 2790
20260112 2791
20260115 2791
20260116 2790
20260117 2791
20260118 2791
20260119 2792
20260120 2793
20260125 2793
20260126 2794
20260208 2794
20260209 2795
20260216 2795
20260217 2796
20260301 2796
20260303 2797
20260304 2798
20260306 2798
