20230708 1239
20230711 1238
20230714 1238
20230715 1238
20230716 1238
20230717 1240
20230718 1240
20230719 1240
20230720 1240
20230721 1240
20230722 1240
20230723 1240
20230724 1240
20230725 1242
20230726 1242
20230727 1242
20230728 1242
20230729 1242
20230730 1242
20230731 1242
20230801 1242
20230802 1242
20230803 1242
20230804 1242
20230805 1242
20230806 1242
20230807 1242
20230808 1242
20230809 1242
20230810 1242
20230811 1242
20230812 1242
20230813 1242
20230814 1242
20230815 1242
20230816 1242
20230817 1242
20230818 1242
20230819 1242
20230820 1242
20230821 1242
20230822 1242
20230823 1242
20230824 1242
