20230707 5298
20230709 5301
20230710 5302
20230711 5301
20230712 5305
20230713 5314
20230714 5319
20230715 5321
20230716 5320
20230717 5319
20230718 5318
20230719 5320
20230720 5322
20230721 5325
20230722 5321
20230723 5320
20230724 5319
20230725 5319
20230726 5324
20230727 5326
20230728 5333
20230729 5335
20230730 5335
20230731 5337
20230801 5342
20230802 5346
20230803 5348
20230804 5352
20230805 5358
20230806 5358
20230807 5358
20230808 5363
20230809 5361
20230810 5368
20230811 5368
20230812 5363
20230813 5366
20230815 5369
20230816 5374
20230817 5373
20230818 5376
20230819 5382
20230820 5384
20230821 5381
