20230707 6239
20230709 6238
20230710 6237
20230711 6234
20230712 6233
20230713 6249
20230714 6249
20230715 6253
20230716 6253
20230717 6255
20230718 6249
20230719 6239
20230720 6231
20230721 6223
20230722 6215
20230723 6218
20230724 6223
20230725 6229
20230726 6241
20230727 6246
20230728 6258
20230729 6273
20230730 6294
20230731 6316
20230801 6318
20230802 6313
20230803 6307
20230804 6306
20230805 6306
20230806 6305
20230807 6304
20230808 6302
20230809 6302
20230810 6296
20230811 6296
20230812 6291
20230813 6296
20230815 6295
20230816 6294
20230817 6310
20230818 6322
20230819 6321
20230820 6324
20230821 6313
20230822 6312
20230823 6308
20230824 6311
20230825 6311
20230826 6298
20230827 6294
20230828 6291
20230829 6293
20230830 6295
20230831 6299
20230901 6303
20230902 6294
20230903 6297
20230904 6289
20230905 6290
20230906 6296
20230907 6296
20230908 6289
20230909 6291
20230910 6291
20230911 6293
20230912 6288
20230913 6284
20230914 6291
20230915 6298
20230916 6294
20230917 6286
20230918 6289
20230919 6289
20230920 5693
20230921 5696
20230922 5699
20230923 5702
20230924 5700
20230925 5702
20230926 5703
20230927 5705
20230928 5705
20230929 5704
20230930 5699
20231001 5699
20231002 5699
20231003 5716
20231005 5722
20231007 5723
20231008 5734
20231009 5750
20231010 5751
20231011 5752
20231012 5754
20231013 5750
20231014 5750
20231015 5752
20231016 5742
20231017 5684
20231018 5680
20231019 5682
20231020 5685
20231021 5686
20231022 5680
20231023 5674
20231024 5683
20231025 5687
20231026 5690
20231027 5696
20231028 5706
20231029 5709
20231030 5703
20231031 5700
20231101 5698
20231102 5694
20231103 5694
20231104 5701
20231105 5701
20231106 5700
20231107 5701
20231108 5707
20231109 5707
20231110 5700
20231111 5700
20231112 5701
20231113 5697
20231114 5694
20231115 5698
20231116 5693
20231117 5702
20231118 5695
20231120 5686
20231121 5678
20231122 5679
