20230707 37958
20230709 37946
20230710 37928
20230711 37923
20230712 37934
20230713 37959
20230714 37959
20230715 37958
20230714 37959
20230716 37948
20230714 37959
20230717 37940
20230714 37959
20230718 37942
20230714 37959
20230719 37941
20230720 37959
20230714 37959
20230721 37977
20230714 37959
20230722 37998
20230714 37959
20230723 37976
20230714 37959
20230724 37962
20230725 37959
20230714 37959
20230726 37986
20230714 37959
20230727 37991
20230714 37959
20230728 38021
20230714 37959
20230729 38025
20230714 37959
20230730 38051
20230714 37959
20230731 38063
20230714 37959
20230801 38078
20230714 37959
20230802 38080
20230714 37959
20230803 38077
20230714 37959
20230804 38089
20230714 37959
20230805 38098
20230714 37959
20230806 38102
20230714 37959
20230807 38095
20230714 37959
20230808 38116
20230714 37959
20230809 38149
20230714 37959
20230810 38168
20230714 37959
20230811 38193
20230714 37959
20230812 38208
20230714 37959
20230813 38227
20230714 37959
20230815 38233
20230714 37959
20230816 38231
20230714 37959
20230817 38237
20230714 37959
20230818 38241
20230714 37959
20230819 38283
20230714 37959
20230820 38271
20230714 37959
20230821 38296
20230714 37959
20230822 38298
20230714 37959
20230823 38304
20230714 37959
20230824 38318
20230714 37959
20230825 38301
20230714 37959
20230826 38321
20230714 37959
20230827 38344
20230714 37959
20230828 38353
20230714 37959
20230829 38395
20230714 37959
20230830 38450
20230714 37959
20230831 38498
20230714 37959
20230901 38528
20230714 37959
20230902 38526
20230714 37959
20230903 38529
20230904 38529
20230905 38567
20230904 38529
20230906 38583
20230904 38529
20230907 38615
20230904 38529
20230908 38619
20230904 38529
20230909 38620
20230904 38529
20230910 38618
20230904 38529
20230911 38613
20230904 38529
20230912 38624
20230904 38529
20230913 38623
20230904 38529
20230914 38632
20230904 38529
20230915 38647
20230904 38529
20230916 38640
20230904 38529
20230917 38624
20230904 38529
20230918 38621
20230904 38529
20230919 38632
20230904 38529
20230920 33665
20230904 38529
20230921 33695
20230904 38529
20230922 33728
20230904 38529
20230923 33741
20230904 38529
20230924 33749
20230904 38529
20230925 33739
20230904 38529
20230926 33735
20230904 38529
20230927 33764
20230904 38529
20230928 33750
20230904 38529
20230929 33674
20230904 38529
20230930 33636
20230904 38529
20231001 33489
20230904 38529
20231002 33344
20230904 38529
20231003 33332
20230904 38529
20231005 33347
20230904 38529
20231007 33373
20230904 38529
20231008 33365
20230904 38529
20231009 33364
20230904 38529
20231010 33382
20230904 38529
20231011 33393
20230904 38529
20231012 33426
20230904 38529
20231013 33427
20230904 38529
20231014 33428
20230904 38529
20231015 33424
20230904 38529
20231016 33418
20230904 38529
20231017 33426
20230904 38529
20231018 33432
20230904 38529
20231019 33441
20230904 38529
20231020 33458
20230904 38529
20231021 33460
20230904 38529
20231022 33464
20230904 38529
20231023 33506
20230904 38529
20231024 33528
20230904 38529
20231025 33518
20230904 38529
20231026 33528
20230904 38529
20231027 33547
20230904 38529
20231028 33535
20230904 38529
20231029 33529
20230904 38529
20231030 33549
20230904 38529
20231031 33560
20230904 38529
20231101 33575
20230904 38529
20231102 33579
20230904 38529
20231103 33581
20230904 38529
20231104 33562
20230904 38529
20231105 33574
20230904 38529
20231106 33581
20230904 38529
20231107 33591
20230904 38529
20231108 33600
20230904 38529
20231109 33605
20230904 38529
20231110 33604
20230904 38529
20231111 33626
20230904 38529
20231112 33624
20230904 38529
20231113 33639
20230904 38529
20231114 33635
20230904 38529
20231115 33662
20230904 38529
20231116 33691
20230904 38529
20231117 33705
20230904 38529
20231118 33725
20230904 38529
20231120 33714
20230904 38529
20231121 33715
20230904 38529
20231122 33727
20230904 38529
20231123 33742
20230904 38529
20231124 33757
20230904 38529
20231125 33676
20230904 38529
20231126 33680
20230904 38529
20231127 33677
20230904 38529
20231128 33702
20230904 38529
20231129 33752
20230904 38529
20231130 33755
20230904 38529
20231201 33767
20230904 38529
20231202 33762
20230904 38529
20231203 33744
20230904 38529
20231204 33736
20230904 38529
20231205 33739
20230904 38529
20231206 33744
20230904 38529
20231207 33757
20230904 38529
20231208 33758
20230904 38529
20231209 33734
20230904 38529
20231210 33723
20230904 38529
20231211 33762
20230904 38529
20231212 33749
20230904 38529
20231213 33751
20230904 38529
20231214 33750
20230904 38529
20231215 33745
20230904 38529
20231216 33767
20231217 33767
20231218 33760
20231217 33767
20231219 33770
20231217 33767
20231220 33776
20231217 33767
20231221 33774
20231222 33774
20231223 33776
20231224 33774
20231222 33774
20231225 33692
20231222 33774
20231226 33685
20231222 33774
20231227 33580
20231222 33774
20231230 33744
20231222 33774
20231231 33738
20231222 33774
20240101 33740
20231222 33774
20240102 33732
20231222 33774
20240103 33758
20231222 33774
20240104 33772
20231222 33774
20240105 33785
20231222 33774
20240106 33805
20231222 33774
20240107 33826
20231222 33774
20240108 33830
20231222 33774
20240109 33835
20231222 33774
20240110 33833
20231222 33774
20240111 33861
20231222 33774
20240112 33870
20231222 33774
20240113 33868
20231222 33774
20240114 33860
20231222 33774
20240115 33842
20231222 33774
20240116 33849
20231222 33774
20240117 33865
20231222 33774
20240118 33867
20231222 33774
20240119 33706
20231222 33774
20240120 33693
20231222 33774
20240121 33673
20231222 33774
20240122 33653
20231222 33774
20240124 33618
20231222 33774
20240125 33621
20231222 33774
20240126 33626
20231222 33774
20240127 33628
20231222 33774
20240128 33618
20231222 33774
20240129 33614
20231222 33774
20240130 33639
20231222 33774
20240131 33648
20231222 33774
20240201 33655
20231222 33774
20240202 33671
20231222 33774
20240203 33684
20231222 33774
20240204 33692
20231222 33774
20240205 33670
20231222 33774
20240206 33682
20231222 33774
20240207 33703
20231222 33774
20240208 33699
20231222 33774
20240209 33680
20231222 33774
20240210 33688
20231222 33774
20240211 33693
20231222 33774
20240212 33694
20231222 33774
20240213 33691
20231222 33774
20240214 33672
20231222 33774
20240215 33645
20231222 33774
20240216 33648
20231222 33774
20240217 33634
20231222 33774
20240218 33628
20231222 33774
20240219 33636
20231222 33774
20240220 33617
20231222 33774
20240221 33664
20231222 33774
20240222 33657
20231222 33774
20240223 33637
20240224 33637
20240225 33671
20240224 33637
20240226 33673
20240224 33637
20240227 33665
20240224 33637
20240228 33668
20240224 33637
20240229 33667
20240224 33637
20240301 33666
20240224 33637
20240302 33657
20240224 33637
20240303 33647
20240224 33637
20240304 33636
20240305 33637
20240224 33637
20240306 33640
20240224 33637
20240307 33658
20240224 33637
20240308 33641
20240224 33637
20240309 33631
20240224 33637
20240310 33623
20240224 33637
20240311 33611
20240224 33637
20240312 33607
20240313 33607
20240314 33624
20240313 33607
20240315 33625
20240313 33607
20240316 33589
20240313 33607
20240317 33543
20240313 33607
20240318 33494
20240313 33607
20240319 33457
20240313 33607
20240320 33428
20240313 33607
20240321 33404
20240313 33607
20240322 33356
20240313 33607
20240323 33296
20240313 33607
20240324 33256
20240313 33607
20240325 33228
20240313 33607
20240326 33186
20240313 33607
20240327 33125
20240313 33607
20240328 33117
20240313 33607
20240329 33126
20240313 33607
20240330 33134
20240331 33134
20240401 33138
20240402 33138
20240403 33125
20240402 33138
20240404 33126
20240402 33138
20240405 33128
20240402 33138
20240406 33103
20240402 33138
20240407 33122
20240402 33138
20240408 33110
20240402 33138
20240409 33113
20240402 33138
20240410 33115
20240402 33138
20240411 33131
20240402 33138
20240412 33128
20240402 33138
20240413 33102
20240402 33138
20240415 33078
20240402 33138
20240416 33110
20240402 33138
20240417 33115
20240402 33138
20240418 33127
20240402 33138
20240419 33167
20240402 33138
20240420 33190
20240402 33138
20240421 33176
20240402 33138
20240422 33169
20240402 33138
20240423 33198
20240402 33138
20240424 33241
20240402 33138
20240425 33325
20240402 33138
20240426 33412
20240402 33138
20240427 33447
20240402 33138
20240428 33432
20240402 33138
20240429 33423
20240402 33138
20240430 33528
20240402 33138
20240501 33538
20240402 33138
20240503 33621
20240402 33138
20240504 33641
20240402 33138
20240505 33635
20240402 33138
20240506 33615
20240402 33138
20240507 33618
20240402 33138
20240508 33601
20240402 33138
20240509 33611
20240402 33138
20240510 33603
20240402 33138
20240511 33613
20240402 33138
20240512 33603
20240402 33138
20240513 33588
20240402 33138
20240514 33587
20240402 33138
20240515 33596
20240402 33138
20240516 33632
20240402 33138
20240517 33855
20240402 33138
20240518 33869
20240402 33138
20240519 33845
20240402 33138
20240520 33828
20240402 33138
20240521 34149
20240402 33138
20240522 34144
20240402 33138
20240523 34296
20240402 33138
20240524 34385
20240402 33138
20240525 34443
20240402 33138
20240526 34426
20240402 33138
20240527 34403
20240402 33138
20240528 34388
20240402 33138
20240529 34606
20240402 33138
20240530 34907
20240402 33138
20240531 34900
20240402 33138
20240601 35043
20240402 33138
20240602 35037
20240402 33138
20240603 35029
20240402 33138
20240604 35022
20240402 33138
20240605 35070
20240402 33138
20240606 35061
20240402 33138
20240609 35033
20240402 33138
20240611 35018
20240402 33138
20240612 35012
20240402 33138
20240613 35013
20240402 33138
20240614 35018
20240402 33138
20240615 35014
20240402 33138
20240616 34970
20240402 33138
20240617 34959
20240402 33138
20240618 34939
20240402 33138
20240620 35103
20240402 33138
20240621 35096
20240402 33138
20240622 35123
20240402 33138
20240623 35117
20240402 33138
20240624 35119
20240402 33138
20240626 35259
20240402 33138
20240627 35335
20240402 33138
20240628 35382
20240402 33138
20240629 35412
20240402 33138
20240630 35388
20240402 33138
20240701 35383
20240402 33138
20240702 35431
20240402 33138
20240703 35443
20240402 33138
20240704 35481
20240402 33138
20240705 35524
20240402 33138
20240706 35518
20240402 33138
20240707 35486
20240402 33138
20240708 35485
20240402 33138
20240709 35478
20240402 33138
20240710 35476
20240402 33138
20240711 35513
20240402 33138
20240712 35515
20240402 33138
20240713 35528
20240402 33138
20240714 35525
20240402 33138
20240715 35523
20240402 33138
20240716 35508
20240402 33138
20240717 35536
20240402 33138
20240718 35535
20240402 33138
20240719 35539
20240402 33138
20240720 35561
20240721 35561
20240722 35542
20240721 35561
20240723 35558
20240724 35558
20240725 35582
20240724 35558
20240726 35573
20240724 35558
20240727 35562
20240728 35558
20240724 35558
20240729 35533
20240724 35558
20240730 35538
20240731 35538
20240801 35564
20240731 35538
20240802 35659
20240731 35538
20240803 35649
20240731 35538
20240804 35633
20240731 35538
20240805 35568
20240731 35538
20240806 35581
20240731 35538
20240807 35580
20240731 35538
20240808 35574
20240731 35538
20240809 35555
20240731 35538
20240810 35554
20240731 35538
20240811 35528
20240731 35538
20240812 35544
20240731 35538
20240813 35549
20240731 35538
20240814 35558
20240731 35538
20240815 35567
20240731 35538
20240816 35573
20240731 35538
20240817 35593
20240731 35538
20240818 35575
20240731 35538
20240819 35565
20240731 35538
20240820 35574
20240731 35538
20240821 35565
20240731 35538
20240822 35571
20240731 35538
20240823 35586
20240731 35538
20240824 35653
20240731 35538
20240825 35625
20240731 35538
20240826 35616
20240731 35538
20240827 35612
20240731 35538
20240828 35664
20240731 35538
20240829 35675
20240731 35538
20240830 35688
20240731 35538
20240831 35687
20240731 35538
20240901 35703
20240731 35538
20240902 35708
20240731 35538
20240903 35717
20240731 35538
20240904 35733
20240731 35538
20240905 35745
20240906 35745
20240907 35738
20240906 35745
20240908 35701
20240906 35745
20240909 35650
20240906 35745
20240910 35617
20240906 35745
20240911 35695
20240906 35745
20240912 35738
20240913 35738
20240914 35734
20240913 35738
20240915 35720
20240913 35738
20240916 35728
20240913 35738
20240917 35749
20240913 35738
20240918 35773
20240913 35738
20240919 35796
20240913 35738
20240920 35802
20240913 35738
20240921 35829
20240913 35738
20240921 35839
20240922 35839
20240925 35885
20240922 35839
20240926 35917
20240926 35917
