20230707 427170
20230709 427423
20230710 427445
20230711 427873
20230712 428035
20230713 428324
20230714 428815
20230715 428484
20230716 428891
20230717 428675
20230718 428129
20230719 427943
20230720 427507
20230721 427436
20230722 427482
20230723 427816
20230724 427216
20230725 427987
20230726 427451
20230727 427352
20230728 427262
20230729 427528
20230730 427863
20230731 427218
20230801 427225
20230802 425725
20230803 425209
20230804 424056
20230805 424187
20230806 423698
20230807 424260
20230808 424395
