20230922 10028
20230924 10030
20230925 10049
20230926 10043
20230927 10036
20230928 10045
20230929 10031
20230930 10022
20231001 10035
20231002 10035
20231003 10046
20231005 10054
20231007 10035
20231008 10042
20231009 10037
20231010 10045
20231011 10050
20231012 10041
20231013 10030
20231014 10042
20231015 10050
20231016 10056
20231017 10056
20231018 10051
20231019 10051
20231020 10060
20231021 10063
20231022 10065
20231023 10069
20231024 10068
20231025 10068
20231026 10082
20231027 10063
20231028 10052
20231029 10059
20231030 10071
20231031 10071
20231101 10062
20231102 10088
20231103 10071
20231104 10073
20231105 10076
20231106 10072
20231107 10081
20231108 10081
20231109 10084
20231110 10085
20231111 10102
20231112 10097
20231113 10102
20231114 10102
20231115 10114
20231116 10101
20231117 10111
20231118 10119
20231120 10106
20231121 10136
20231122 10120
20231123 10121
20231124 10105
20231125 10127
20231126 10127
20231127 10120
20231128 10144
20231129 10168
20231130 10146
20231201 10122
20231202 10150
20231203 10160
20231204 10163
20231205 10167
20231206 10147
20231207 10164
20231208 10157
20231209 10158
20231210 10165
20231211 10167
20231212 10176
20231213 10177
20231214 10177
20231215 10160
20231216 10162
20231217 10175
20231218 10159
20231219 10190
20231220 10175
20231221 10180
20231222 10175
20231223 10173
20231224 10180
20231225 10162
20231226 10163
20231227 10149
20231230 10138
20231231 10157
20240101 10161
20240102 10153
20240103 10151
20240104 10151
20240105 10154
20240106 10158
20240107 10157
20240108 10156
20240109 10153
20240110 10135
20240111 10150
20240112 10142
