20230922 130012
20230924 130035
20230925 130048
20230926 130033
20230927 130040
20230928 130057
20230929 130102
20230930 130147
20231001 130157
20231002 130184
20231003 130162
20231005 130138
20231007 130146
20231008 130161
20231009 130170
20231010 130198
20231011 130153
20231012 130166
20231013 130184
20231014 130250
20231015 130195
20231016 130134
20231017 130134
20231018 130119
20231019 130119
20231020 130212
20231021 130251
20231022 130268
20231023 130306
20231024 130249
20231025 130232
20231026 130243
20231027 130269
20231028 130282
20231029 130347
20231030 130356
20231031 130337
20231101 130314
20231102 130332
20231103 130311
20231104 130356
20231105 130373
20231106 130407
20231107 130413
20231108 130413
20231109 130406
20231110 130437
20231111 130451
20231112 130479
20231113 130511
20231114 130527
20231115 130468
20231116 130468
20231117 130487
20231118 130527
20231120 130544
