20230707 15486
20230709 15479
20230710 15475
20230711 15482
20230712 15486
20230713 15499
20230714 15509
20230715 15501
20230716 15499
20230717 15499
20230718 15491
20230719 15496
20230720 15503
20230721 15509
20230722 15517
20230723 15515
20230724 15492
20230725 15498
20230726 15518
20230727 15520
20230728 15525
20230729 15527
20230730 15527
20230731 15524
20230801 15535
20230802 15540
20230803 15544
20230804 15541
20230805 15528
20230806 15525
20230807 15528
20230808 15531
20230809 15538
20230810 15555
20230811 15556
20230812 15558
