20230808 3360991
20230809 3360991
20230810 3361525
20230811 3362012
20230812 3362042
20230813 3361516
20230815 3360754
20230815 3360765
20230816 3361825
20230817 3362440
20230818 3362935
20230819 3362957
20230820 3362239
20230821 3361561
20230822 3362229
20230823 3362610
20230824 3363337
20230825 3363839
20230826 3363951
20230827 3363553
20230828 3363423
20230829 3363734
20230830 3364635
20230831 3364338
20230901 3364119
20230902 3364941
20230903 3364475
20230904 3363987
20230905 3363955
20230906 3364464
20230907 3364955
20230908 3365437
20230909 3365715
20230910 3365189
20230911 3365402
20230912 3365621
20230913 3366381
20230914 3367318
20230915 3367776
20230916 3368003
20230917 3367529
20230918 3367402
20230919 3367623
20230920 3368244
20230921 3368579
20230922 3369199
20230923 3369651
20230924 3369197
20230925 3368949
20230926 3368642
20230927 3369671
20230928 3370601
20230929 3371090
20230930 3371250
20231001 3370146
20231002 3370476
20231003 3370979
20231005 3372273
20231008 3372154
20231009 3372048
20231010 3372087
20231011 3372634
20231012 3373303
20231013 3373653
