20230707 24072
20230709 24087
20230710 24094
20230711 24102
20230712 24096
20230713 24131
20230714 24144
20230715 24146
20230716 24148
20230717 24146
20230718 24161
20230719 24164
20230720 24168
20230721 24171
20230722 24176
20230723 24172
20230724 24185
20230725 24173
20230726 24184
20230727 24198
20230728 24204
20230729 24220
20230730 24232
20230731 24240
20230801 24254
20230802 24265
20230803 24276
20230804 24281
20230805 24282
20230806 24296
20230807 24289
20230808 24287
20230809 24306
20230810 24319
20230811 24318
20230812 24318
20230813 24326
20230815 24333
20230816 24343
20230817 24350
20230818 24356
20230819 24365
20230820 24362
20230821 24356
20230822 24351
20230823 24356
20230824 24371
20230825 24367
20230826 24365
20230827 24328
20230828 24313
20230829 24318
20230830 24332
20230831 24339
20230901 24356
20230902 24366
20230903 24360
20230904 24358
20230905 24365
20230906 24391
20230907 24401
20230908 24409
20230909 24419
20230910 24421
20230911 24412
20230912 24422
20230913 24427
20230914 24426
20230915 24423
20230916 24419
20230917 24406
20230918 24407
20230919 24409
20230920 22362
20230921 22368
20230922 22360
20230923 22360
20230924 22342
20230925 22326
20230926 22337
20230927 22330
20230928 22324
20230929 22338
20230930 22324
20231001 22321
20231002 22322
20231003 22334
20231005 22353
20231007 22354
20231008 22342
20231009 22337
20231010 22338
20231011 22346
20231012 22360
20231013 22358
20231014 22367
20231015 22371
20231016 22373
20231017 22385
20231018 22387
20231019 22398
20231020 22407
20231021 22424
20231022 22432
20231023 22449
20231024 22447
20231025 22444
20231026 22455
20231027 22460
20231028 22459
20231029 22460
20231030 22464
20231031 22460
20231101 22460
20231102 22456
20231103 22465
20231104 22462
20231105 22466
20231106 22458
20231107 22465
20231108 22463
20231109 22472
20231110 22483
20231111 22480
20231112 22480
20231113 22479
20231114 22488
20231115 22489
20231116 22487
20231117 22540
20231118 22545
20231120 22549
20231121 22553
20231122 22541
20231123 22536
20231124 22546
20231125 22543
20231126 22547
20231127 22538
20231128 22551
20231129 22557
20231130 22565
20231201 22569
20231202 22562
20231203 22561
20231204 22559
20231205 22550
20231206 22548
20231207 22559
20231208 22555
20231209 22553
20231210 22586
20231211 22596
20231212 22593
20231213 22611
20231214 22613
20231215 22615
20231216 22639
