20230707 31139
20230709 31155
20230710 31186
20230711 31240
20230712 31290
20230713 31352
20230714 31403
20230715 31480
20230716 31520
20230717 31551
20230718 31685
20230719 31768
20230720 31836
20230721 31896
20230722 32006
20230723 32028
20230724 32069
20230725 32114
20230726 32041
20230727 32046
20230728 31993
20230729 32000
20230730 32012
20230731 32070
20230801 32228
20230802 32279
20230803 32334
20230804 32087
20230805 32106
20230806 32093
20230807 32080
20230808 32125
20230809 32138
20230810 32197
20230811 32190
20230812 32256
20230813 32293
20230815 32336
20230816 32367
20230817 32418
20230818 32437
20230819 32492
20230820 32485
20230821 32518
20230822 32518
20230823 32536
20230822 32518
20230824 32540
20230822 32518
20230825 32517
20230822 32518
20230826 32553
20230822 32518
20230827 32564
20230822 32518
20230828 32556
20230822 32518
20230829 32632
20230822 32518
20230830 31904
20230822 32518
20230831 31969
20230822 32518
20230901 32000
20230822 32518
20230902 32043
20230822 32518
20230903 32061
20230822 32518
20230904 32172
20230822 32518
20230905 32305
20230822 32518
20230906 32386
20230822 32518
20230907 32385
20230822 32518
20230908 32404
20230822 32518
20230909 32473
20230910 32473
20230911 32541
20230910 32473
20230912 32671
20230910 32473
20230913 32766
20230910 32473
20230914 32872
20230910 32473
20230915 32905
20230910 32473
20230916 32868
20230910 32473
20230917 32855
20230910 32473
20230918 32999
20230910 32473
20230919 33098
20230910 32473
20230920 30313
20230910 32473
20230921 30396
20230910 32473
20230922 30275
20230910 32473
20230923 30356
20230910 32473
20230924 30383
20230910 32473
20230925 30423
20230910 32473
20230926 30475
20230910 32473
20230927 30549
20230910 32473
20230928 30581
20230910 32473
20230929 30587
20230910 32473
20230930 30609
20230910 32473
20231001 30653
20230910 32473
20231002 30641
20230910 32473
20231003 30707
20230910 32473
20231005 30828
20230910 32473
20231007 31028
20230910 32473
20231008 31110
20230910 32473
20231009 31167
20230910 32473
20231010 31262
20230910 32473
20231011 31344
20230910 32473
20231012 31372
20230910 32473
20231013 31427
20230910 32473
20231014 31523
20230910 32473
20231015 31536
20230910 32473
20231016 31558
20230910 32473
20231017 31566
20230910 32473
20231018 31595
20230910 32473
20231019 31603
20230910 32473
20231020 31631
20230910 32473
20231021 31633
20230910 32473
20231022 31669
20230910 32473
20231023 31692
20230910 32473
20231024 31748
20230910 32473
20231025 31795
20230910 32473
20231026 31825
20230910 32473
20231027 31852
20230910 32473
20231028 31912
20230910 32473
20231029 31917
20230910 32473
20231030 31931
20230910 32473
20231031 31939
20230910 32473
20231101 31978
20230910 32473
20231102 31963
20230910 32473
20231103 32009
20231104 32009
20231105 32001
20231104 32009
20231106 32034
20231104 32009
20231107 32074
20231104 32009
20231108 32164
20231104 32009
20231109 32199
20231104 32009
20231110 32218
20231104 32009
20231111 32228
20231104 32009
20231112 32213
20231104 32009
20231113 32125
20231104 32009
20231114 32011
20231104 32009
20231115 32035
20231104 32009
20231116 32044
20231104 32009
20231117 32056
20231104 32009
20231118 32074
20231104 32009
20231120 32049
20231104 32009
20231121 32118
20231104 32009
20231122 32179
20231104 32009
20231123 32161
20231104 32009
20231124 32220
20231104 32009
20231125 32260
20231104 32009
20231126 32285
20231104 32009
20231127 32320
20231104 32009
20231128 32382
20231104 32009
20231129 32450
20231104 32009
20231130 32493
20231104 32009
20231201 32514
20231104 32009
20231202 32560
20231104 32009
20231203 32572
20231104 32009
20231204 32586
20231104 32009
20231205 32655
20231104 32009
20231206 32711
20231104 32009
20231207 32783
20231104 32009
20231208 32827
20231104 32009
20231209 32834
20231104 32009
20231210 32855
20231104 32009
20231211 32886
20231104 32009
20231212 32946
20231104 32009
20231213 32974
20231104 32009
20231214 33018
20231104 32009
20231215 33021
20231104 32009
20231216 33102
20231104 32009
20231217 33064
20231104 32009
20231218 33075
20231104 32009
20231219 33183
20231104 32009
20231220 33319
20231104 32009
20231221 33324
20231104 32009
20231222 33447
20231104 32009
20231223 33548
20231104 32009
20231224 33549
20231104 32009
20231225 33550
20231104 32009
20231226 33623
20231104 32009
20231227 33578
20231104 32009
20231230 33736
20231104 32009
20231231 33743
20231104 32009
20240101 33748
20231104 32009
20240102 33779
20231104 32009
20240103 33792
20231104 32009
20240104 33873
20231104 32009
20240105 33868
20231104 32009
20240106 33907
20231104 32009
20240107 33936
20231104 32009
20240108 33991
20231104 32009
20240109 33957
20231104 32009
20240110 33983
20231104 32009
20240111 33970
20231104 32009
20240112 33958
20231104 32009
20240113 33986
20231104 32009
20240114 34012
20231104 32009
20240115 34023
20231104 32009
20240116 34042
20231104 32009
20240117 34058
20231104 32009
20240118 34051
20231104 32009
20240119 34035
20231104 32009
20240120 34071
20231104 32009
20240121 34078
20231104 32009
20240122 34107
20231104 32009
20240124 34182
20231104 32009
20240125 34253
20231104 32009
20240126 34344
20231104 32009
20240127 34296
20231104 32009
20240128 34279
20231104 32009
20240129 34284
20231104 32009
20240130 34316
20231104 32009
20240131 34337
20231104 32009
20240201 34331
20231104 32009
20240202 34374
20231104 32009
20240203 34388
20231104 32009
20240204 34349
20231104 32009
20240205 34402
20231104 32009
20240206 34369
20231104 32009
20240207 34412
20231104 32009
20240208 34423
20231104 32009
20240209 34434
20231104 32009
20240210 34447
20231104 32009
20240211 34458
20231104 32009
20240212 34450
20231104 32009
20240213 34465
20231104 32009
20240214 34928
20231104 32009
20240215 34937
20231104 32009
20240216 34952
20231104 32009
20240217 34942
20231104 32009
20240218 34948
20231104 32009
20240219 34979
20231104 32009
20240220 35010
20231104 32009
20240221 35024
20231104 32009
20240222 35007
20231104 32009
20240223 34997
20231104 32009
20240224 34979
20231104 32009
20240225 35008
20231104 32009
20240226 34979
20231104 32009
20240227 35006
20231104 32009
20240228 35036
20231104 32009
20240229 35023
20231104 32009
20240301 35064
20231104 32009
20240302 35104
20231104 32009
20240303 35071
20231104 32009
20240304 35095
20231104 32009
20240305 35191
20231104 32009
20240306 35226
20231104 32009
20240307 35315
20231104 32009
20240308 35314
20231104 32009
20240309 35251
20231104 32009
20240310 35229
20231104 32009
20240311 35238
20231104 32009
20240312 35335
20231104 32009
20240313 35360
20231104 32009
20240314 35382
20231104 32009
20240315 35583
20231104 32009
20240316 35507
20231104 32009
20240317 35602
20231104 32009
20240318 35662
20231104 32009
20240319 35644
20231104 32009
20240320 35756
20231104 32009
20240321 35818
20231104 32009
20240322 35961
20231104 32009
20240323 35974
20231104 32009
20240324 36030
20231104 32009
20240325 36131
20231104 32009
20240326 36233
20231104 32009
20240327 36299
20231104 32009
20240328 36349
20231104 32009
20240329 36400
20231104 32009
20240330 36457
20231104 32009
20240331 36446
20231104 32009
20240401 36556
20231104 32009
20240402 36579
20231104 32009
20240403 36627
20231104 32009
20240404 36641
20231104 32009
20240405 36663
20231104 32009
20240406 36687
20231104 32009
20240407 36708
20231104 32009
20240408 36795
20231104 32009
20240409 36813
20231104 32009
20240410 36865
20231104 32009
20240411 36886
20231104 32009
20240412 37025
20231104 32009
20240413 37021
20231104 32009
20240415 37213
20231104 32009
20240416 37226
20231104 32009
20240417 37219
20231104 32009
20240418 37236
20231104 32009
20240419 37228
20231104 32009
20240420 37247
20231104 32009
20240421 37277
20231104 32009
20240422 37351
20231104 32009
20240423 37476
20231104 32009
20240424 37506
20231104 32009
20240425 37637
20231104 32009
20240426 37697
20231104 32009
20240427 37733
20231104 32009
20240428 37741
20231104 32009
20240429 37729
20231104 32009
20240430 37736
20231104 32009
20240501 37745
20231104 32009
20240503 37810
20231104 32009
20240504 37854
20231104 32009
20240505 37865
20231104 32009
20240506 37843
20231104 32009
20240507 37867
20231104 32009
20240508 37930
20231104 32009
20240509 37955
20231104 32009
20240510 37994
20231104 32009
20240511 37916
20231104 32009
20240512 37903
20231104 32009
20240513 37949
20231104 32009
20240514 37994
20231104 32009
20240515 37998
20231104 32009
20240516 38020
20231104 32009
20240517 38098
20231104 32009
20240518 38207
20231104 32009
20240519 38214
20231104 32009
20240520 38179
20231104 32009
20240521 38478
20231104 32009
20240522 38860
20231104 32009
20240523 39893
20231104 32009
20240524 40007
20231104 32009
20240525 40206
20231104 32009
20240526 40231
20231104 32009
20240527 40332
20231104 32009
20240528 40583
20231104 32009
20240529 40610
20231104 32009
20240530 40902
20231104 32009
20240531 41187
20231104 32009
20240601 41244
20231104 32009
20240602 41330
20231104 32009
20240603 41406
20231104 32009
20240604 41681
20231104 32009
20240605 41738
20231104 32009
20240606 41772
20231104 32009
20240609 41897
20231104 32009
20240611 42083
20231104 32009
20240612 42124
20231104 32009
20240613 42202
20231104 32009
20240614 42296
20231104 32009
20240615 42434
20231104 32009
20240616 42448
20231104 32009
20240617 42507
20231104 32009
20240618 42588
20231104 32009
20240620 42763
20231104 32009
20240621 42796
20231104 32009
20240622 42803
20231104 32009
20240623 42935
20231104 32009
20240624 42941
20231104 32009
20240626 43147
20231104 32009
20240627 42864
20231104 32009
20240628 43084
20231104 32009
20240629 43509
20231104 32009
20240630 43504
20231104 32009
20240701 43520
20231104 32009
20240702 43621
20231104 32009
20240703 43646
20231104 32009
20240704 43889
20231104 32009
20240705 43914
20231104 32009
20240706 44164
20231104 32009
20240707 44199
20231104 32009
20240708 44248
20231104 32009
20240709 44287
20231104 32009
20240710 44246
20231104 32009
20240711 44414
20231104 32009
20240712 44399
20231104 32009
20240713 44627
20231104 32009
20240714 44631
20231104 32009
20240715 44526
20231104 32009
20240716 44629
20231104 32009
20240717 48397
20231104 32009
20240718 52311
20231104 32009
20240719 53319
20231104 32009
20240720 53394
20231104 32009
20240721 53389
20231104 32009
20240722 53309
20231104 32009
20240723 53349
20240724 53349
20240725 43659
20240724 53349
20240726 43796
20240724 53349
20240727 43792
20240724 53349
20240728 43805
20240724 53349
20240729 43815
20240724 53349
20240730 43430
20240724 53349
20240731 43417
20240724 53349
20240801 43356
20240724 53349
20240802 43113
20240724 53349
20240803 43130
20240724 53349
20240804 43092
20240724 53349
20240805 43077
20240724 53349
20240806 43033
20240724 53349
20240807 42847
20240724 53349
20240808 42748
20240724 53349
20240809 42660
20240724 53349
20240810 42673
20240724 53349
20240811 42701
20240724 53349
20240812 42648
20240724 53349
20240813 42639
20240814 42639
20240815 42644
20240814 42639
20240816 42661
20240814 42639
20240817 42630
20240814 42639
20240818 42591
20240814 42639
20240819 42498
20240814 42639
20240820 42513
20240814 42639
20240821 42508
20240814 42639
20240822 42488
20240814 42639
20240823 42472
20240814 42639
20240824 42490
20240814 42639
20240825 42488
20240814 42639
20240826 42478
20240814 42639
20240827 42476
20240814 42639
20240828 42407
20240814 42639
20240829 42444
20240814 42639
20240830 42535
20240814 42639
20240831 42650
20240814 42639
20240901 42593
20240814 42639
20240902 42647
20240814 42639
20240903 42611
20240814 42639
20240904 42587
20240814 42639
20240905 42714
20240814 42639
20240906 42572
20240814 42639
20240907 42682
20240814 42639
20240908 42673
20240814 42639
20240909 42665
20240814 42639
20240910 42739
20240814 42639
20240911 42672
20240814 42639
20240912 42733
20240814 42639
20240913 42832
20240814 42639
20240914 43150
20240814 42639
20240915 43272
20240814 42639
20240916 43321
20240814 42639
20240917 43643
20240814 42639
20240918 43760
20240814 42639
20240919 44031
20240814 42639
20240920 44379
20240814 42639
20240921 44524
20240814 42639
20240921 44821
20240922 44821
20240925 45185
20240925 45185
