20230707 3776
20230709 3774
20230710 3776
20230711 3764
20230712 3761
20230713 3762
20230714 3762
20230715 3759
20230716 3756
20230717 3756
20230718 3758
20230719 3756
20230720 3754
20230721 3755
20230722 3757
20230723 3756
20230724 3755
20230725 3758
20230726 3758
20230727 3761
20230728 3760
20230729 3758
20230730 3758
20230731 3759
20230801 3759
20230802 3761
20230803 3764
20230804 3763
20230805 3763
20230806 3766
20230807 3766
20230808 3767
20230809 3768
20230810 3766
20230811 3765
20230812 3764
20230813 3761
20230815 3760
20230816 3761
20230817 3760
20230818 3755
20230819 3754
20230820 3757
20230821 3757
20230822 3757
20230823 3755
20230824 3755
20230825 3756
20230826 3755
20230827 3756
20230828 3758
20230829 3751
20230830 3754
20230831 3758
20230901 3758
20230902 3758
20230903 3761
20230904 3759
20230905 3765
20230906 3765
20230907 3766
20230908 3765
20230909 3765
20230910 3761
20230911 3758
20230912 3754
20230913 3760
20230914 3760
20230915 3766
20230916 3766
20230917 3764
20230918 3764
20230919 3761
20230920 3490
20230921 3487
20230922 3496
20230923 3497
20230924 3491
20230925 3491
20230926 3487
20230927 3488
20230928 3488
20230929 3488
20230930 3490
20231001 3491
