20230707 8938
20230709 8932
20230710 8938
20230711 8938
20230712 8939
20230711 8938
20230713 8947
20230711 8938
20230714 8948
20230711 8938
20230715 8930
20230711 8938
20230716 8922
20230711 8938
20230717 8919
20230711 8938
20230718 8923
20230711 8938
20230719 8920
20230711 8938
20230720 8922
20230711 8938
20230721 8917
20230711 8938
20230722 8915
20230711 8938
20230723 8907
20230711 8938
20230724 8902
20230711 8938
20230725 8906
20230711 8938
20230726 8916
20230711 8938
20230727 8915
20230711 8938
20230728 8930
20230711 8938
20230729 8941
20230711 8938
20230730 8968
20230711 8938
20230731 8981
20230711 8938
20230801 8990
20230711 8938
20230802 8995
20230711 8938
20230803 8997
20230711 8938
20230804 9003
20230805 9003
20230806 8998
20230805 9003
20230807 8999
20230805 9003
20230808 9011
20230809 9011
20230810 9012
20230811 9011
20230809 9011
20230812 9012
20230809 9011
20230813 9018
20230815 9018
20230816 9024
20230815 9018
20230817 9028
20230815 9018
20230818 9037
20230815 9018
20230819 9036
20230815 9018
20230820 9035
20230815 9018
20230821 9036
20230815 9018
20230822 9032
20230815 9018
20230823 9043
20230815 9018
20230824 9047
20230815 9018
20230825 9049
20230815 9018
20230826 9052
20230827 9052
20230828 9049
20230827 9052
20230829 9050
20230827 9052
20230830 9057
20230827 9052
20230831 9058
20230827 9052
20230901 9063
20230902 9063
20230903 9037
20230902 9063
20230904 9034
20230902 9063
20230905 9028
20230902 9063
20230906 9027
20230902 9063
20230907 9033
20230902 9063
20230908 9027
20230902 9063
20230909 9017
20230902 9063
20230910 9020
20230902 9063
20230911 9021
20230902 9063
20230912 8995
20230902 9063
20230913 8996
20230902 9063
20230914 8994
20230902 9063
20230915 9024
20230902 9063
20230916 9025
20230902 9063
20230917 9021
20230902 9063
20230918 9015
20230902 9063
20230919 9010
20230902 9063
20230920 8076
20230902 9063
20230921 8071
20230902 9063
20230922 8081
20230902 9063
20230923 8077
20230902 9063
20230924 8072
20230902 9063
20230925 8068
20230902 9063
20230926 8065
20230902 9063
20230927 8064
20230902 9063
20230928 8066
20230902 9063
20230929 8057
20230902 9063
20230930 8055
20230902 9063
20231001 8056
20230902 9063
20231002 8071
20230902 9063
20231003 8090
20230902 9063
20231005 8104
20230902 9063
20231007 8101
20230902 9063
20231008 8109
20230902 9063
20231009 8130
20230902 9063
20231010 8133
20230902 9063
20231011 8142
20230902 9063
20231012 8146
20230902 9063
20231013 8153
20230902 9063
20231014 8131
20230902 9063
20231015 8127
20230902 9063
20231016 8126
20230902 9063
20231017 8123
20230902 9063
20231018 8118
20230902 9063
20231019 8116
20231020 8116
20231021 8117
20231020 8116
20231022 8112
20231023 8112
20231024 8110
20231023 8112
20231025 8111
20231023 8112
20231026 8131
20231023 8112
20231027 8141
20231023 8112
20231028 8138
20231023 8112
20231029 8136
20231023 8112
20231030 8132
20231023 8112
20231031 8130
20231101 8130
20231102 8132
20231101 8130
20231103 8127
20231101 8130
20231104 8125
20231101 8130
20231105 8121
20231101 8130
20231106 8116
20231101 8130
20231107 8120
20231108 8120
20231109 8119
20231108 8120
20231110 8123
20231108 8120
20231111 8125
20231108 8120
20231112 8123
20231108 8120
20231113 8122
20231114 8122
20231115 8118
20231114 8122
20231116 8116
20231114 8122
20231117 8119
20231114 8122
20231118 8126
20231114 8122
20231120 8118
20231121 8118
20231122 8128
20231121 8118
20231123 8138
20231121 8118
20231124 8144
20231121 8118
20231125 8137
20231121 8118
20231126 8130
20231121 8118
20231127 8128
20231121 8118
20231128 8131
20231121 8118
20231129 8128
20231121 8118
20231130 8130
20231121 8118
20231201 8133
20231121 8118
20231202 8126
20231203 8118
20231121 8118
20231204 8119
20231121 8118
20231205 8120
20231121 8118
20231206 8121
20231121 8118
20231207 8126
20231121 8118
20231208 8127
20231209 8127
20231210 8144
20231211 8144
20231212 8151
20231211 8144
20231213 8172
20231211 8144
20231214 8175
20231211 8144
20231215 8176
20231211 8144
20231216 8179
20231211 8144
20231217 8174
20231211 8144
20231218 8173
20231211 8144
20231219 8172
20231211 8144
20231220 8173
20231211 8144
20231221 8167
20231211 8144
20231222 8173
20231211 8144
20231223 8179
20231224 8179
20231225 8171
20231224 8179
20231226 8158
20231224 8179
20231227 8128
20231224 8179
20231230 8169
20231224 8179
20231231 8165
20231224 8179
20240101 8161
20231224 8179
20240102 8159
20231224 8179
20240103 8157
20231224 8179
20240104 8152
20231224 8179
20240105 8153
20231224 8179
20240106 8147
20240107 8147
20240108 8144
20240107 8147
20240109 8141
20240107 8147
20240110 8143
20240107 8147
20240111 8136
20240107 8147
20240112 8128
20240107 8147
20240113 8125
20240114 8125
20240115 8126
20240116 8125
20240114 8125
20240117 8127
20240114 8125
20240118 8133
20240114 8125
20240119 8130
20240120 8125
20240114 8125
20240121 8120
20240122 8120
20240124 8127
20240122 8120
20240125 8124
20240122 8120
20240126 8127
20240122 8120
20240127 8132
20240122 8120
20240128 8129
20240122 8120
20240129 8131
20240122 8120
20240130 8140
20240122 8120
20240131 8148
20240122 8120
20240201 8155
20240122 8120
20240202 8154
20240122 8120
20240203 8160
20240204 8160
20240205 8153
20240204 8160
20240206 8154
20240204 8160
20240207 8163
20240204 8160
20240208 8168
20240204 8160
20240209 8169
20240204 8160
20240210 8172
20240204 8160
20240211 8169
20240204 8160
20240212 8167
20240204 8160
20240213 8164
20240204 8160
20240214 8163
20240204 8160
20240215 8167
20240204 8160
20240216 8168
20240204 8160
20240217 8172
20240204 8160
20240218 8174
20240204 8160
20240219 8173
20240204 8160
20240220 8172
20240204 8160
20240221 8174
20240204 8160
20240222 8171
20240204 8160
20240223 8176
20240204 8160
20240224 8172
20240204 8160
20240225 8175
20240204 8160
20240226 8191
20240204 8160
20240227 8201
20240204 8160
20240228 8197
20240229 8197
20240301 8198
20240302 8198
20240303 8197
20240304 8197
20240305 8200
20240304 8197
20240306 8194
20240304 8197
20240307 8192
20240304 8197
20240308 8191
20240304 8197
20240309 8188
20240304 8197
20240310 8185
20240304 8197
20240311 8190
20240304 8197
20240312 8193
20240304 8197
20240313 8195
20240304 8197
20240314 8198
20240304 8197
20240315 8200
20240316 8197
20240304 8197
20240317 8188
20240304 8197
20240318 8183
20240319 8183
20240320 8181
20240319 8183
20240321 8178
20240319 8183
20240322 8173
20240319 8183
20240323 8163
20240319 8183
20240324 8161
20240319 8183
20240325 8162
20240319 8183
20240326 8157
20240319 8183
20240327 8160
20240319 8183
20240328 8162
20240319 8183
20240329 8165
20240330 8165
20240331 8161
20240401 8161
20240402 8159
20240401 8161
20240403 8157
20240401 8161
20240404 8151
20240401 8161
20240405 8150
20240401 8161
20240406 8153
20240401 8161
20240407 8160
20240401 8161
20240408 8157
20240409 8161
20240401 8161
20240410 8166
20240401 8161
20240411 8162
20240401 8161
20240412 8156
20240401 8161
20240413 8150
20240401 8161
20240415 8149
20240401 8161
20240416 8147
20240401 8161
20240417 8150
20240401 8161
20240418 8144
20240401 8161
20240419 8145
20240401 8161
20240420 8140
20240401 8161
20240421 8139
20240401 8161
20240422 8140
20240401 8161
20240423 8144
20240401 8161
20240424 8148
20240401 8161
20240425 8145
20240401 8161
20240426 8150
20240401 8161
20240427 8153
20240401 8161
20240428 8151
20240401 8161
20240429 8155
20240401 8161
20240430 8154
20240401 8161
20240501 8149
20240401 8161
20240503 8150
20240401 8161
20240504 8143
20240401 8161
20240505 8145
20240401 8161
20240506 8147
20240401 8161
20240507 8143
20240508 8143
20240509 8145
20240508 8143
20240510 8144
20240508 8143
20240511 8139
20240508 8143
20240512 8135
20240508 8143
20240513 8136
20240508 8143
20240514 8132
20240508 8143
20240515 8121
20240516 8121
20240517 8117
20240516 8121
20240518 8119
20240516 8121
20240519 8115
20240516 8121
20240520 8111
20240516 8121
20240521 8110
20240516 8121
20240522 8108
20240516 8121
20240523 8110
20240516 8121
20240524 8111
20240516 8121
20240525 8110
20240526 8110
20240527 8104
20240526 8110
20240528 8108
20240526 8110
20240529 8103
20240526 8110
20240530 8106
20240526 8110
20240531 8103
20240526 8110
20240601 8106
20240526 8110
20240602 8100
20240526 8110
20240603 8096
20240526 8110
20240604 8095
20240526 8110
20240605 8091
20240526 8110
20240606 8089
20240526 8110
20240609 8088
20240526 8110
20240611 8077
20240526 8110
20240612 8079
20240526 8110
20240613 8082
20240526 8110
20240614 8077
20240526 8110
20240615 8071
20240526 8110
20240616 8060
20240526 8110
20240617 8062
20240526 8110
20240618 8063
20240526 8110
20240620 8066
20240526 8110
20240621 8070
20240622 8070
20240623 8069
20240622 8070
20240624 8061
20240622 8070
20240626 8066
20240622 8070
20240627 8064
20240622 8070
20240628 8055
20240629 8055
20240630 8049
20240629 8055
20240701 8044
20240629 8055
20240702 8045
20240629 8055
20240703 8051
20240704 8051
20240705 8049
20240704 8051
20240706 8042
20240704 8051
20240707 8040
20240704 8051
20240708 8039
20240704 8051
20240709 8040
20240704 8051
20240710 8035
20240704 8051
20240711 8039
20240712 8051
20240704 8051
20240713 8049
20240704 8051
20240714 8045
20240704 8051
20240715 8040
20240704 8051
20240716 8036
20240704 8051
20240717 8039
20240704 8051
20240718 8041
20240704 8051
20240719 8049
20240720 8051
20240704 8051
20240721 8050
20240704 8051
20240722 8052
20240704 8051
20240723 8054
20240724 8054
20240725 8058
20240724 8054
20240726 8056
20240727 8054
20240724 8054
20240728 8050
20240724 8054
20240729 8041
20240724 8054
20240730 8043
20240724 8054
20240731 8040
20240724 8054
20240801 8036
20240802 8036
20240803 8033
20240802 8036
20240804 8029
20240802 8036
20240805 8022
20240802 8036
20240806 8025
20240802 8036
20240807 8022
20240802 8036
20240808 8024
20240802 8036
20240809 7996
20240802 8036
20240810 7999
20240802 8036
20240811 8009
20240802 8036
20240812 8001
20240802 8036
20240813 8006
20240802 8036
20240814 8015
20240802 8036
20240815 8017
20240802 8036
20240816 8029
20240802 8036
20240817 8033
20240802 8036
20240818 8035
20240802 8036
20240819 8032
20240802 8036
20240820 8030
20240821 8030
20240822 8023
20240821 8030
20240823 8026
20240821 8030
20240824 8024
20240825 8024
20240826 8015
20240825 8024
20240827 8001
20240825 8024
20240828 7998
20240825 8024
20240829 8001
20240825 8024
20240830 7998
20240825 8024
20240831 7997
20240825 8024
20240901 7993
20240825 8024
20240902 8007
20240825 8024
20240903 8013
20240825 8024
20240904 8018
20240825 8024
20240905 8016
20240825 8024
20240906 8015
20240825 8024
20240907 8005
20240825 8024
20240908 8002
20240825 8024
20240909 7981
20240825 8024
20240910 7961
20240825 8024
20240911 7947
20240825 8024
20240912 7945
20240825 8024
20240913 7934
20240825 8024
20240914 7929
20240825 8024
20240915 7925
20240825 8024
20240916 7917
20240825 8024
20240917 7915
20240825 8024
20240918 7911
20240825 8024
20240919 7916
20240825 8024
20240920 7919
20240825 8024
20240921 7905
20240825 8024
20240921 7912
20240825 8024
20240922 7905
20240825 8024
20240925 7907
20240825 8024
20240926 7909
20240825 8024
20240927 7911
20240825 8024
20240928 7908
20240825 8024
20240929 7896
20240825 8024
20240930 7895
20240825 8024
20241001 7896
20241001 7896
