20230707 71
20230709 71
20230710 71
20230711 71
20230712 72
20230714 72
20230715 72
20230716 72
20230717 72
20230718 72
20230719 72
20230720 72
20230721 72
20230722 72
20230723 72
20230724 72
20230725 72
20230726 72
20230727 73
20230728 73
20230729 73
20230730 73
20230731 73
20230801 73
20230802 73
20230803 73
20230804 73
20230805 73
20230806 73
20230807 73
20230808 73
20230809 73
20230810 73
20230811 73
20230812 73
20230813 73
20230815 73
20230816 73
20230817 73
20230818 73
20230819 73
20230820 73
20230821 73
20230822 73
20230823 73
20230824 73
20230825 73
20230826 73
20230827 73
20230828 73
20230829 73
20230830 73
20230831 73
20230901 73
20230902 73
20230903 73
20230904 73
20230905 73
20230906 73
20230907 73
20230908 73
20230909 73
20230910 73
20230911 73
20230912 73
20230913 73
20230914 73
20230915 73
20230916 73
20230917 73
20230918 73
20230919 73
20230920 71
20230921 72
20230922 72
20230923 72
20230924 72
20230925 72
20230926 72
20230927 72
20230928 72
20230929 72
20230930 72
20231001 72
20231002 72
20231003 72
20231005 72
20231007 72
20231008 72
20231009 72
20231010 72
20231011 72
20231012 72
20231013 72
20231014 72
20231015 72
20231016 72
20231017 72
20231018 72
20231019 72
20231020 72
20231021 72
20231022 72
20231023 72
20231024 72
20231025 72
20231026 72
20231027 72
20231028 72
20231029 72
20231030 72
20231031 72
20231101 72
20231102 72
20231103 72
20231104 72
20231105 72
20231106 72
20231107 72
20231108 72
20231109 72
20231110 72
20231111 72
20231112 72
20231113 72
20231114 72
20231115 73
20231116 73
20231117 73
20231118 73
20231120 73
20231121 73
20231122 73
20231123 73
20231124 73
20231125 73
20231126 73
20231127 73
20231128 73
20231129 73
20231130 73
20231201 73
20231202 73
20231203 73
20231204 73
20231205 73
20231206 73
20231207 73
20231208 73
20231209 73
20231210 73
20231211 73
20231212 73
20231213 73
20231214 73
20231215 73
20231216 73
20231217 73
20231218 73
20231219 73
20231220 73
20231221 73
20231222 73
20231223 73
20231224 73
20231225 73
20231226 73
20231227 73
20231230 73
20231231 73
20240101 73
20240102 73
20240103 73
20240104 73
20240105 73
20240106 73
20240107 73
20240108 73
20240109 73
20240110 73
20240111 73
20240112 73
20240113 73
20240114 73
20240115 73
20240116 73
20240117 73
20240118 73
20240119 73
20240120 73
20240121 73
20240122 73
20240124 73
20240125 73
20240126 73
20240127 73
20240128 73
20240129 73
20240130 73
20240131 73
20240201 73
20240202 73
20240203 73
20240204 73
20240205 73
20240206 73
20240207 73
20240208 73
20240209 73
20240210 73
20240211 73
20240212 73
20240213 73
20240214 73
20240215 73
20240216 73
20240217 73
20240218 73
20240219 73
20240220 73
20240221 73
20240222 73
20240223 73
20240224 73
20240225 73
20240226 73
20240227 73
20240228 73
20240229 73
20240301 73
20240302 73
20240303 73
20240304 73
20240305 73
20240306 73
20240307 73
20240308 73
20240309 73
20240310 73
20240311 73
20240312 73
20240313 73
20240314 73
20240315 73
20240316 73
20240317 73
20240318 72
20240319 72
20240320 72
20240321 72
20240322 72
20240323 72
20240324 72
20240325 72
20240326 72
20240327 72
20240328 72
20240329 72
20240330 72
20240331 72
20240401 72
20240402 72
20240403 72
20240404 72
20240405 72
20240406 72
20240407 72
20240408 72
20240409 72
20240410 72
20240411 72
20240412 72
20240413 72
20240415 72
20240416 72
20240417 72
20240418 72
20240419 72
20240420 72
20240421 72
20240422 72
20240423 72
20240424 72
20240425 72
20240426 72
20240427 72
20240428 72
20240429 72
20240430 72
20240501 72
20240503 72
20240504 72
20240505 72
20240506 72
20240507 72
20240508 72
20240509 72
20240510 72
20240511 72
20240512 72
20240513 72
20240514 72
20240515 72
20240516 72
20240517 72
20240518 72
20240519 72
20240520 72
20240521 72
20240522 72
20240523 72
20240524 72
20240525 72
20240526 72
20240527 72
20240528 72
20240529 73
20240530 73
20240531 73
20240601 73
20240602 73
20240603 73
20240604 73
20240605 73
20240606 73
20240609 72
20240611 72
20240612 72
20240613 72
20240614 72
20240615 72
20240616 72
20240617 72
20240618 72
20240620 72
20240621 72
20240622 72
