20230707 4137
20230709 4135
20230710 4132
20230711 4120
20230712 4123
20230713 4124
20230714 4127
20230715 4132
20230716 4132
20230717 4131
20230718 4129
20230719 4128
20230720 4129
20230721 4129
20230722 4131
20230723 4128
20230724 4127
20230725 4128
20230726 4131
20230727 4131
20230728 4133
20230729 4136
20230730 4135
20230731 4135
20230801 4138
20230802 4140
20230803 4138
20230804 4139
20230805 4144
20230806 4143
20230807 4142
20230808 4142
20230809 4138
20230810 4136
20230811 4136
20230812 4138
20230813 4136
20230815 4137
20230816 4137
20230817 4138
20230818 4141
20230819 4141
20230820 4141
20230821 4142
20230822 4150
20230823 4151
20230824 4155
20230825 4158
20230826 4158
20230827 4158
20230828 4156
20230829 4155
20230830 4158
20230831 4157
20230901 4157
20230902 4157
20230903 4133
20230904 4130
20230905 4126
20230906 4126
20230907 4130
20230908 4127
20230909 4124
20230910 4125
20230911 4124
20230912 4128
20230913 4131
20230914 4133
20230915 4128
20230916 4130
20230917 4129
20230918 4131
20230919 4122
20230920 4102
20230921 4105
20230922 4113
20230923 4104
20230924 4101
20230925 4101
20230926 4100
20230927 4101
20230928 4097
20230929 4096
20230930 4099
20231001 4096
