20230707 30285
20230709 30275
20230710 30275
20230711 30284
20230710 30275
20230712 30299
20230710 30275
20230713 30314
20230710 30275
20230714 30315
20230710 30275
20230715 30320
20230710 30275
20230716 30315
20230710 30275
20230717 30313
20230710 30275
20230718 30308
20230710 30275
20230719 30312
20230710 30275
20230720 30320
20230710 30275
20230721 30327
20230722 30327
20230723 30317
20230722 30327
20230724 30316
20230722 30327
20230725 30338
20230722 30327
20230726 30361
20230722 30327
20230727 30371
20230722 30327
20230728 30384
20230722 30327
20230729 30393
20230722 30327
20230730 30404
20230722 30327
20230731 30406
20230722 30327
20230801 30415
20230722 30327
20230802 30421
20230722 30327
20230803 30415
20230722 30327
20230804 30405
20230722 30327
20230805 30426
20230722 30327
20230806 30431
20230722 30327
20230807 30432
20230722 30327
20230808 30459
20230722 30327
20230809 30469
20230722 30327
20230810 30483
20230722 30327
20230811 30498
20230722 30327
20230812 30510
20230722 30327
20230813 30501
20230722 30327
20230815 30477
20230722 30327
20230816 30487
20230722 30327
20230817 30497
20230722 30327
20230818 30507
20230722 30327
20230819 30522
20230722 30327
20230820 30524
20230722 30327
20230821 30543
20230722 30327
20230822 30547
20230722 30327
20230823 30538
20230722 30327
20230824 30533
20230722 30327
20230825 30544
20230722 30327
20230826 30559
20230722 30327
20230827 30564
20230722 30327
20230828 30562
20230722 30327
20230829 30570
20230722 30327
20230830 30598
20230722 30327
20230831 30615
20230722 30327
20230901 30624
20230722 30327
20230902 30620
20230722 30327
20230903 30621
20230722 30327
20230904 30624
20230722 30327
20230905 30618
20230722 30327
20230906 30621
20230907 30621
20230908 30608
20230907 30621
20230909 30612
20230910 30612
20230911 30611
20230910 30612
20230912 30618
20230910 30612
20230913 30627
20230910 30612
20230914 30649
20230910 30612
20230915 30644
20230910 30612
20230916 30647
20230910 30612
20230917 30655
20230910 30612
20230918 30656
20230910 30612
20230919 30665
20230910 30612
20230920 27727
20230910 30612
20230921 27742
20230910 30612
20230922 27739
20230910 30612
20230923 27740
20230910 30612
20230924 27737
20230910 30612
20230925 27738
20230927 27738
20230928 27752
20230927 27738
20230929 27757
20230930 27757
20231001 27747
20230930 27757
20231002 27749
20230930 27757
20231003 27764
20230930 27757
20231005 27783
20230930 27757
20231007 27795
20230930 27757
20231008 27801
20230930 27757
20231009 27809
20230930 27757
20231010 27812
20230930 27757
20231011 27820
20230930 27757
20231012 27832
20230930 27757
20231013 27839
20230930 27757
20231014 27845
20230930 27757
20231015 27830
20230930 27757
20231016 27831
20230930 27757
20231017 27824
20230930 27757
20231018 27830
20230930 27757
20231019 27847
20230930 27757
20231020 27860
20230930 27757
20231021 27861
20230930 27757
20231022 27856
20231023 27856
20231024 27858
20231023 27856
20231025 27878
20231023 27856
20231026 27879
20231023 27856
20231027 27878
20231023 27856
20231028 27874
20231023 27856
20231029 27879
20231023 27856
20231030 27875
20231023 27856
20231031 27881
20231023 27856
20231101 27882
20231023 27856
20231102 27893
20231023 27856
20231103 27916
20231023 27856
20231104 27911
20231105 27911
20231106 27917
20231105 27911
20231107 27926
20231105 27911
20231108 27921
20231105 27911
20231109 27917
20231105 27911
20231110 27918
20231105 27911
20231111 27919
20231105 27911
20231112 27914
20231113 27911
20231105 27911
20231114 27915
20231105 27911
20231115 27922
20231105 27911
20231116 27917
20231105 27911
20231117 27954
20231105 27911
20231118 27945
20231105 27911
20231120 27929
20231105 27911
20231121 27940
20231122 27940
20231123 27964
20231122 27940
20231124 27973
20231122 27940
20231125 27984
20231122 27940
20231126 27980
20231122 27940
20231127 27972
20231122 27940
20231128 27996
20231122 27940
20231129 27993
20231122 27940
20231130 28002
20231122 27940
20231201 28013
20231122 27940
20231202 28015
20231122 27940
20231203 28012
20231122 27940
20231204 28004
20231122 27940
20231205 28012
20231122 27940
20231206 28019
20231122 27940
20231207 28020
20231122 27940
20231208 28028
20231122 27940
20231209 28012
20231122 27940
20231210 28016
20231122 27940
20231211 28013
20231122 27940
20231212 28010
20231122 27940
20231213 28020
20231122 27940
20231214 28028
20231122 27940
20231215 28031
20231122 27940
20231216 28043
20231122 27940
20231217 28036
20231122 27940
20231218 28013
20231122 27940
20231219 28007
20231122 27940
20231220 28005
20231122 27940
20231221 27997
20231122 27940
20231222 28014
20231122 27940
20231223 28018
20231122 27940
20231224 28023
20231122 27940
20231225 28008
20231122 27940
20231226 27987
20231122 27940
20231227 27961
20231122 27940
20231230 28021
20231122 27940
20231231 28014
20231122 27940
20240101 28004
20231122 27940
20240102 28011
20231122 27940
20240103 28016
20231122 27940
20240104 28019
20231122 27940
20240105 28028
20231122 27940
20240106 28039
20231122 27940
20240107 28048
20231122 27940
20240108 28044
20231122 27940
20240109 28051
20231122 27940
20240110 28067
20231122 27940
20240111 28102
20231122 27940
20240112 28111
20231122 27940
20240113 28104
20240114 28104
20240115 28106
20240114 28104
20240116 28123
20240114 28104
20240117 28140
20240114 28104
20240118 28144
20240114 28104
20240119 28156
20240114 28104
20240120 28172
20240114 28104
20240121 28167
20240122 28167
20240124 28208
20240122 28167
20240125 28231
20240122 28167
20240126 28259
20240122 28167
20240127 28264
20240122 28167
20240128 28247
20240129 28247
20240130 28253
20240129 28247
20240131 28267
20240201 28267
20240202 28277
20240201 28267
20240203 28279
20240201 28267
20240204 28290
20240201 28267
20240205 28286
20240201 28267
20240206 28300
20240201 28267
20240207 28309
20240201 28267
20240208 28313
20240201 28267
20240209 28326
20240201 28267
20240210 28336
20240201 28267
20240211 28329
20240201 28267
20240212 28321
20240201 28267
20240213 28328
20240201 28267
20240214 28339
20240201 28267
20240215 28364
20240201 28267
20240216 28360
20240201 28267
20240217 28367
20240201 28267
20240218 28365
20240201 28267
20240219 28358
20240201 28267
20240220 28367
20240201 28267
20240221 28365
20240201 28267
20240222 28384
20240201 28267
20240223 28389
20240201 28267
20240224 28388
20240201 28267
20240225 28378
20240201 28267
20240226 28365
20240201 28267
20240227 28369
20240201 28267
20240228 28372
20240201 28267
20240229 28390
20240201 28267
20240301 28398
20240201 28267
20240302 28402
20240201 28267
20240303 28406
20240201 28267
20240304 28415
20240201 28267
20240305 28421
20240201 28267
20240306 28440
20240201 28267
20240307 28456
20240201 28267
20240308 28444
20240201 28267
20240309 28450
20240201 28267
20240310 28431
20240201 28267
20240311 28416
20240201 28267
20240312 28409
20240201 28267
20240313 28430
20240201 28267
20240314 28443
20240201 28267
20240315 28445
20240316 28445
20240317 28437
20240316 28445
20240318 28436
20240316 28445
20240319 28427
20240316 28445
20240320 28435
20240321 28435
20240322 28416
20240321 28435
20240323 28404
20240321 28435
20240324 28401
20240321 28435
20240325 28402
20240321 28435
20240326 28403
20240321 28435
20240327 28411
20240321 28435
20240328 28396
20240321 28435
20240329 28400
20240321 28435
20240330 28386
20240321 28435
20240331 28390
20240321 28435
20240401 28387
20240321 28435
20240402 28383
20240321 28435
20240403 28391
20240321 28435
20240404 28389
20240321 28435
20240405 28386
20240321 28435
20240406 28384
20240321 28435
20240407 28391
20240321 28435
20240408 28380
20240321 28435
20240409 28384
20240321 28435
20240410 28394
20240321 28435
20240411 28404
20240412 28435
20240321 28435
20240413 28440
20240321 28435
20240415 28439
20240321 28435
20240416 28460
20240417 28460
20240418 28461
20240417 28460
20240419 28459
20240417 28460
20240420 28464
20240417 28460
20240421 28462
20240417 28460
20240422 28445
20240417 28460
20240423 28441
20240417 28460
20240424 28446
20240417 28460
20240425 28459
20240417 28460
20240426 28463
20240417 28460
20240427 28470
20240417 28460
20240428 28461
20240417 28460
20240429 28446
20240417 28460
20240430 28455
20240417 28460
20240501 28465
20240417 28460
20240503 28481
20240417 28460
20240504 28476
20240417 28460
20240505 28478
20240506 28478
20240507 28473
20240506 28478
20240508 28479
20240506 28478
20240509 28476
20240506 28478
20240510 28470
20240506 28478
20240511 28483
20240506 28478
20240512 28484
20240506 28478
20240513 28491
20240506 28478
20240514 28495
20240506 28478
20240515 28504
20240506 28478
20240516 28514
20240506 28478
20240517 28526
20240506 28478
20240518 28534
20240506 28478
20240519 28545
20240506 28478
20240520 28546
20240506 28478
20240521 28533
20240506 28478
20240522 28543
20240506 28478
20240523 28553
20240506 28478
20240524 28559
20240506 28478
20240525 28545
20240506 28478
20240526 28535
20240506 28478
20240527 28530
20240506 28478
20240528 28537
20240506 28478
20240529 28555
20240506 28478
20240530 28561
20240506 28478
20240531 28571
20240506 28478
20240601 28573
20240506 28478
20240602 28562
20240506 28478
20240603 28559
20240506 28478
20240604 28569
20240605 28569
20240606 28629
20240605 28569
20240609 28614
20240605 28569
20240611 28616
20240605 28569
20240612 28630
20240605 28569
20240613 28636
20240605 28569
20240614 28649
20240605 28569
20240615 28645
20240605 28569
20240616 28638
20240605 28569
20240617 28624
20240605 28569
20240618 28625
20240605 28569
20240620 28644
20240605 28569
20240621 28653
20240605 28569
20240622 28656
20240605 28569
20240623 28650
20240605 28569
20240624 28640
20240605 28569
20240626 28757
20240605 28569
20240627 28771
20240605 28569
20240628 28777
20240605 28569
20240629 28779
20240605 28569
20240630 28775
20240605 28569
20240701 28762
20240605 28569
20240702 28781
20240605 28569
20240703 28793
20240605 28569
20240704 28798
20240605 28569
20240705 28795
20240605 28569
20240706 28797
20240605 28569
20240707 28789
20240605 28569
20240708 28763
20240605 28569
20240709 28765
20240605 28569
20240710 28790
20240605 28569
20240711 28806
20240712 28806
20240713 28822
20240712 28806
20240714 28807
20240712 28806
20240715 28801
20240712 28806
20240716 28792
20240712 28806
20240717 28786
20240712 28806
20240718 28782
20240712 28806
20240719 28801
20240712 28806
20240720 28800
20240712 28806
20240721 28798
20240712 28806
20240722 28788
20240712 28806
20240723 28783
20240724 28783
20240725 28778
20240724 28783
20240726 28765
20240724 28783
20240727 28767
20240724 28783
20240728 28760
20240724 28783
20240729 28743
20240724 28783
20240730 28751
20240724 28783
20240731 28752
20240724 28783
20240801 28763
20240724 28783
20240802 28771
20240724 28783
20240803 28782
20240724 28783
20240804 28780
20240724 28783
20240805 28752
20240724 28783
20240806 28754
20240724 28783
20240807 28760
20240724 28783
20240808 28775
20240724 28783
20240809 28739
20240724 28783
20240810 28750
20240724 28783
20240811 28766
20240724 28783
20240812 28755
20240724 28783
20240813 28766
20240724 28783
20240814 28772
20240724 28783
20240815 28777
20240724 28783
20240816 28803
20240724 28783
20240817 28813
20240818 28813
20240819 28803
20240818 28813
20240820 28808
20240818 28813
20240821 28839
20240818 28813
20240822 28837
20240818 28813
20240823 28835
20240818 28813
20240824 28834
20240818 28813
20240825 28828
20240826 28828
20240827 28824
20240826 28828
20240828 28833
20240826 28828
20240829 28845
20240826 28828
20240830 28865
20240826 28828
20240831 28871
20240826 28828
20240901 28874
20240826 28828
20240902 28875
20240826 28828
20240903 28889
20240826 28828
20240904 28911
20240826 28828
20240905 28917
20240826 28828
20240906 28929
20240907 28929
20240908 28920
20240907 28929
20240909 28899
20240907 28929
20240910 28889
20240907 28929
20240911 28885
20240907 28929
20240912 28890
20240907 28929
20240913 28901
20240907 28929
20240914 28907
20240907 28929
20240915 28897
20240916 28897
20240917 28910
20240916 28897
20240918 28932
20240916 28897
20240919 28938
20240916 28897
20240920 28949
20240922 28949
