20230707 332
20230709 332
20230710 332
20230711 331
20230712 332
20230714 332
20230715 332
20230716 332
20230717 332
20230718 332
20230719 332
20230720 334
20230721 333
20230722 333
20230723 333
20230724 331
20230725 331
20230726 331
20230727 331
20230728 331
20230729 323
20230730 323
20230731 323
20230801 323
20230802 323
20230803 324
20230804 324
20230805 324
20230806 324
20230807 324
20230808 324
20230809 324
20230810 324
20230811 324
20230812 324
20230813 324
20230815 324
20230816 324
20230817 324
20230818 324
20230819 325
20230820 325
20230821 325
20230822 325
20230823 324
20230824 324
20230825 324
20230826 322
20230827 322
20230828 322
20230829 322
20230830 322
20230831 323
20230901 324
20230902 324
20230903 323
20230904 323
20230905 323
20230906 323
20230907 322
20230908 322
20230909 323
20230910 323
20230911 323
20230912 323
20230913 323
20230914 323
20230915 323
20230916 323
20230917 323
20230918 324
20230919 324
20230920 324
20230921 324
20230922 323
20230923 323
20230924 323
20230925 323
20230926 323
20230927 322
20230928 322
20230929 322
