20230707 10824
20230709 10830
20230710 10822
20230711 10824
20230712 10829
20230713 10830
20230714 10829
20230715 10821
20230716 10813
20230717 10812
20230718 10820
20230719 10821
20230720 10828
20230721 10830
20230722 10833
20230723 10837
20230724 10834
20230725 10833
20230726 10827
20230727 10834
20230728 10836
20230729 10836
20230730 10834
20230731 10835
20230801 10810
20230802 10802
20230803 10797
20230804 10799
20230805 10801
20230806 10883
20230807 10881
20230808 10876
20230809 10879
20230810 10877
20230811 10878
20230812 10881
20230813 10884
20230815 10888
20230816 10902
