20230707 1466
20230709 1466
20230710 1466
20230711 1465
20230712 1465
20230714 1465
20230715 1465
20230716 1465
20230717 1465
20230718 1465
20230719 1466
20230720 1465
20230721 1465
20230722 1464
20230723 1464
20230724 1463
20230725 1463
20230726 1463
20230727 1462
20230728 1462
20230729 1462
20230730 1462
20230731 1462
20230801 1462
20230802 1462
20230803 1461
20230804 1460
20230805 1460
20230806 1458
20230807 1458
20230808 1458
20230809 1459
20230810 1459
20230811 1459
20230812 1460
20230813 1460
20230815 1459
20230816 1459
20230817 1459
20230818 1459
20230819 1458
20230820 1458
20230821 1457
20230822 1457
20230823 1457
20230824 1455
20230825 1454
20230826 1453
20230827 1453
20230828 1453
20230829 1452
20230830 1452
20230831 1450
20230901 1450
20230902 1441
20230903 1441
20230904 1441
20230905 1441
20230906 1443
20230907 1443
20230908 1443
20230909 1443
20230910 1443
20230911 1444
20230912 1443
20230913 1443
20230914 1443
20230915 1444
20230916 1444
20230917 1444
20230918 1444
20230919 1444
20230920 1402
20230921 1402
20230922 1402
20230923 1402
20230924 1401
20230925 1401
20230926 1401
20230927 1401
20230928 1401
20230929 1401
20230930 1401
20231001 1400
20231002 1400
20231003 1399
20231005 1400
20231007 1400
20231008 1400
20231009 1400
20231010 1399
20231011 1399
20231012 1399
20231013 1399
20231014 1400
20231015 1400
20231016 1402
20231017 1401
20231018 1400
20231019 1400
20231020 1401
20231021 1401
20231022 1400
20231023 1399
20231024 1401
20231025 1400
20231026 1400
20231027 1400
20231028 1400
20231029 1400
20231030 1400
20231031 1400
20231101 1398
20231102 1399
20231103 1398
20231104 1398
20231105 1398
20231106 1398
20231107 1398
20231108 1398
20231109 1398
20231110 1397
20231111 1396
20231112 1396
20231113 1396
20231114 1395
20231115 1394
20231116 1394
20231117 1393
20231118 1396
20231120 1394
20231121 1394
20231122 1393
20231123 1393
20231124 1395
20231125 1395
20231126 1395
20231127 1396
20231128 1396
