20230707 41326
20230709 41317
20230710 41310
20230711 41329
20230712 41365
20230713 41382
20230714 41397
20230715 41410
20230716 41412
20230717 41419
20230718 41439
20230719 41449
20230720 41441
20230721 41445
20230722 41462
20230723 41456
20230724 41461
20230725 41500
20230726 41532
20230727 41548
20230728 41565
20230729 41567
20230730 41569
20230731 41568
20230801 41577
20230802 41595
20230803 41603
20230804 41610
20230805 41639
20230806 41632
20230807 41623
20230808 41655
20230809 41656
20230810 41676
20230811 41696
20230812 41717
20230813 41739
20230815 41763
20230816 41770
20230817 41783
20230818 41785
20230819 41810
20230820 41828
20230821 41820
20230822 41857
20230823 41858
20230824 41868
20230825 41889
20230826 41935
20230827 41915
20230828 41908
20230829 41898
20230830 41922
20230831 41935
20230901 41945
20230902 41956
20230903 41952
20230904 41970
20230905 41986
20230906 41997
20230907 42042
20230908 42062
20230909 42073
20230910 42056
20230911 42052
20230912 42058
20230913 42076
