20230707 295
20230709 295
20230710 295
20230711 295
20230712 295
20230714 295
20230715 295
20230716 295
20230717 295
20230718 295
20230719 295
20230720 295
20230721 295
20230722 295
20230723 295
20230724 295
20230725 295
20230726 295
20230727 295
20230728 295
20230729 294
20230730 294
20230731 294
20230801 294
20230802 294
20230803 294
20230804 294
20230805 294
20230806 293
20230807 293
20230808 293
20230809 292
20230810 293
20230811 293
20230812 293
20230813 293
20230815 293
20230816 293
20230817 293
20230818 291
20230819 291
20230820 291
20230821 291
20230822 291
20230823 291
20230824 291
20230825 290
20230826 290
20230827 290
20230828 290
20230829 290
20230830 290
20230831 290
20230901 290
20230902 290
20230903 290
20230904 290
20230905 290
20230906 290
20230907 290
20230908 290
20230909 291
20230910 292
20230911 292
20230912 292
20230913 292
20230914 292
20230915 292
20230916 292
20230917 292
20230918 292
20230919 292
20230920 292
20230921 292
20230922 292
20230923 292
20230924 290
20230925 290
20230926 290
20230927 290
20230928 290
20230929 290
20230930 290
20231001 290
20231002 290
20231003 290
20231005 291
20231007 292
20231008 292
20231009 291
20231010 291
20231011 291
20231012 291
20231013 291
20231014 291
20231015 291
20231016 290
20231017 290
20231018 290
20231019 284
20231020 285
20231021 285
20231022 285
20231023 285
20231024 285
20231025 285
20231026 285
20231027 284
20231028 284
20231029 284
20231030 284
20231031 284
20231101 284
20231102 284
20231103 284
20231104 284
20231105 283
20231106 283
20231107 283
20231108 283
20231109 285
20231110 286
20231111 286
20231112 286
20231113 286
20231114 285
20231115 285
20231116 285
20231117 285
20231118 285
20231120 285
