20230707 15308
20230709 15314
20230710 15316
20230711 15326
20230712 15334
20230713 15366
20230714 15370
20230715 15339
20230716 15476
20230717 15498
20230718 15503
20230719 15507
20230720 15521
20230721 15537
20230722 15539
20230723 15542
20230724 15554
20230725 15568
20230726 15588
20230727 15611
20230728 15634
20230729 15640
20230730 15678
20230731 15696
20230801 15716
20230802 15732
20230803 15758
20230804 15765
20230805 15772
20230806 15775
20230807 15792
20230808 15798
20230809 15813
20230810 15829
20230811 15859
20230812 15867
20230813 15875
20230815 15893
20230816 15913
20230817 15938
20230818 15955
20230819 15968
20230820 15977
20230821 15992
20230822 16003
20230823 16015
20230824 16022
20230825 16044
20230826 16047
20230827 16050
20230828 16052
20230829 16059
20230830 16107
20230831 16110
20230901 16119
20230902 16132
20230903 16137
20230904 16138
20230905 16138
20230906 16144
20230907 16148
20230908 16154
20230909 16176
20230910 16176
20230911 16186
20230912 16183
20230913 16176
20230914 16188
20230915 16192
20230916 16202
20230917 16206
20230918 16209
20230919 16224
20230920 15155
20230921 15158
20230922 15165
20230923 15162
20230924 15166
20230925 15167
20230926 15182
20230927 15183
20230928 15204
20230929 15203
20230930 15213
20231001 15225
