20230707 118806
20230709 118784
20230710 118760
20230711 118753
20230712 118775
20230713 118784
20230714 118781
20230715 118796
20230716 118777
20230717 118769
20230718 118748
20230719 118756
20230720 118759
20230721 118755
20230722 118754
20230723 118737
20230724 118716
20230725 118696
20230726 118713
20230727 118713
20230728 118703
20230729 118714
20230730 118718
20230731 118706
20230801 118727
20230802 118755
20230803 118767
20230804 118776
20230805 118799
20230806 118800
20230807 118791
20230808 118815
20230809 118812
20230810 118817
20230811 118803
20230812 118802
20230813 118786
20230815 118760
20230816 118757
20230817 118760
20230818 118753
20230819 118741
20230820 118735
20230821 118732
20230822 118731
20230823 118737
20230824 118735
20230825 118720
20230826 118669
20230827 118643
20230828 118626
20230829 118644
20230830 118674
20230831 118702
20230901 118701
20230902 118723
20230903 118712
20230904 118709
20230905 118712
20230906 118742
20230907 118776
20230908 118803
20230909 118820
20230910 118807
20230911 118783
20230912 118772
20230913 118796
20230914 118809
