20230707 18
20230709 18
20230710 18
20230711 18
20230712 18
20230714 18
20230715 18
20230716 18
20230717 18
20230718 18
20230719 18
20230720 18
20230721 18
20230722 18
20230723 18
20230724 18
20230725 18
20230726 18
20230727 18
20230728 18
20230729 18
20230730 18
20230731 18
20230801 18
20230802 18
20230803 18
20230804 18
20230805 18
20230806 18
20230807 18
20230808 18
20230809 18
20230810 18
20230811 18
20230812 18
20230813 18
20230815 18
20230816 18
20230817 18
20230818 18
20230819 18
20230820 18
20230821 18
20230822 18
20230823 18
20230824 18
20230825 18
20230826 18
20230827 18
20230828 18
20230829 18
20230830 18
20230831 18
20230901 18
20230902 18
20230903 18
20230904 18
20230905 18
20230906 18
20230907 18
20230908 18
20230909 18
20230910 18
20230911 18
20230912 18
20230913 18
20230914 18
20230915 18
20230916 18
20230917 18
20230918 18
20230919 18
20230920 15
20230921 15
20230922 15
20230923 15
20230924 15
20230925 15
20230926 15
20230927 15
20230928 15
20230929 15
20230930 15
20231001 15
20231002 15
20231003 15
20231005 15
20231007 15
20231008 15
20231009 15
20231010 15
20231011 15
20231012 15
20231013 15
20231014 15
20231015 15
20231016 15
20231017 15
20231018 15
20231019 15
20231020 15
20231021 15
20231022 15
20231023 15
20231024 15
20231025 15
20231026 15
20231027 15
20231028 15
20231029 15
20231030 15
20231031 15
20231101 15
20231102 15
20231103 15
20231104 15
20231105 15
