20230922 1075023
20230924 1075002
20230925 1075351
20230926 1076533
20230927 1076838
20230928 1077363
20230929 1079081
20230930 1079699
20231001 1079879
20231002 1080360
20231003 1080727
20231005 1081794
20231007 1082892
20231008 1083163
20231009 1083686
20231010 1083700
20231011 1083296
20231012 1084011
20231013 1082056
20231014 1081802
20231015 1080870
20231016 1080428
20231017 1080428
20231018 1080925
20231019 1080925
20231020 1082640
20231021 1083488
20231022 1083640
20231023 1084258
20231024 1084589
20231025 1083975
20231026 1084468
20231027 1084832
20231028 1085047
20231029 1085405
20231030 1085872
20231031 1086779
20231101 1087728
20231102 1087479
20231103 1087090
20231104 1087223
20231105 1087700
20231106 1087939
20231107 1087749
20231108 1087749
20231109 1088071
20231110 1088783
20231111 1089115
20231112 1089103
20231113 1088717
20231114 1089798
20231115 1090800
20231116 1090526
20231117 1090413
20231118 1090884
20231120 1091963
20231121 1092352
20231122 1092507
20231123 1093513
20231124 1094878
20231125 1093883
20231126 1095778
20231127 1096614
20231128 1097118
20231129 1096826
20231130 1096235
20231201 1097865
20231202 1097072
20231203 1098659
20231204 1098819
