20230707 7346
20230709 7349
20230710 7355
20230711 7355
20230712 7357
20230713 7359
20230714 7359
20230715 7360
20230716 7363
20230717 7363
20230718 7369
20230719 7369
20230720 7372
20230721 7376
20230722 7376
20230723 7378
20230724 7379
20230725 7380
20230726 7387
20230727 7387
20230728 7396
20230729 7398
20230730 7398
20230731 7399
20230801 7399
20230802 7410
20230803 7414
20230804 7414
20230805 7420
20230806 7421
20230807 7421
20230808 7423
20230809 7423
20230810 7430
20230811 7432
20230812 7439
20230813 7439
20230815 7442
20230816 7445
20230817 7446
20230818 7446
20230819 7448
20230820 7448
20230821 7448
20230822 7449
20230823 7449
20230824 7462
20230825 7462
20230826 7468
20230827 7468
20230828 7469
20230829 7470
20230830 7470
20230831 7472
20230901 7473
20230902 7473
20230903 7473
20230904 7473
20230905 7475
20230906 7476
20230907 7478
20230908 7479
20230909 7480
20230910 7480
20230911 7480
20230912 7480
20230913 7482
20230914 7486
20230915 7486
20230916 7492
20230917 7492
20230918 7492
20230919 7492
20230920 7493
20230921 7496
20230922 7497
20230923 7497
20230924 7504
20230925 7504
20230926 7506
20230927 7508
