20230707 41113
20230709 41108
20230710 41084
20230711 41072
20230712 41064
20230713 41054
20230714 41076
20230715 41069
20230716 41066
20230717 41067
20230718 41038
20230719 40990
20230720 40972
20230721 40960
20230722 40976
20230723 40965
20230724 40965
20230725 40958
20230726 40967
20230727 40973
20230728 40960
20230729 40966
20230730 40960
20230731 40950
20230801 40952
20230802 40951
20230803 40937
20230804 40927
20230805 40916
20230806 40909
20230807 40887
20230808 40902
20230809 40900
20230810 40896
20230811 40889
20230812 40877
20230813 40869
20230815 40862
20230816 40896
20230817 40888
20230818 40879
20230819 40871
20230820 40852
20230821 40856
20230822 40868
20230823 40869
20230824 40875
20230825 40867
20230826 40866
20230827 40863
20230828 40871
20230829 40877
20230830 40871
20230831 40867
20230901 40845
20230902 40859
20230903 40850
20230904 40850
20230905 40857
20230906 40861
20230907 40865
20230908 40875
20230909 40864
20230910 40865
20230911 40860
20230912 40866
20230913 40849
20230914 40847
20230915 40828
20230916 40824
20230917 40827
20230918 40821
20230919 40807
20230920 38884
20230921 38907
20230922 38899
20230923 38887
20230924 38902
20230925 38894
20230926 38886
20230927 38877
20230928 38878
20230929 38873
20230930 38883
20231001 38853
20231002 38832
20231003 38827
20231005 38834
20231007 38845
20231008 38840
20231009 38829
20231010 38815
20231011 38801
20231012 38803
20231013 38809
20231014 38796
