20230707 4052
20230709 4053
20230710 4052
20230711 4052
20230712 4051
20230713 4053
20230714 4053
20230715 4053
20230716 4060
20230717 4059
20230718 4057
20230719 4059
20230720 4063
20230721 4059
20230722 4058
20230723 4059
20230724 4057
20230725 4059
20230726 4052
20230727 4056
20230728 4052
20230729 4049
20230730 4049
20230731 4046
20230801 4047
20230802 4050
20230803 4050
20230804 4049
20230805 4048
20230806 4051
20230807 4049
20230808 4046
20230809 4047
20230810 4048
20230811 4049
20230812 4050
20230813 4055
20230815 4054
20230816 4051
20230817 4058
20230818 4069
20230819 4070
20230820 4076
