20230707 79
20230709 79
20230710 79
20230711 79
20230712 79
20230714 79
20230715 79
20230716 79
20230717 79
20230718 79
20230719 79
20230720 79
20230721 79
20230722 79
20230723 79
20230724 79
20230725 79
20230726 79
20230727 79
20230728 79
20230729 79
20230730 79
20230731 79
20230801 79
20230802 79
20230803 82
20230804 82
20230805 82
20230806 82
20230807 82
20230808 82
20230809 82
20230810 82
20230811 82
20230812 82
20230813 82
20230815 82
20230816 82
20230817 82
20230818 82
20230819 82
20230820 82
20230821 82
20230822 82
20230823 82
20230824 82
20230825 82
20230826 82
20230827 82
20230828 82
20230829 82
20230830 82
20230831 82
20230901 82
20230902 82
20230903 82
20230904 82
20230905 82
20230906 82
20230907 82
20230908 82
20230909 82
20230910 82
20230911 82
20230912 82
20230913 82
20230914 82
20230915 82
20230916 82
20230917 82
20230918 82
20230919 82
20230920 80
20230921 80
20230922 80
20230923 80
20230924 80
20230925 80
20230926 80
20230927 80
20230928 80
20230929 80
20230930 80
20231001 80
20231002 80
20231003 80
20231005 80
20231007 80
20231008 80
20231009 80
20231010 80
20231011 80
20231012 80
20231013 80
20231014 80
20231015 80
20231016 80
20231017 80
20231018 80
20231019 80
20231020 81
20231021 81
20231022 81
20231023 81
20231024 81
20231025 81
20231026 81
20231027 81
20231028 81
20231029 81
20231030 81
20231031 81
20231101 81
20231102 81
20231103 81
20231104 81
20231105 81
20231106 81
20231107 81
20231108 81
20231109 81
20231110 81
20231111 81
20231112 81
20231113 81
20231114 81
20231115 81
20231116 81
20231117 81
20231118 81
20231120 81
20231121 81
20231122 81
20231123 81
20231124 81
20231125 81
20231126 81
20231127 81
20231128 81
20231129 81
20231130 81
20231201 81
20231202 81
20231203 81
20231204 81
20231205 81
20231206 81
20231207 81
20231208 81
20231209 81
20231210 81
20231211 81
20231212 81
20231213 81
20231214 81
20231215 81
20231216 81
20231217 81
20231218 81
20231219 81
20231220 81
20231221 81
20231222 81
20231223 81
20231224 81
20231225 81
20231226 81
20231227 81
20231230 81
20231231 81
20240101 81
20240102 81
20240103 81
20240104 81
20240105 81
20240106 81
20240107 81
20240108 81
20240109 81
20240110 81
20240111 81
20240112 81
20240113 81
20240114 81
20240115 81
20240116 81
20240117 81
20240118 81
20240119 81
20240120 82
20240121 82
20240122 82
20240124 82
20240125 82
20240126 82
20240127 82
20240128 82
20240129 82
20240130 82
20240131 82
20240201 82
20240202 82
20240203 82
20240204 82
20240205 82
20240206 82
20240207 82
20240208 82
20240209 82
20240210 82
20240211 82
20240212 82
20240213 82
20240214 82
20240215 82
20240216 83
20240217 83
20240218 83
20240219 83
20240220 83
20240221 83
20240222 83
20240223 83
20240224 83
20240225 83
20240226 83
20240227 83
20240228 83
20240229 83
20240301 85
20240302 85
20240303 85
20240304 85
20240305 85
20240306 85
20240307 85
20240308 85
20240309 85
20240310 85
20240311 85
20240312 85
20240313 85
20240314 85
20240315 85
20240316 85
20240317 85
20240318 85
20240319 85
