20230922 1261134
20230924 1257066
20230925 1255884
20230926 1254395
20230927 1251908
20230928 1250776
20230929 1245971
20230930 1243918
20231001 1241436
20231002 1239764
20231003 1238381
20231005 1235117
20231007 1233793
20231008 1233200
20231009 1232569
20231010 1231840
20231011 1231574
20231012 1231331
20231013 1231600
20231014 1231772
20231015 1232133
20231016 1232438
20231017 1232438
20231018 1229240
20231019 1229240
20231020 1227872
20231021 1227244
20231022 1226610
20231023 1225819
20231024 1225204
20231025 1224636
20231026 1224186
20231027 1224663
20231028 1223577
20231029 1222251
20231030 1221964
20231031 1221570
20231101 1221152
20231102 1221319
