20230707 560586
20230709 561748
20230710 573193
20230711 578693
20230712 574687
20230713 575479
20230714 578216
20230715 579779
20230716 580537
20230717 581172
20230718 583453
20230719 584503
20230720 585614
20230721 586537
20230722 587664
20230723 588630
20230724 589307
20230725 591124
20230726 590242
20230727 591262
20230728 592217
20230729 593550
20230730 595488
20230731 595656
20230801 598653
20230802 603437
20230803 605143
20230804 604592
20230805 605143
20230806 606025
20230807 605606
20230808 616564
20230809 617856
20230810 634537
20230811 650407
20230812 653946
20230813 654675
20230815 697015
20230816 714685
20230817 726945
20230818 737789
20230819 738675
20230820 741610
20230821 743902
20230822 744859
20230823 745796
20230824 746619
20230825 748145
20230826 750186
