20230922 2851
20230924 2853
20230925 2853
20230926 2854
20230927 2855
20230928 2855
20230929 2856
20230930 2858
20231001 2856
20231002 2861
20231003 2866
20231005 2870
20231007 2872
20231008 2872
20231009 2873
20231010 2873
20231011 2873
20231012 2876
20231013 2876
20231014 2879
20231015 2879
20231016 2881
20231017 2881
20231018 2881
20231019 2881
20231020 2884
20231021 2885
20231022 2894
20231023 2894
20231024 2894
20231025 2894
20231026 2894
20231027 2891
20231028 2892
20231029 2892
20231030 2892
20231031 2894
20231101 2895
20231102 2897
20231103 2898
20231104 2898
20231105 2900
20231106 2900
20231107 2901
20231108 2901
20231109 2908
