20230707 3717700
20230709 3715679
20230711 3716332
20230712 3716656
20230713 3716912
20230714 3717227
20230715 3717297
20230716 3717342
20230717 3717457
20230718 3717457
20230719 3718466
20230720 3718804
20230721 3719175
20230722 3719175
20230723 3719175
20230724 3719356
20230725 3719755
20230726 3720285
20230727 3720705
20230728 3721129
20230729 3721018
20230730 3721140
20230731 3720898
20230801 3720209
20230802 3720509
20230803 3720930
20230804 3721464
20230805 3721876
20230806 3722127
20230807 3721774
20230808 3722188
20230809 3720802
20230810 3721154
20230811 3721677
20230812 3722261
20230813 3722282
20230815 3723628
20230816 3723753
20230817 3724240
20230818 3724506
