20230707 57
20230709 57
20230710 57
20230711 57
20230712 57
20230714 57
20230715 57
20230716 57
20230717 57
20230718 57
20230719 57
20230720 57
20230721 57
20230722 57
20230723 57
20230724 57
20230725 57
20230726 57
20230727 57
20230728 57
20230729 57
20230730 57
20230731 57
20230801 57
20230802 57
20230803 58
20230804 58
20230805 58
20230806 58
20230807 58
20230808 58
20230809 58
20230810 58
20230811 58
20230812 58
20230813 58
20230815 58
20230816 58
20230817 58
20230818 58
20230819 58
20230820 58
20230821 58
20230822 58
20230823 58
20230824 58
20230825 58
20230826 58
20230827 58
20230828 58
20230829 58
20230830 58
