20230707 33018
20230709 33027
20230710 33043
20230711 33059
20230712 33089
20230713 33128
20230714 33169
20230715 33222
20230716 33249
20230717 33258
20230718 33272
20230719 33301
20230720 33350
20230721 33410
20230722 33449
20230723 33495
20230724 33502
20230725 33536
20230726 33577
20230727 33619
20230728 33642
20230729 33670
20230730 33701
20230731 33804
20230801 33816
20230802 33845
20230803 33910
20230804 33950
20230805 33975
20230806 33982
20230807 33995
20230808 34069
20230809 34095
20230810 34132
20230811 34148
20230812 34164
20230813 34171
20230815 34211
20230816 34240
20230817 34267
20230818 34305
20230819 34312
20230820 34319
20230821 34334
20230822 34357
20230823 34366
20230824 34396
20230825 34412
