20230707 3657
20230709 3658
20230710 3662
20230711 3665
20230712 3663
20230713 3662
20230714 3661
20230715 3666
20230716 3667
20230717 3672
20230718 3667
20230719 3664
20230720 3662
20230721 3659
20230722 3662
20230723 3659
20230724 3656
20230725 3657
20230726 3661
20230727 3691
20230728 3705
20230729 3720
20230730 3752
20230731 3764
20230801 3770
20230802 3779
20230803 3774
20230804 3767
20230805 3768
20230806 3761
20230807 3761
20230808 3757
20230809 3753
20230810 3746
20230811 3742
20230812 3732
20230813 3726
20230815 3725
20230816 3730
20230817 3732
20230818 3692
20230819 3696
20230820 3697
20230821 3693
20230822 3697
20230823 3660
20230824 3638
20230825 3632
20230826 3624
20230827 3611
20230828 3609
20230829 3607
20230830 3607
20230831 3608
20230901 3578
20230902 3555
20230903 3552
20230904 3545
20230905 3546
20230906 3550
20230907 3553
20230908 3557
20230909 3559
20230910 3555
20230911 3556
20230912 3558
20230913 3558
20230914 3559
20230915 3557
20230916 3557
20230917 3556
20230918 3558
20230919 3557
20230920 3397
20230921 3398
20230922 3406
20230923 3405
20230924 3401
20230925 3396
20230926 3382
20230927 3384
20230928 3385
20230929 3386
20230930 3388
20231001 3392
20231002 3394
