20230707 1996
20230709 1996
20230710 1994
20230711 1993
20230712 1990
20230714 1990
20230715 1990
20230716 1989
20230717 1987
20230718 1987
20230719 1987
20230720 1989
20230721 1989
20230722 1990
20230723 1987
20230724 1985
20230725 1985
20230726 1986
20230727 1984
20230728 1984
20230729 1985
20230730 1986
20230731 1985
20230801 1985
20230802 1980
20230803 1980
20230804 1981
20230805 1981
20230806 1981
20230807 1980
20230808 1980
20230809 1980
20230810 1980
20230811 1980
20230812 1985
20230813 1984
20230815 1984
20230816 1983
20230817 1984
20230818 1985
20230819 1984
20230820 1984
20230821 1984
20230822 1984
20230823 1984
20230824 1981
20230825 1981
20230826 1982
20230827 1982
20230828 1983
20230829 1982
20230830 1979
20230831 1980
20230901 1980
