20230707 32815
20230709 32808
20230710 32803
20230711 32797
20230712 32791
20230713 32801
20230714 32807
20230715 32819
20230716 32804
20230717 32812
20230718 32805
20230719 32803
20230720 32813
20230721 32824
20230722 32827
20230723 32815
20230724 32815
20230725 32807
20230724 32815
20230726 32755
20230724 32815
20230727 32721
20230724 32815
20230728 32621
20230724 32815
20230729 32618
20230724 32815
20230730 32609
20230724 32815
20230731 32612
20230724 32815
20230801 32616
20230802 32616
20230803 32630
20230802 32616
20230804 32633
20230802 32616
20230805 32638
20230802 32616
20230806 32649
20230802 32616
20230807 32646
20230802 32616
20230808 32658
20230802 32616
20230809 32668
20230802 32616
20230810 32672
20230802 32616
20230811 32692
20230802 32616
20230812 32683
20230813 32683
20230815 32687
20230813 32683
20230816 32691
20230813 32683
20230817 32693
20230813 32683
20230818 32706
20230813 32683
20230819 32711
20230813 32683
20230820 32714
20230813 32683
20230821 32719
20230813 32683
20230822 32727
20230813 32683
20230823 32720
20230813 32683
20230824 32729
20230813 32683
20230825 32737
20230813 32683
20230826 32733
20230813 32683
20230827 32734
20230813 32683
20230828 32731
20230813 32683
20230829 32753
20230813 32683
20230830 32764
20230813 32683
20230831 32823
20230813 32683
20230901 32946
20230813 32683
20230902 32971
20230813 32683
20230903 32961
20230813 32683
20230904 32977
20230813 32683
20230905 32982
20230813 32683
20230906 33000
20230813 32683
20230907 32990
20230813 32683
20230908 32989
20230813 32683
20230909 32986
20230813 32683
20230910 32983
20230813 32683
20230911 32985
20230813 32683
20230912 32986
20230813 32683
20230913 32987
20230813 32683
20230914 32990
20230813 32683
20230915 33001
20230813 32683
20230916 32989
20230813 32683
20230917 32981
20230813 32683
20230918 32970
20230813 32683
20230919 32975
20230813 32683
20230920 30912
20230813 32683
20230921 30926
20230813 32683
20230922 30927
20230813 32683
20230923 30936
20230813 32683
20230924 30929
20230813 32683
20230925 30933
20230813 32683
20230926 30928
20230813 32683
20230927 30941
20230813 32683
20230928 30943
20230813 32683
20230929 30939
20230813 32683
20230930 30943
20230813 32683
20231001 30941
20230813 32683
20231002 30930
20230813 32683
20231003 30933
20230813 32683
20231005 30963
20230813 32683
20231007 30969
20230813 32683
20231008 30978
20230813 32683
20231009 30984
20230813 32683
20231010 30981
20230813 32683
20231011 30983
20230813 32683
20231012 30974
20230813 32683
20231013 30977
20230813 32683
20231014 30992
20230813 32683
20231015 30986
20230813 32683
20231016 30976
20230813 32683
20231017 30990
20230813 32683
20231018 30968
20230813 32683
20231019 30980
20230813 32683
20231020 30998
20231022 30998
20231023 30991
20231022 30998
20231024 30928
20231022 30998
20231025 30921
20231022 30998
20231026 30922
20231022 30998
20231027 30988
20231022 30998
20231028 30981
20231022 30998
20231029 30974
20231022 30998
20231030 30936
20231022 30998
20231031 30926
20231022 30998
20231101 30919
20231022 30998
20231102 30912
20231022 30998
20231103 30903
20231022 30998
20231104 30897
20231022 30998
20231105 30906
20231022 30998
20231106 30910
20231022 30998
20231107 30911
20231022 30998
20231108 30915
20231022 30998
20231109 30901
20231022 30998
20231110 30906
20231022 30998
20231111 30925
20231022 30998
20231112 30920
20231022 30998
20231113 30896
20231022 30998
20231114 30904
20231022 30998
20231115 30919
20231022 30998
20231116 30923
20231022 30998
20231117 31005
20231022 30998
20231118 31001
20231022 30998
20231120 30956
20231022 30998
20231121 30962
20231022 30998
20231122 30949
20231022 30998
20231123 30946
20231022 30998
20231124 30949
20231022 30998
20231125 30899
20231022 30998
20231126 30893
20231022 30998
20231127 30886
20231022 30998
20231128 30893
20231022 30998
20231129 31038
20231022 30998
20231130 31037
20231022 30998
20231201 31034
20231202 31034
20231203 31029
20231202 31034
20231204 31028
20231202 31034
20231205 31035
20231206 31035
20231207 31045
20231206 31035
20231208 31058
20231206 31035
20231209 31063
20231206 31035
20231210 31059
20231206 31035
20231211 31047
20231206 31035
20231212 31049
20231206 31035
20231213 31052
20231206 31035
20231214 31051
20231206 31035
20231215 31040
20231206 31035
20231216 31041
20231206 31035
20231217 31046
20231206 31035
20231218 31042
20231206 31035
20231219 31036
20231206 31035
20231220 31047
20231206 31035
20231221 31055
20231206 31035
20231222 31080
20231206 31035
20231223 31083
20231206 31035
20231224 31070
20231206 31035
20231225 31055
20231206 31035
20231226 31044
20231206 31035
20231227 31049
20231206 31035
20231230 31038
20231206 31035
20231231 31086
20231206 31035
20240101 31074
20231206 31035
20240102 31070
20231206 31035
20240103 31073
20231206 31035
20240104 31076
20231206 31035
20240105 31078
20231206 31035
20240106 31119
20231206 31035
20240107 31116
20231206 31035
20240108 31115
20231206 31035
20240109 31120
20231206 31035
20240110 31132
20231206 31035
20240111 31170
20231206 31035
20240112 31186
20231206 31035
20240113 31192
20231206 31035
20240114 31180
20231206 31035
20240115 31182
20231206 31035
20240116 31209
20231206 31035
20240117 31214
20231206 31035
20240118 31219
20231206 31035
20240119 31222
20231206 31035
20240120 31218
20231206 31035
20240121 31225
20231206 31035
20240122 31226
20231206 31035
20240124 31242
20231206 31035
20240125 31247
20231206 31035
20240126 31256
20231206 31035
20240127 31259
20231206 31035
20240128 31260
20231206 31035
20240129 31235
20231206 31035
20240130 31253
20231206 31035
20240131 31273
20231206 31035
20240201 31286
20231206 31035
20240202 31289
20231206 31035
20240203 31291
20231206 31035
20240204 31300
20231206 31035
20240205 31302
20231206 31035
20240206 31320
20231206 31035
20240207 31338
20231206 31035
20240208 31354
20231206 31035
20240209 31359
20231206 31035
20240210 31373
20240211 31373
20240212 31376
20240211 31373
20240213 31384
20240211 31373
20240214 31387
20240211 31373
20240215 31398
20240211 31373
20240216 31412
20240211 31373
20240217 31423
20240211 31373
20240218 31421
20240211 31373
20240219 31425
20240211 31373
20240220 31417
20240211 31373
20240221 31441
20240211 31373
20240222 31457
20240211 31373
20240223 31471
20240211 31373
20240224 31468
20240225 31468
20240226 31459
20240225 31468
20240227 31471
20240225 31468
20240228 31470
20240225 31468
20240229 31476
20240225 31468
20240301 31492
20240225 31468
20240302 31499
20240225 31468
20240303 31495
20240225 31468
20240304 31502
20240225 31468
20240305 31504
20240225 31468
20240306 31508
20240225 31468
20240307 31502
20240225 31468
20240308 31512
20240225 31468
20240309 31509
20240225 31468
20240310 31510
20240225 31468
20240311 31520
20240225 31468
20240312 31535
20240225 31468
20240313 31537
20240225 31468
20240314 31546
20240225 31468
20240315 31558
20240225 31468
20240316 31566
20240225 31468
20240317 31559
20240225 31468
20240318 31563
20240225 31468
20240319 31544
20240225 31468
20240320 31542
20240225 31468
20240321 31541
20240225 31468
20240322 31533
20240225 31468
20240323 31528
20240324 31528
20240325 31525
20240324 31528
20240326 31518
20240324 31528
20240327 31522
20240324 31528
20240328 31525
20240324 31528
20240329 31531
20240324 31528
20240330 31539
20240324 31528
20240331 31524
20240324 31528
20240401 31516
20240324 31528
20240402 31519
20240324 31528
20240403 31524
20240324 31528
20240404 31532
20240324 31528
20240405 31543
20240324 31528
20240406 31533
20240324 31528
20240407 31521
20240324 31528
20240408 31518
20240324 31528
20240409 31520
20240324 31528
20240410 31526
20240411 31528
20240324 31528
20240412 31555
20240324 31528
20240413 31552
20240324 31528
20240415 31534
20240324 31528
20240416 31531
20240324 31528
20240417 31538
20240324 31528
20240418 31535
20240419 31535
20240420 31521
20240419 31535
20240421 31518
20240419 31535
20240422 31519
20240419 31535
20240423 31523
20240419 31535
20240424 31532
20240419 31535
20240425 31533
20240419 31535
20240426 31527
20240419 31535
20240427 31532
20240419 31535
20240428 31523
20240419 31535
20240429 31515
20240419 31535
20240430 31516
20240419 31535
20240501 31528
20240419 31535
20240503 31522
20240419 31535
20240504 31530
20240419 31535
20240505 31525
20240419 31535
20240506 31511
20240419 31535
20240507 31521
20240419 31535
20240508 31524
20240419 31535
20240509 31526
20240419 31535
20240510 31525
20240419 31535
20240511 31545
20240419 31535
20240512 31548
20240419 31535
20240513 31539
20240419 31535
20240514 31547
20240419 31535
20240515 31552
20240419 31535
20240516 31557
20240419 31535
20240517 31561
20240419 31535
20240518 31555
20240419 31535
20240519 31554
20240419 31535
20240520 31547
20240419 31535
20240521 31549
20240419 31535
20240522 31541
20240419 31535
20240523 31546
20240419 31535
20240524 31558
20240419 31535
20240525 31568
20240419 31535
20240526 31558
20240419 31535
20240527 31566
20240419 31535
20240528 31555
20240419 31535
20240529 31547
20240419 31535
20240530 31571
20240419 31535
20240531 31594
20240419 31535
20240601 31588
20240419 31535
20240602 31590
20240419 31535
20240603 31589
20240419 31535
20240604 31587
20240419 31535
20240605 31586
20240419 31535
20240606 31604
20240419 31535
20240609 31614
20240419 31535
20240611 31609
20240419 31535
20240612 31625
20240419 31535
20240613 31626
20240419 31535
20240614 31629
20240419 31535
20240615 31630
20240419 31535
20240616 31618
20240419 31535
20240617 31599
20240419 31535
20240618 31609
20240419 31535
20240620 31617
20240419 31535
20240621 31622
20240419 31535
20240622 31631
20240419 31535
20240623 31637
20240419 31535
20240624 31634
20240419 31535
20240626 31741
20240419 31535
20240627 31742
20240419 31535
20240628 31748
20240419 31535
20240629 31746
20240419 31535
20240630 31747
20240419 31535
20240701 31720
20240419 31535
20240702 31723
20240419 31535
20240703 31721
20240704 31721
20240705 31695
20240704 31721
20240706 31690
20240704 31721
20240707 31680
20240704 31721
20240708 31679
20240704 31721
20240709 31686
20240704 31721
20240710 31695
20240704 31721
20240711 31693
20240704 31721
20240712 31698
20240704 31721
20240713 31713
20240704 31721
20240714 31710
20240704 31721
20240715 31694
20240704 31721
20240716 31698
20240704 31721
20240717 31693
20240704 31721
20240718 31702
20240704 31721
20240719 31714
20240704 31721
20240720 31725
20240721 31721
20240704 31721
20240722 31724
20240704 31721
20240723 31715
20240724 31715
20240725 31727
20240724 31715
20240726 31721
20240724 31715
20240727 31719
20240724 31715
20240728 31716
20240724 31715
20240729 31722
20240724 31715
20240730 31732
20240724 31715
20240731 31735
20240724 31715
20240801 31744
20240724 31715
20240802 31750
20240724 31715
20240803 31747
20240724 31715
20240804 31753
20240724 31715
20240805 31759
20240724 31715
20240806 31753
20240724 31715
20240807 31760
20240724 31715
20240808 31768
20240724 31715
20240809 31782
20240724 31715
20240810 31814
20240811 31814
20240812 31809
20240811 31814
20240813 31803
20240811 31814
20240814 31796
20240815 31796
20240816 31805
20240815 31796
20240817 31792
20240815 31796
20240818 31786
20240815 31796
20240819 31779
20240815 31796
20240820 31782
20240815 31796
20240821 31793
20240815 31796
20240822 31795
20240815 31796
20240823 31800
20240815 31796
20240824 31794
20240815 31796
20240825 31776
20240815 31796
20240826 31773
20240815 31796
20240827 31778
20240815 31796
20240828 31793
20240815 31796
20240829 31789
20240815 31796
20240830 31790
20240815 31796
20240831 31795
20240815 31796
20240901 31802
20240815 31796
20240902 31803
20240815 31796
20240903 31798
20240815 31796
20240904 31813
20240815 31796
20240905 31818
20240815 31796
20240906 31821
20240908 31821
20240909 31836
20240908 31821
20240910 31842
20240908 31821
20240911 31856
20240908 31821
20240912 31861
20240908 31821
20240913 31857
20240908 31821
20240914 31862
20240908 31821
20240915 31861
20240908 31821
20240916 31862
20240908 31821
20240917 31863
20240908 31821
20240918 31856
20240908 31821
20240919 31865
20240908 31821
20240920 31867
20240908 31821
20240921 31866
20240908 31821
20240921 31870
20240908 31821
20240922 31866
20240908 31821
20240925 31890
20240908 31821
20240926 31893
20240926 31893
