20230707 18890
20230710 18890
20230711 18890
20230712 18890
20230714 18890
20230715 18890
20230716 18890
20230717 18890
20230718 18890
20230719 18890
20230720 18890
20230721 18890
20230722 18890
20230723 18890
20230724 18890
20230725 18890
20230726 18890
20230727 18890
20230728 18890
20230729 18890
20230730 18890
20230731 18890
20230801 18890
20230802 18890
20230803 18890
20230804 18890
20230805 18890
20230806 18890
20230807 18890
20230808 18890
20230809 18890
20230810 18890
20230811 19300
20230812 19300
20230813 19300
20230815 19300
20230816 19300
20230817 19300
20230818 19300
20230819 19300
20230820 19300
20230821 19300
20230822 19300
20230823 19300
20230824 19300
20230825 19300
20230826 19300
20230827 19300
20230828 19300
20230829 19300
20230830 19300
20230831 19300
20230901 19300
20230902 19300
20230903 19300
