20230707 35
20230709 35
20230710 35
20230711 35
20230712 35
20230714 35
20230715 35
20230716 35
20230717 35
20230718 35
20230719 35
20230720 35
20230721 35
20230722 35
20230723 35
20230724 35
20230725 35
20230726 35
20230727 35
20230728 35
20230729 35
20230730 35
20230731 35
20230801 35
20230802 35
20230803 35
20230804 35
20230805 35
20230806 35
20230807 35
20230808 35
20230809 35
20230810 35
20230811 35
20230812 35
20230813 35
20230815 35
20230816 35
20230817 35
20230818 35
20230819 35
20230820 35
20230821 35
20230822 35
20230823 35
