20230707 155
20230709 155
20230710 155
20230711 155
20230712 155
20230714 155
20230715 155
20230716 155
20230717 155
20230718 155
20230719 155
20230720 155
20230721 155
20230722 155
20230723 155
20230724 155
20230725 155
20230726 155
20230727 155
20230728 155
20230729 155
20230730 155
20230731 155
20230801 155
20230802 155
20230803 155
20230804 155
20230805 155
20230806 155
20230807 155
20230808 155
20230809 155
20230810 155
20230811 155
20230812 155
20230813 155
20230815 155
20230816 155
20230817 155
20230818 155
20230819 155
20230820 155
20230821 155
20230822 155
20230823 155
20230824 155
