20230707 33534
20230709 33538
20230710 33528
20230711 33512
20230712 33492
20230713 33512
20230714 33517
20230715 33520
20230716 33509
20230717 33512
20230718 33499
20230719 33486
20230720 33399
20230721 33372
20230722 33413
20230723 33407
20230724 33396
20230725 33394
20230726 33401
20230727 33403
20230728 33408
20230729 33410
20230730 33430
20230731 33440
20230801 33441
20230802 33443
20230803 33441
20230804 33439
20230805 33445
20230806 33447
20230807 33444
20230808 33450
20230809 33442
20230810 33459
20230811 33458
20230812 33468
20230813 33454
20230815 33446
20230816 33464
20230817 33575
20230818 33574
20230819 33582
20230820 33605
20230821 33592
20230822 33608
20230823 33632
20230824 33646
20230825 33655
20230826 33664
20230827 33653
20230828 33640
20230829 33656
20230830 33657
20230831 33672
20230901 33670
20230902 33679
20230903 33667
20230904 33648
20230905 33659
20230906 33655
20230907 33656
20230908 33658
20230909 33668
20230910 33659
20230911 33658
20230912 33644
20230913 33650
20230914 33669
20230915 33653
20230916 33642
20230917 33617
20230918 33601
20230919 33601
20230920 31233
20230919 33601
20230921 31223
20230919 33601
20230922 31227
20230919 33601
20230923 31218
20230919 33601
20230924 31187
20230919 33601
20230925 31177
20230919 33601
20230926 31167
20230919 33601
20230927 31172
20230919 33601
20230928 31175
20230919 33601
20230929 31177
20230919 33601
20230930 31187
20230919 33601
20231001 31184
20230919 33601
20231002 31194
20230919 33601
20231003 31204
20230919 33601
20231005 31216
20230919 33601
20231007 31209
20230919 33601
20231008 31224
20230919 33601
20231009 31231
20230919 33601
20231010 31233
20230919 33601
20231011 31239
20230919 33601
20231012 31240
20230919 33601
20231013 31256
20230919 33601
20231014 31250
20230919 33601
20231015 31246
20230919 33601
20231016 31230
20230919 33601
20231017 31236
20230919 33601
20231018 31205
20231019 31205
20231020 31204
20231019 31205
20231021 31209
20231019 31205
20231022 31203
20231019 31205
20231023 31194
20231019 31205
20231024 31203
20231025 31203
20231026 31215
20231025 31203
20231027 31213
20231025 31203
20231028 31208
20231025 31203
20231029 31210
20231025 31203
20231030 31212
20231025 31203
20231031 31213
20231025 31203
20231101 31204
20231025 31203
20231102 31202
20231025 31203
20231103 31181
20231025 31203
20231104 31188
20231025 31203
20231105 31186
20231025 31203
20231106 31243
20231025 31203
20231107 31254
20231025 31203
20231108 31264
20231025 31203
20231109 31280
20231025 31203
20231110 31283
20231025 31203
20231111 31289
20231025 31203
20231112 31275
20231025 31203
20231113 31276
20231025 31203
20231114 31241
20231025 31203
20231115 31239
20231116 31239
20231117 31267
20231116 31239
20231118 31240
20231116 31239
20231120 31191
20231116 31239
20231121 31174
20231116 31239
20231122 31150
20231116 31239
20231123 31145
20231116 31239
20231124 31117
20231116 31239
20231125 31134
20231116 31239
20231126 31232
20231116 31239
20231127 31227
20231116 31239
20231128 31223
20231116 31239
20231129 31258
20231116 31239
20231130 31263
20231116 31239
20231201 31261
20231116 31239
20231202 31244
20231116 31239
20231203 31245
20231116 31239
20231204 31233
20231116 31239
20231205 31218
20231116 31239
20231206 31208
20231116 31239
20231207 31205
20231116 31239
20231208 31204
20231116 31239
20231209 31193
20231116 31239
20231210 31195
20231116 31239
20231211 31190
20231116 31239
20231212 31186
20231116 31239
20231213 31195
20231116 31239
20231214 31199
20231116 31239
20231215 31198
20231116 31239
20231216 31178
20231116 31239
20231217 31167
20231116 31239
20231218 31153
20231116 31239
20231219 31144
20231116 31239
20231220 31146
20231116 31239
20231221 31130
20231116 31239
20231222 31141
20231116 31239
20231223 31120
20231116 31239
20231224 31113
20231116 31239
20231225 31111
20231116 31239
20231226 31068
20231116 31239
20231227 30985
20231116 31239
20231230 31104
20231116 31239
20231231 31089
20231116 31239
20240101 31064
20231116 31239
20240102 31051
20231116 31239
20240103 31057
20231116 31239
20240104 31061
20231116 31239
20240105 31056
20231116 31239
20240106 31061
20231116 31239
20240107 31071
20231116 31239
20240108 31062
20231116 31239
20240109 31029
20231116 31239
20240110 31031
20231116 31239
20240111 31022
20240112 31022
20240113 31009
20240114 31009
20240115 31019
20240114 31009
20240116 31017
20240114 31009
20240117 31025
20240114 31009
20240118 31022
20240114 31009
20240119 30975
20240114 31009
20240120 30969
20240114 31009
20240121 30978
20240114 31009
20240122 30985
20240114 31009
20240124 30996
20240114 31009
20240125 30982
20240114 31009
20240126 30981
20240114 31009
20240127 30982
20240114 31009
20240128 30981
20240129 30981
20240130 30980
20240129 30981
20240131 30963
20240129 30981
20240201 30965
20240129 30981
20240202 30975
20240129 30981
20240203 30971
20240129 30981
20240204 30975
20240129 30981
20240205 30963
20240129 30981
20240206 30968
20240129 30981
20240207 30964
20240129 30981
20240208 30969
20240129 30981
20240209 30977
20240210 30981
20240129 30981
20240211 30971
20240129 30981
20240212 30962
20240129 30981
20240213 30961
20240129 30981
20240214 30955
20240129 30981
20240215 30958
20240129 30981
20240216 30960
20240129 30981
20240217 30948
20240218 30948
20240219 30940
20240218 30948
20240220 30954
20240218 30948
20240221 30968
20240218 30948
20240222 30965
20240218 30948
20240223 30982
20240218 30948
20240224 30985
20240218 30948
20240225 30988
20240218 30948
20240226 30998
20240218 30948
20240227 30965
20240218 30948
20240228 30979
20240218 30948
20240229 30976
20240218 30948
20240301 30983
20240218 30948
20240302 30980
20240218 30948
20240303 30956
20240218 30948
20240304 30949
20240218 30948
20240305 30960
20240218 30948
20240306 30962
20240218 30948
20240307 30979
20240218 30948
20240308 30999
20240218 30948
20240309 31017
20240218 30948
20240310 31032
20240218 30948
20240311 31040
20240218 30948
20240312 31048
20240218 30948
20240313 31047
20240218 30948
20240314 31058
20240218 30948
20240315 31067
20240218 30948
20240316 31047
20240218 30948
20240317 31051
20240218 30948
20240318 31040
20240218 30948
20240319 31049
20240218 30948
20240320 31062
20240218 30948
20240321 31081
20240218 30948
20240322 31087
20240218 30948
20240323 31104
20240218 30948
20240324 31106
20240218 30948
20240325 31098
20240218 30948
20240326 31095
20240218 30948
20240327 31110
20240218 30948
20240328 31120
20240218 30948
20240329 31126
20240218 30948
20240330 31119
20240218 30948
20240331 31120
20240218 30948
20240401 31117
20240218 30948
20240402 31112
20240218 30948
20240403 31085
20240218 30948
20240404 31087
20240218 30948
20240405 31110
20240218 30948
20240406 31114
20240218 30948
20240407 31101
20240218 30948
20240408 31104
20240218 30948
20240409 31100
20240218 30948
20240410 31111
20240218 30948
20240411 31103
20240218 30948
20240412 31116
20240218 30948
20240413 31107
20240218 30948
20240415 31088
20240218 30948
20240416 31093
20240218 30948
20240417 31095
20240218 30948
20240418 31107
20240218 30948
20240419 31104
20240218 30948
20240420 31096
20240218 30948
20240421 31091
20240218 30948
20240422 31083
20240218 30948
20240423 31072
20240218 30948
20240424 31064
20240218 30948
20240425 31066
20240218 30948
20240426 31059
20240218 30948
20240427 31038
20240218 30948
20240428 31030
20240218 30948
20240429 31018
20240218 30948
20240430 31019
20240218 30948
20240501 31010
20240218 30948
20240503 31028
20240218 30948
20240504 31013
20240218 30948
20240505 30990
20240218 30948
20240506 30943
20240218 30948
20240507 30932
20240218 30948
20240508 30934
20240218 30948
20240509 30932
20240218 30948
20240510 30958
20240218 30948
20240511 30953
20240218 30948
20240512 30932
20240218 30948
20240513 30943
20240218 30948
20240514 30928
20240218 30948
20240515 30935
20240218 30948
20240516 30951
20240218 30948
20240517 30960
20240218 30948
20240518 30955
20240218 30948
20240519 30962
20240218 30948
20240520 30957
20240218 30948
20240521 30951
20240218 30948
20240522 30961
20240218 30948
20240523 30956
20240524 30956
20240525 30948
20240524 30956
20240526 30942
20240524 30956
20240527 30925
20240524 30956
20240528 30923
20240524 30956
20240529 30945
20240524 30956
20240530 30936
20240524 30956
20240531 30941
20240524 30956
20240601 30959
20240524 30956
20240602 30966
20240524 30956
20240603 30960
20240524 30956
20240604 30970
20240524 30956
20240605 30978
20240524 30956
20240606 30981
20240524 30956
20240609 30937
20240524 30956
20240611 30912
20240524 30956
20240612 30914
20240613 30914
20240614 30894
20240613 30914
20240615 30869
20240613 30914
20240616 30857
20240613 30914
20240617 30855
20240613 30914
20240618 30847
20240620 30847
20240621 30866
20240620 30847
20240622 30878
20240620 30847
20240623 30879
20240620 30847
20240624 30901
20240620 30847
20240626 30919
20240627 30919
20240628 30935
20240627 30919
20240629 30902
20240630 30902
20240701 30883
20240630 30902
20240702 30881
20240630 30902
20240703 30876
20240630 30902
20240704 30887
20240630 30902
20240705 30880
20240630 30902
20240706 30876
20240630 30902
20240707 30868
20240630 30902
20240708 30874
20240630 30902
20240709 30872
20240630 30902
20240710 30879
20240630 30902
20240711 30865
20240630 30902
20240712 30862
20240630 30902
20240713 30854
20240630 30902
20240714 30848
20240630 30902
20240715 30857
20240630 30902
20240716 30840
20240717 30840
20240718 30845
20240717 30840
20240719 30831
20240717 30840
20240720 30832
20240721 30832
20240722 30811
20240721 30832
20240723 30783
20240724 30783
20240725 30784
20240724 30783
20240726 30777
20240724 30783
20240727 30785
20240724 30783
20240728 30780
20240724 30783
20240729 30769
20240724 30783
20240730 30771
20240724 30783
20240731 30785
20240724 30783
20240801 30770
20240724 30783
20240802 30780
20240724 30783
20240803 30776
20240724 30783
20240804 30756
20240724 30783
20240805 30760
20240724 30783
20240806 30761
20240724 30783
20240807 30751
20240724 30783
20240808 30760
20240724 30783
20240809 30746
20240724 30783
20240810 30765
20240724 30783
20240811 30795
20240812 30795
20240813 30798
20240812 30795
20240814 30818
20240812 30795
20240815 30813
20240812 30795
20240816 30823
20240812 30795
20240817 30841
20240812 30795
20240818 30844
20240812 30795
20240819 30847
20240812 30795
20240820 30870
20240812 30795
20240821 30867
20240822 30867
20240823 30873
20240822 30867
20240824 30874
20240822 30867
20240825 30865
20240822 30867
20240826 30860
20240822 30867
20240827 30848
20240822 30867
20240828 30836
20240822 30867
20240829 30823
20240822 30867
20240830 30840
20240822 30867
20240831 30842
20240822 30867
20240901 30843
20240822 30867
20240902 30841
20240822 30867
20240903 30849
20240822 30867
20240904 30834
20240822 30867
20240905 30840
20240822 30867
20240906 30846
20240907 30846
20240908 30844
20240907 30846
20240909 30827
20240907 30846
20240910 30810
20240907 30846
20240911 30804
20240907 30846
20240912 30813
20240907 30846
20240913 30828
20240907 30846
20240914 30826
20240915 30826
20240916 30817
20240915 30826
20240917 30834
20240915 30826
20240918 30837
20240915 30826
20240919 30830
20240915 30826
20240920 30857
20240915 30826
20240921 30838
20240915 30826
20240921 30839
20240915 30826
20240922 30838
20240915 30826
20240925 30846
20240915 30826
20240926 30848
20240915 30826
20240927 30840
20240915 30826
20240928 30750
20240915 30826
20240929 30740
20240915 30826
20240930 30724
20240930 30724
