20230922 1340
20230924 1333
20230925 1339
20230926 1341
20230927 1339
20230928 1339
20230929 1337
20230930 1340
20231001 1342
20231002 1337
20231003 1337
20231005 1341
20231007 1342
20231008 1344
20231009 1331
20231010 1348
20231011 1342
20231012 1342
20231013 1339
20231014 1337
20231015 1334
20231016 1346
20231017 1346
20231018 1342
20231019 1342
20231020 1346
20231021 1336
20231022 1343
20231023 1340
20231024 1343
20231025 1344
20231026 1344
20231027 1343
20231028 1345
20231029 1345
20231030 1345
20231031 1340
20231101 1341
20231102 1343
20231103 1343
20231104 1348
20231105 1339
20231106 1344
20231107 1342
20231108 1342
20231109 1343
20231110 1336
20231111 1349
20231112 1350
20231113 1349
20231114 1341
20231115 1351
20231116 1350
20231117 1347
20231118 1342
20231120 1346
20231121 1338
20231122 1343
20231123 1351
20231124 1347
20231125 1346
20231126 1347
20231127 1347
20231128 1341
20231129 1346
20231130 1342
20231201 1346
20231202 1340
20231203 1346
20231204 1343
20231205 1337
20231206 1344
20231207 1348
20231208 1345
20231209 1339
20231210 1343
20231211 1341
20231212 1342
20231213 1344
20231214 1348
20231215 1336
20231216 1345
20231217 1347
20231218 1339
20231219 1344
20231220 1348
20231221 1340
20231222 1351
20231223 1345
20231224 1345
20231225 1345
20231226 1344
20231227 1349
20231230 1341
20231231 1345
20240101 1345
20240102 1349
20240103 1347
20240104 1351
20240105 1348
20240106 1347
20240107 1348
20240108 1351
20240109 1351
20240110 1341
20240111 1342
20240112 1349
20240113 1347
20240114 1341
20240115 1348
20240116 1343
20240117 1349
20240118 1336
20240119 1315
20240120 1341
20240121 1344
20240122 1346
20240124 1341
20240125 1350
20240126 1345
20240127 1339
20240128 1346
20240129 1340
20240130 1339
20240131 1343
20240201 1341
20240202 1343
20240203 1344
20240204 1351
20240205 1350
20240206 1339
20240207 1343
20240208 1346
20240209 1342
20240210 1343
20240211 1345
20240212 1345
20240213 1344
20240214 1346
20240215 1340
20240216 1339
20240217 1344
20240218 1342
20240219 1338
20240220 1341
20240221 1348
20240222 1349
20240223 1343
20240224 1348
20240225 1344
20240226 1341
20240227 1346
20240228 1344
20240229 1343
20240301 1347
20240302 1341
20240303 1346
20240304 1339
20240305 1342
20240306 1346
20240307 1346
20240308 1343
20240309 1340
20240310 1342
20240311 1335
20240312 1338
20240313 1345
20240314 1338
20240315 1342
20240316 1348
20240317 1340
20240318 1342
20240319 1342
20240320 1345
20240321 1345
20240322 1335
20240323 1344
20240324 1349
20240325 1346
20240326 1347
20240327 1338
20240328 1342
20240329 1346
20240330 1338
20240331 1342
20240401 1348
20240402 1341
20240403 1342
20240404 1342
20240405 1344
20240406 1349
20240407 1346
20240408 1346
20240409 1349
20240410 1348
20240411 1343
20240412 1346
20240413 1347
20240415 1346
20240416 1346
20240417 1351
20240418 1346
20240419 1347
20240420 1335
20240421 1345
20240422 1344
20240423 1342
20240424 1346
20240425 1336
20240426 1342
20240427 1345
20240428 1338
20240429 1340
20240430 1345
20240501 1345
20240503 1342
20240504 1348
20240505 1337
20240506 1341
20240507 1341
20240508 1343
20240509 1339
20240510 1352
20240511 1340
20240512 1345
20240513 1347
20240514 1349
20240515 1341
20240516 1345
20240517 1342
20240518 1342
20240519 1348
20240520 1342
20240521 1349
20240522 1346
20240523 1343
20240524 1343
20240525 1343
20240526 1352
20240527 1351
