20230707 714102
20230710 713514
20230711 713585
20230712 713700
20230713 713836
20230714 713835
20230715 713722
20230716 713437
20230717 713027
20230718 713088
20230719 713275
20230720 713458
20230721 713472
20230722 713435
20230723 713177
20230724 712857
20230725 712857
20230726 712860
20230727 712999
20230728 713203
20230729 713293
20230730 713327
20230731 712950
20230801 712665
20230802 712788
20230803 712955
20230804 713167
20230805 713327
20230806 713309
20230807 713017
20230808 712683
20230809 712788
20230810 712937
20230811 713076
20230812 713146
