20230707 4065
20230709 4070
20230710 4071
20230711 4084
20230712 4084
20230713 4090
20230712 4084
20230714 4091
20230712 4084
20230715 4096
20230716 4096
20230717 4098
20230716 4096
20230718 4106
20230716 4096
20230719 4116
20230716 4096
20230720 4117
20230721 4117
20230722 4141
20230721 4117
20230723 4147
20230724 4147
20230725 4154
20230724 4147
20230726 4149
20230724 4147
20230727 4150
20230724 4147
20230728 4154
20230724 4147
20230729 4159
20230724 4147
20230730 4156
20230724 4147
20230731 4157
20230724 4147
20230801 4162
20230724 4147
20230802 4156
20230724 4147
20230803 4160
20230724 4147
20230804 4155
20230724 4147
20230805 4139
20230724 4147
20230806 4134
20230724 4147
20230807 4139
20230724 4147
20230808 4148
20230724 4147
20230809 4143
20230724 4147
20230810 4151
20230724 4147
20230811 4161
20230724 4147
20230812 4159
20230813 4159
20230815 4156
20230813 4159
20230816 4154
20230813 4159
20230817 4156
20230813 4159
20230818 4160
20230813 4159
20230819 4157
20230813 4159
20230820 4164
20230813 4159
20230821 4166
20230813 4159
20230822 4161
20230813 4159
20230823 4163
20230824 4163
20230825 4170
20230824 4163
20230826 4168
20230824 4163
20230827 4176
20230824 4163
20230828 4183
20230830 4183
20230831 4193
20230830 4183
20230901 4190
20230830 4183
20230902 4193
20230830 4183
20230903 4191
20230830 4183
20230904 4197
20230830 4183
20230905 4192
20230830 4183
20230906 4187
20230830 4183
20230907 4181
20230830 4183
20230908 4182
20230830 4183
20230909 4185
20230830 4183
20230910 4190
20230830 4183
20230911 4188
20230830 4183
20230912 4191
20230830 4183
20230913 4189
20230830 4183
20230914 4185
20230915 4183
20230830 4183
20230916 4182
20230830 4183
20230917 4181
20230918 4181
20230919 4176
20230918 4181
20230920 3918
20230918 4181
20230921 3919
20230918 4181
20230922 3922
20230923 3922
20230924 3924
20230923 3922
20230925 3928
20230923 3922
20230926 3917
20230923 3922
20230927 3924
20230923 3922
20230928 3928
20230923 3922
20230929 3933
20230930 3922
20230923 3922
20231001 3920
20231002 3920
20231003 3922
20231005 3922
20231007 3923
20231005 3922
20231008 3925
20231009 3925
20231010 3931
20231009 3925
20231011 3926
20231009 3925
20231012 3929
20231009 3925
20231013 3923
20231009 3925
20231014 3929
20231009 3925
20231015 3924
20231009 3925
20231016 3928
20231009 3925
20231017 3927
20231019 3927
20231020 3921
20231019 3927
20231021 3922
20231019 3927
20231022 3920
20231019 3927
20231023 3925
20231024 3927
20231025 3927
20231026 3928
20231025 3927
20231027 3930
20231025 3927
20231028 3934
20231025 3927
20231029 3931
20231025 3927
20231030 3925
20231031 3927
20231025 3927
20231101 3923
20231025 3927
20231102 3928
20231025 3927
20231103 3932
20231025 3927
20231104 3930
20231025 3927
20231105 3923
20231025 3927
20231106 3894
20231107 3894
20231108 3891
20231107 3894
20231109 3890
20231107 3894
20231110 3885
20231107 3894
20231111 3882
20231107 3894
20231112 3879
20231107 3894
20231113 3878
20231107 3894
20231114 3882
20231107 3894
20231115 3878
20231107 3894
20231116 3870
20231107 3894
20231117 3875
20231107 3894
20231118 3871
20231107 3894
20231120 3869
20231107 3894
20231121 3867
20231107 3894
20231122 3868
20231107 3894
20231123 3873
20231107 3894
20231124 3874
20231107 3894
20231125 3877
20231107 3894
20231126 3876
20231107 3894
20231127 3867
20231107 3894
20231128 3862
20231107 3894
20231129 3873
20231107 3894
20231130 3875
20231107 3894
20231201 3877
20231107 3894
20231202 3879
20231107 3894
20231203 3883
20231107 3894
20231204 3885
20231107 3894
20231205 3884
20231107 3894
20231206 3881
20231107 3894
20231207 3882
20231107 3894
20231208 3884
20231107 3894
20231209 3889
20231210 3889
20231211 3902
20231212 3902
20231213 3903
20231212 3902
20231214 3909
20231212 3902
20231215 3910
20231212 3902
20231216 3915
20231212 3902
20231217 3912
20231218 3912
20231219 3915
20231218 3912
20231220 3918
20231218 3912
20231221 3910
20231218 3912
20231222 3911
20231218 3912
20231223 3913
20231224 3913
20231225 3908
20231224 3913
20231226 3897
20231224 3913
20231227 3898
20231224 3913
20231230 3896
20231224 3913
20231231 3897
20240101 3897
20240102 3895
20240101 3897
20240103 3902
20240101 3897
20240104 3899
20240101 3897
20240105 3898
20240101 3897
20240106 3921
20240101 3897
20240107 3922
20240101 3897
20240108 3919
20240101 3897
20240109 3918
20240101 3897
20240110 3920
20240101 3897
20240111 3942
20240101 3897
20240112 3945
20240101 3897
20240113 3946
20240101 3897
20240114 3950
20240101 3897
20240115 3943
20240101 3897
20240116 3950
20240101 3897
20240117 3953
20240101 3897
20240118 3950
20240101 3897
20240119 3952
20240101 3897
20240120 3950
20240101 3897
20240121 3951
20240101 3897
20240122 3948
20240101 3897
20240124 3949
20240125 3949
20240126 3950
20240125 3949
20240127 3953
20240125 3949
20240128 3950
20240125 3949
20240129 3946
20240125 3949
20240130 3948
20240125 3949
20240131 3951
20240201 3949
20240125 3949
20240202 3946
20240125 3949
20240203 3947
20240125 3949
20240204 3944
20240125 3949
20240205 3947
20240125 3949
20240206 3953
20240125 3949
20240207 3961
20240125 3949
20240208 3973
20240125 3949
20240209 3978
20240210 3978
20240211 3979
20240210 3978
20240212 3983
20240210 3978
20240213 3980
20240210 3978
20240214 3983
20240210 3978
20240215 3984
20240210 3978
20240216 3990
20240210 3978
20240217 3989
20240210 3978
20240218 3987
20240210 3978
20240219 3989
20240220 3989
20240221 3985
20240220 3989
20240222 3974
20240220 3989
20240223 3981
20240220 3989
20240224 3986
20240225 3989
20240220 3989
20240226 3984
20240220 3989
20240227 3986
20240220 3989
20240228 3985
20240220 3989
20240229 3987
20240220 3989
20240301 3992
20240220 3989
20240302 3995
20240220 3989
20240303 3997
20240220 3989
20240304 4003
20240220 3989
20240305 4016
20240220 3989
20240306 4018
20240220 3989
20240307 4017
20240220 3989
20240308 4025
20240220 3989
20240309 4029
20240220 3989
20240310 4025
20240220 3989
20240311 4031
20240220 3989
20240312 4045
20240220 3989
20240313 4048
20240220 3989
20240314 4057
20240220 3989
20240315 4061
20240220 3989
20240316 4060
20240220 3989
20240317 4062
20240220 3989
20240318 4037
20240220 3989
20240319 4012
20240220 3989
20240320 4011
20240220 3989
20240321 4000
20240220 3989
20240322 3996
20240220 3989
20240323 3991
20240220 3989
20240324 4004
20240220 3989
20240325 3998
20240220 3989
20240326 4014
20240220 3989
20240327 4038
20240220 3989
20240328 4050
20240220 3989
20240329 4085
20240220 3989
20240330 4115
20240220 3989
20240331 4119
20240220 3989
20240401 4149
20240220 3989
20240402 4177
20240220 3989
20240403 4191
20240220 3989
20240404 4224
20240220 3989
20240405 4231
20240220 3989
20240406 4262
20240220 3989
20240407 4277
20240220 3989
20240408 4260
20240220 3989
20240409 4287
20240220 3989
20240410 4300
20240220 3989
20240411 4328
20240220 3989
20240412 4344
20240220 3989
20240413 4352
20240220 3989
20240415 4372
20240220 3989
20240416 4348
20240220 3989
20240417 4349
20240419 4349
20240420 4348
20240419 4349
20240421 4345
20240419 4349
20240422 4344
20240419 4349
20240423 4341
20240424 4341
20240425 4349
20240424 4341
20240426 4351
20240424 4341
20240427 4345
20240424 4341
20240428 4342
20240424 4341
20240429 4346
20240424 4341
20240430 4347
20240424 4341
20240501 4348
20240424 4341
20240503 4342
20240424 4341
20240504 4337
20240424 4341
20240505 4338
20240424 4341
20240506 4333
20240508 4333
20240509 4337
20240508 4333
20240510 4338
20240508 4333
20240511 4336
20240508 4333
20240512 4337
20240508 4333
20240513 4338
20240508 4333
20240514 4339
20240508 4333
20240515 4338
20240508 4333
20240516 4336
20240508 4333
20240517 4331
20240508 4333
20240518 4330
20240508 4333
20240519 4334
20240508 4333
20240520 4331
20240508 4333
20240521 4330
20240508 4333
20240522 4336
20240508 4333
20240523 4342
20240508 4333
20240524 4343
20240508 4333
20240525 4345
20240526 4345
20240527 4339
20240526 4345
20240528 4335
20240526 4345
20240529 4337
20240526 4345
20240530 4339
20240526 4345
20240531 4342
20240526 4345
20240601 4346
20240526 4345
20240602 4341
20240526 4345
20240603 4344
20240526 4345
20240604 4348
20240605 4348
20240606 4359
20240605 4348
20240609 4370
20240605 4348
20240611 4389
20240605 4348
20240612 4388
20240605 4348
20240613 4389
20240605 4348
20240614 4385
20240605 4348
20240615 4394
20240605 4348
20240616 4387
20240605 4348
20240617 4386
20240605 4348
20240618 4391
20240605 4348
20240620 4395
20240605 4348
20240621 4393
20240605 4348
20240622 4394
20240605 4348
20240623 4388
20240605 4348
20240624 4387
20240605 4348
20240626 4380
20240605 4348
20240627 4384
20240605 4348
20240628 4376
20240605 4348
20240629 4370
20240605 4348
20240630 4365
20240605 4348
20240701 4362
20240702 4362
20240703 4364
20240704 4364
20240705 4365
20240704 4364
20240706 4366
20240704 4364
20240707 4368
20240704 4364
20240708 4370
20240704 4364
20240709 4369
20240710 4369
20240711 4371
20240710 4369
20240712 4365
20240710 4369
20240713 4385
20240710 4369
20240714 4386
20240710 4369
20240715 4377
20240710 4369
20240716 4378
20240710 4369
20240717 4386
20240718 4386
20240719 4390
20240718 4386
20240720 4393
20240718 4386
20240721 4397
20240718 4386
20240722 4396
20240718 4386
20240723 4401
20240724 4401
20240725 4399
20240724 4401
20240726 4404
20240724 4401
20240727 4410
20240724 4401
20240728 4409
20240724 4401
20240729 4404
20240730 4404
20240731 4409
20240730 4404
20240801 4414
20240730 4404
20240802 4415
20240730 4404
20240803 4417
20240730 4404
20240804 4415
20240730 4404
20240805 4419
20240730 4404
20240806 4409
20240730 4404
20240807 4412
20240730 4404
20240808 4418
20240730 4404
20240809 4414
20240730 4404
20240810 4412
20240730 4404
20240811 4406
20240730 4404
20240812 4413
20240730 4404
20240813 4409
20240730 4404
20240814 4411
20240730 4404
20240815 4415
20240730 4404
20240816 4418
20240730 4404
20240817 4436
20240730 4404
20240818 4431
20240730 4404
20240819 4427
20240730 4404
20240820 4422
20240821 4422
20240822 4418
20240821 4422
20240823 4420
20240821 4422
20240824 4418
20240821 4422
20240825 4413
20240821 4422
20240826 4408
20240821 4422
20240827 4406
20240821 4422
20240828 4412
20240821 4422
20240829 4414
20240821 4422
20240830 4413
20240821 4422
20240831 4406
20240821 4422
20240901 4403
20240821 4422
20240902 4410
20240821 4422
20240903 4409
20240821 4422
20240904 4399
20240821 4422
20240905 4397
20240821 4422
20240906 4395
20240821 4422
20240907 4406
20240821 4422
20240908 4413
20240821 4422
20240909 4390
20240821 4422
20240910 4387
20240821 4422
20240911 4388
20240821 4422
20240912 4393
20240821 4422
20240913 4395
20240821 4422
20240914 4398
20240821 4422
20240915 4397
20240821 4422
20240916 4404
20240821 4422
20240917 4405
20240821 4422
20240918 4407
20240821 4422
20240919 4408
20240821 4422
20240920 4414
20240821 4422
20240921 4406
20240821 4422
20240921 4410
20240821 4422
20240922 4406
20240821 4422
20240925 4405
20240925 4405
