20230707 3281
20230709 3281
20230710 3280
20230711 3283
20230712 3281
20230713 3286
20230714 3281
20230715 3280
20230716 3278
20230717 3277
20230718 3275
20230719 3269
20230720 3266
20230721 3265
20230722 3262
20230723 3261
20230724 3264
20230725 3267
20230726 3265
20230727 3266
20230728 3266
20230729 3269
20230730 3269
20230731 3267
20230801 3267
20230802 3270
20230803 3269
20230804 3269
20230805 3270
20230806 3267
20230807 3262
20230808 3261
20230809 3266
20230810 3262
20230811 3266
20230812 3268
20230813 3278
20230815 3283
20230816 3279
20230817 3281
20230818 3281
20230819 3276
20230820 3275
20230821 3274
20230822 3276
20230823 3273
20230824 3272
20230825 3274
20230826 3274
20230827 3273
20230828 3274
20230829 3278
20230830 3273
20230831 3267
20230901 3268
20230902 3263
