20230707 462726
20230709 463438
20230710 464135
20230711 465218
20230712 466579
20230713 467659
20230714 468192
20230715 469120
20230716 469577
20230717 470331
20230718 471255
20230719 484600
20230720 488981
20230721 496948
20230722 500049
20230723 500337
20230724 501148
20230725 503167
20230726 503800
20230727 504886
20230728 506766
20230729 507778
20230730 508725
20230731 509539
20230801 511891
20230802 512824
20230803 515473
20230804 516160
20230805 516173
20230806 517021
20230807 519653
20230808 523494
20230809 531316
20230810 530685
20230811 531310
20230812 532051
20230813 532524
20230815 534546
20230816 535961
20230817 536084
20230818 537563
20230819 538432
20230820 538696
20230821 539237
20230822 540670
