20230707 13618
20230709 13602
20230710 13606
20230711 13609
20230712 13616
20230713 13630
20230714 13637
20230715 13650
20230716 13652
20230717 13653
20230718 13656
20230719 13657
20230720 13663
20230721 13671
20230722 13678
20230723 13669
20230724 13665
20230725 13673
20230726 13678
20230727 13685
20230728 13696
20230729 13710
20230730 13753
20230731 13788
20230801 13804
20230802 13816
20230803 13825
20230804 13828
20230805 13833
20230806 13840
20230807 13842
20230808 13848
20230809 13839
20230810 13841
20230811 13848
20230812 13848
20230813 13857
20230815 13858
20230816 13852
20230817 13858
20230818 13870
20230819 13881
20230820 13879
20230821 13883
20230822 13884
20230823 13879
20230824 13884
20230825 13885
20230826 13887
20230827 13886
20230828 13887
20230829 13886
20230830 13909
20230831 13910
20230901 13916
20230902 13915
20230903 13919
20230904 13926
20230905 13927
20230906 13936
20230907 13943
20230908 13956
20230909 13965
20230910 13962
20230911 13952
20230912 13955
20230913 13958
20230914 13963
20230915 13965
20230916 13968
20230917 13966
20230918 13970
20230919 13972
20230920 13027
20230921 13036
20230922 13038
20230923 13043
20230924 13039
20230925 13033
20230926 13034
20230927 13027
20230928 13028
20230929 13027
20230930 13027
20231001 13021
20231002 13029
20231003 13045
20231005 13072
20231007 13083
20231008 13086
20231009 13099
20231010 13112
20231011 13110
20231012 13109
20231013 13114
20231014 13119
20231015 13121
20231016 13115
20231017 13121
20231018 13129
20231019 13132
20231020 13137
20231021 13138
20231022 13147
20231023 13143
20231024 13145
20231025 13175
20231026 13174
20231027 13180
20231028 13182
20231029 13187
20231030 13183
20231031 13189
20231101 13201
20231102 13202
20231103 13196
20231104 13202
20231105 13198
20231106 13197
20231107 13203
20231108 13203
20231109 13198
20231110 13200
20231111 13205
20231112 13200
20231113 13204
20231114 13202
20231115 13202
20231116 13195
20231117 13213
20231118 13216
20231120 13192
20231121 13195
20231122 13196
20231123 13206
20231124 13205
20231125 13205
20231126 13204
20231127 13198
20231128 13198
20231129 13212
20231130 13216
20231201 13215
20231202 13224
20231203 13220
20231204 13218
20231205 13216
20231206 13211
20231207 13211
20231208 13219
20231209 13175
20231210 13171
20231211 13167
20231212 13167
20231213 13171
