20230707 14167
20230709 14169
20230710 14161
20230711 14154
20230712 14144
20230713 14138
20230714 14140
20230715 14133
20230716 14129
20230717 14119
20230718 14107
20230719 14106
20230720 14112
20230721 14109
20230722 14110
20230723 14104
20230724 14099
20230725 14100
20230726 14092
20230727 14087
20230728 14086
20230729 14075
20230730 14062
20230731 14062
20230801 14056
20230802 14047
20230803 14038
20230804 14027
20230805 14024
20230806 14006
20230807 14002
20230808 14003
20230809 14011
20230810 14021
20230811 14015
20230812 14012
20230813 14015
20230815 14028
20230816 14035
20230817 14030
20230818 14035
20230819 14035
20230820 14034
20230821 14031
20230822 14035
20230823 14028
20230824 14026
20230825 14036
20230826 14040
20230827 14049
20230828 14054
20230829 14055
20230830 14053
20230831 14057
20230901 14060
20230902 14056
20230903 14051
20230904 14037
20230905 14037
20230906 14029
20230907 14025
20230908 14017
20230909 14020
20230910 14012
20230911 14011
20230912 14005
20230913 14002
20230914 13995
20230915 13977
20230916 13969
20230917 13963
20230918 13959
20230919 13956
20230920 12785
20230921 12780
20230922 12772
20230923 12767
20230924 12762
20230925 12753
20230926 12750
20230927 12746
20230928 12744
20230929 12731
20230930 12728
20231001 12730
20231002 12737
20231003 12736
20231005 12731
20231007 12727
20231008 12726
20231009 12725
20231010 12719
20231011 12715
20231012 12711
20231013 12706
20231014 12694
20231015 12681
20231016 12674
20231017 12678
20231018 12690
20231019 12707
20231020 12702
20231021 12701
20231022 12689
20231023 12681
20231024 12691
20231025 12695
20231026 12699
20231027 12699
20231028 12690
20231029 12684
20231030 12676
20231031 12686
20231101 12694
20231102 12689
20231103 12675
20231104 12673
20231105 12662
20231106 12669
20231107 12669
20231108 12678
20231109 12667
20231110 12649
20231111 12661
20231112 12677
20231113 12679
20231114 12678
20231115 12683
20231116 12688
20231117 12736
20231118 12739
20231120 12740
20231121 12749
20231122 12762
20231123 12763
20231124 12733
20231125 12706
20231126 12693
20231127 12690
20231128 12686
20231129 12800
20231130 12780
20231201 12760
20231202 12738
20231203 12742
20231204 12746
20231205 12756
20231206 12747
20231207 12738
20231208 12716
20231209 12694
20231210 12688
20231211 12673
20231212 12638
20231213 12607
20231214 12567
20231215 12537
20231216 12534
20231217 12516
20231218 12506
20231219 12456
20231220 12428
20231221 12409
20231222 12401
20231223 12385
20231224 12353
20231225 12323
20231226 12311
20231227 12292
20231230 12220
20231231 12192
20240101 12177
20240102 12154
20240103 12149
20240104 12168
20240105 12168
20240106 12165
20240107 12145
20240108 12122
20240109 12096
20240110 12081
20240111 12089
20240112 12085
20240113 12080
20240114 12085
20240115 12081
20240116 12088
20240117 12082
