20230707 318554
20230709 318599
20230710 318635
20230711 318917
20230712 319346
20230713 319613
20230714 319816
20230715 319982
20230716 320197
20230717 320168
20230718 320404
20230719 320628
20230720 320913
20230721 321195
20230722 321262
20230723 321345
20230724 321497
20230725 321923
20230726 322275
20230727 322513
20230728 322802
20230729 322938
20230730 323073
20230731 323267
20230801 323619
20230802 323972
20230803 324189
20230804 324379
20230805 324744
20230806 324947
20230807 325147
20230808 325212
20230809 325574
20230810 325800
20230811 325996
20230812 326364
20230813 326473
20230815 326979
20230816 327150
20230817 327437
20230818 328276
20230819 328468
20230820 328647
20230821 328754
20230822 329027
20230823 329407
20230824 330179
20230825 330408
20230826 330627
20230827 330915
20230828 331000
20230829 331662
20230830 332100
20230831 332482
20230901 332482
20230902 333040
20230903 333138
20230904 333268
20230905 333272
20230906 333662
20230907 333913
20230908 334151
20230909 334321
20230910 334493
20230911 334651
20230912 335358
20230913 335464
20230914 335681
20230915 335868
20230916 335968
20230917 336044
20230918 336172
20230919 336655
20230920 314323
20230921 314930
20230922 315199
20230923 315668
20230924 315700
20230925 315915
20230926 316135
20230927 316550
20230928 317120
20230929 317201
20230930 317305
20231001 317353
20231002 317411
20231003 317658
20231005 318032
20231007 318119
20231008 318147
20231009 318093
20231010 318207
20231011 318401
20231012 318566
20231013 318959
20231014 319037
20231015 319061
20231016 319141
20231017 319445
20231018 319445
20231019 319836
20231020 319878
20231021 320026
