20230707 620404
20230709 620091
20230710 610586
20230711 610530
20230712 610469
20230713 610540
20230714 610428
20230715 610553
20230716 610486
20230717 610281
20230718 610395
20230719 610209
20230720 610354
20230721 610388
20230722 610036
20230723 609393
20230724 609473
20230725 609667
20230726 609632
20230727 609823
20230728 609767
20230729 609784
20230730 609589
20230731 609367
20230801 609489
20230802 609499
20230803 609788
20230804 609892
20230805 609965
20230806 609921
20230807 609793
20230808 610003
20230809 610084
20230810 610367
20230811 610397
20230812 610410
20230813 610448
20230815 611364
20230816 611432
20230817 611446
20230818 611645
20230819 611844
20230820 611802
20230821 611530
20230822 611531
20230823 611595
20230824 611584
20230825 611778
20230826 612361
20230827 612509
20230828 612271
20230829 612592
20230830 612850
20230831 612586
20230901 612586
20230902 612407
20230901 612586
20230903 612595
20230901 612586
20230904 612546
20230901 612586
20230905 612841
20230901 612586
20230906 612582
20230901 612586
20230907 612681
20230901 612586
20230908 612698
20230901 612586
20230909 612697
20230901 612586
20230910 612402
20230901 612586
20230911 612051
20230901 612586
20230912 612336
20230901 612586
20230913 612332
20230901 612586
20230914 612123
20230901 612586
20230915 612193
20230901 612586
20230916 612341
20230901 612586
20230917 612199
20230901 612586
20230918 612000
20230901 612586
20230919 611981
20230901 612586
20230920 595149
20230901 612586
20230921 595205
20230901 612586
20230922 595143
20230901 612586
20230923 595478
20230901 612586
20230924 595251
20230901 612586
20230925 594583
20230901 612586
20230926 594764
20230901 612586
20230927 595097
20230901 612586
20230928 595328
20230901 612586
20230929 595991
20230901 612586
20230930 595943
20230901 612586
20231001 596161
20230901 612586
20231002 596169
20230901 612586
20231003 596386
20230901 612586
20231005 596267
20230901 612586
20231007 595785
20230901 612586
20231008 595788
20230901 612586
20231009 596615
20230901 612586
20231010 598605
20230901 612586
20231011 599582
20230901 612586
20231012 601104
20230901 612586
20231013 603488
20230901 612586
20231014 605126
20230901 612586
20231015 604765
20230901 612586
20231016 604292
20230901 612586
20231017 603854
20230901 612586
20231018 604825
20230901 612586
20231019 604934
20230901 612586
20231020 604901
20230901 612586
20231021 604636
20230901 612586
20231022 604319
20230901 612586
20231023 604151
20230901 612586
20231024 604133
20230901 612586
20231025 604201
20230901 612586
20231026 603878
20230901 612586
20231027 603938
20230901 612586
20231028 599437
20230901 612586
20231029 599361
20230901 612586
20231030 599788
20230901 612586
20231031 599649
20230901 612586
20231101 599494
20230901 612586
20231102 599473
20230901 612586
20231103 600194
20230901 612586
20231104 600533
20230901 612586
20231105 599938
20230901 612586
20231106 599547
20230901 612586
20231107 600526
20230901 612586
20231108 600527
20230901 612586
20231109 600146
20230901 612586
20231110 599970
20230901 612586
20231111 600225
20230901 612586
20231112 599916
20230901 612586
20231113 599646
20230901 612586
20231114 599843
20230901 612586
20231115 600034
20230901 612586
20231116 600098
20230901 612586
20231117 599954
20230901 612586
20231118 599911
20230901 612586
20231120 598712
20230901 612586
20231121 598742
20230901 612586
20231122 598368
20230901 612586
20231123 598239
20230901 612586
20231124 598009
20230901 612586
20231125 597708
20230901 612586
20231126 598228
20230901 612586
20231127 597965
20230901 612586
20231128 598244
20230901 612586
20231129 598033
20230901 612586
20231130 597982
20230901 612586
20231201 598013
20230901 612586
20231202 597859
20230901 612586
20231203 597449
20230901 612586
20231204 597099
20230901 612586
20231205 597174
20230901 612586
20231206 601609
20230901 612586
20231207 600436
20230901 612586
20231208 600397
20230901 612586
20231209 600018
20230901 612586
20231210 599891
20230901 612586
20231211 599518
20230901 612586
20231212 599540
20230901 612586
20231213 599295
20230901 612586
20231214 599168
20230901 612586
20231215 598652
20230901 612586
20231216 598250
20230901 612586
20231217 597707
20230901 612586
20231218 597315
20230901 612586
20231219 597160
20230901 612586
20231220 596807
20230901 612586
20231221 596332
20230901 612586
20231222 596121
20230901 612586
20231223 591979
20230901 612586
20231224 591483
20230901 612586
20231225 590869
20230901 612586
20231226 589709
20230901 612586
20231227 589331
20230901 612586
20231230 587379
20230901 612586
20231231 586803
20230901 612586
20240101 586297
20230901 612586
20240102 585802
20230901 612586
20240103 585326
20230901 612586
20240104 584970
20230901 612586
20240105 584438
20230901 612586
20240106 584223
20230901 612586
20240107 583839
20230901 612586
20240108 583437
20230901 612586
20240109 584005
20230901 612586
20240110 583830
20230901 612586
20240111 583640
20230901 612586
20240112 583645
20230901 612586
20240113 583514
20230901 612586
20240114 583327
20230901 612586
20240115 583186
20230901 612586
20240116 583854
20230901 612586
20240117 584194
20230901 612586
20240118 584117
20230901 612586
20240119 584278
20230901 612586
20240120 584569
20230901 612586
20240121 584595
20230901 612586
20240122 584594
20230901 612586
20240124 585252
20230901 612586
20240125 585920
20230901 612586
20240126 586394
20230901 612586
20240127 586276
20230901 612586
20240128 586164
20230901 612586
20240129 586118
20230901 612586
20240130 586207
20230901 612586
20240131 586657
20230901 612586
20240201 587008
20230901 612586
20240202 587097
20230901 612586
20240203 585922
20230901 612586
20240204 586016
20230901 612586
20240205 585852
20230901 612586
20240206 585876
20230901 612586
20240207 586206
20230901 612586
20240208 587397
20230901 612586
20240209 587429
20230901 612586
20240210 588083
20230901 612586
20240211 587944
20230901 612586
20240212 587870
20230901 612586
20240213 588078
20230901 612586
20240214 587303
20230901 612586
20240215 586862
20230901 612586
20240216 586934
20230901 612586
20240217 586803
20230901 612586
20240218 586766
20230901 612586
20240219 586774
20230901 612586
20240220 586645
20230901 612586
20240221 586838
20230901 612586
20240222 586681
20230901 612586
20240223 586636
20230901 612586
20240224 586516
20230901 612586
20240225 586528
20230901 612586
20240226 586478
20230901 612586
20240227 586611
20230901 612586
20240228 586739
20230901 612586
20240229 586580
20230901 612586
20240301 586281
20230901 612586
20240302 586373
20230901 612586
20240303 586295
20230901 612586
20240304 586175
20230901 612586
20240305 586005
20230901 612586
20240306 586337
20230901 612586
20240307 586622
20230901 612586
20240308 586624
20230901 612586
20240309 586509
20230901 612586
20240310 586435
20230901 612586
20240311 586247
20230901 612586
20240312 586260
20230901 612586
20240313 586228
20230901 612586
20240314 585794
20230901 612586
20240315 586000
20230901 612586
20240316 585954
20230901 612586
20240317 585533
20230901 612586
20240318 585344
20230901 612586
20240319 585791
20230901 612586
20240320 585998
20230901 612586
20240321 586475
20230901 612586
20240322 586707
20230901 612586
20240323 587218
20230901 612586
20240324 587502
20230901 612586
20240325 587527
20230901 612586
20240326 587662
20230901 612586
20240327 587580
20230901 612586
20240328 587613
20230901 612586
20240329 587900
20230901 612586
20240330 587567
20230901 612586
20240331 587386
20230901 612586
20240401 587231
20230901 612586
20240402 587284
20230901 612586
20240403 587735
20230901 612586
20240404 587783
20230901 612586
20240405 587852
20230901 612586
20240406 588274
20230901 612586
20240407 588055
20230901 612586
20240408 588215
20230901 612586
20240409 588173
20230901 612586
20240410 588287
20230901 612586
20240411 593782
20230901 612586
20240412 594116
20230901 612586
20240413 594018
20230901 612586
20240415 587079
20230901 612586
20240416 586862
20230901 612586
20240417 586851
20230901 612586
20240418 587491
20230901 612586
20240419 587485
20230901 612586
20240420 587382
20230901 612586
20240421 587147
20230901 612586
20240422 586887
20230901 612586
20240423 586972
20230901 612586
20240424 586925
20230901 612586
20240425 586846
20230901 612586
20240426 586734
20230901 612586
20240427 586828
20230901 612586
20240428 586418
20230901 612586
20240429 586144
20230901 612586
20240430 586188
20230901 612586
20240501 585863
20230901 612586
20240503 585500
20230901 612586
20240504 585613
20230901 612586
20240505 585846
20230901 612586
20240506 585421
20230901 612586
20240507 586194
20230901 612586
20240508 587239
20230901 612586
20240509 587689
20230901 612586
20240510 588313
20230901 612586
20240511 589104
20230901 612586
20240512 589241
20230901 612586
20240513 589076
20230901 612586
20240514 589951
20230901 612586
20240515 590503
20230901 612586
20240516 590617
20230901 612586
20240517 590685
20230901 612586
20240518 590959
20230901 612586
20240519 590960
20230901 612586
20240520 590925
20230901 612586
20240521 591767
20230901 612586
20240522 592011
20230901 612586
20240523 592390
20230901 612586
20240524 592658
20230901 612586
20240525 592791
20230901 612586
20240526 592604
20230901 612586
20240527 592347
20230901 612586
20240528 592560
20230901 612586
20240529 592809
20230901 612586
20240530 592721
20230901 612586
20240531 593218
20230901 612586
20240601 593264
20230901 612586
20240602 593329
20230901 612586
20240603 593234
20230901 612586
20240604 593214
20240605 593214
20240606 594572
20240605 593214
20240609 595136
20240605 593214
20240611 595637
20240605 593214
20240612 595920
20240605 593214
20240613 596451
20240605 593214
20240614 596736
20240605 593214
20240615 596962
20240605 593214
20240616 596830
20240605 593214
20240617 597025
20240605 593214
20240618 597333
20240605 593214
20240620 597417
20240605 593214
20240621 597477
20240605 593214
20240622 597580
20240605 593214
20240623 597304
20240605 593214
20240624 597215
20240605 593214
20240626 595425
20240605 593214
20240627 594583
20240605 593214
20240628 594544
20240605 593214
20240629 594332
20240605 593214
20240630 594189
20240605 593214
20240701 594146
20240605 593214
20240702 594472
20240605 593214
20240703 594848
20240605 593214
20240704 594887
20240605 593214
20240705 595405
20240605 593214
20240706 596102
20240605 593214
20240707 594011
20240605 593214
20240708 584294
20240605 593214
20240709 584627
20240605 593214
20240710 585107
20240605 593214
20240711 585667
20240605 593214
20240712 586139
20240605 593214
20240713 586510
20240605 593214
20240714 586422
20240605 593214
20240715 586520
20240605 593214
20240716 586860
20240605 593214
20240717 587085
20240605 593214
20240718 587575
20240605 593214
20240719 588093
20240605 593214
20240720 588057
20240605 593214
20240721 588427
20240605 593214
20240722 588397
20240605 593214
20240723 589185
20240724 589185
20240725 591804
20240724 589185
20240726 591710
20240724 589185
20240727 591611
20240724 589185
20240728 591600
20240724 589185
20240729 591814
20240724 589185
20240730 592318
20240724 589185
20240731 593154
20240724 589185
20240801 593655
20240724 589185
20240802 594141
20240724 589185
20240803 594617
20240724 589185
20240804 594772
20240724 589185
20240805 595170
20240724 589185
20240806 595838
20240724 589185
20240807 596807
20240724 589185
20240808 597726
20240724 589185
20240809 598586
20240724 589185
20240810 598992
20240724 589185
20240811 598871
20240724 589185
20240812 599385
20240724 589185
20240813 600269
20240724 589185
20240814 601081
20240724 589185
20240815 601394
20240724 589185
20240816 602363
20240724 589185
20240817 603001
20240724 589185
20240818 603675
20240724 589185
20240819 603823
20240724 589185
20240820 604508
20240724 589185
20240821 605077
20240724 589185
20240822 605638
20240724 589185
20240823 606282
20240724 589185
20240824 606758
20240724 589185
20240825 606903
20240724 589185
20240826 607470
20240724 589185
20240827 607804
20240724 589185
20240828 608627
20240724 589185
20240829 609298
20240724 589185
20240830 610169
20240724 589185
20240831 610985
20240724 589185
20240901 610693
20240724 589185
20240902 611301
20240724 589185
20240903 611189
20240724 589185
20240904 611521
20240724 589185
20240905 612171
20240724 589185
20240906 612342
20240724 589185
20240907 612767
20240724 589185
20240908 612805
20240724 589185
20240909 612945
20240724 589185
20240910 613584
20240724 589185
20240911 614019
20240724 589185
20240912 614322
20240724 589185
20240913 614680
20240724 589185
20240914 614450
20240724 589185
20240915 614479
20240724 589185
20240916 614500
20240724 589185
20240917 614182
20240724 589185
20240918 614085
20240724 589185
20240919 614122
20240724 589185
20240920 614346
20240724 589185
20240921 614622
20240724 589185
20240921 614748
20240724 589185
20240922 614622
20240724 589185
20240925 614196
20240925 614196
