20230707 20
20230709 20
20230710 20
20230711 20
20230712 20
20230714 20
20230715 20
20230716 20
20230717 20
20230718 20
20230719 21
20230720 21
20230721 21
20230722 21
20230723 21
20230724 21
20230725 21
20230726 21
20230727 21
20230728 21
20230729 21
20230730 21
20230731 21
20230801 21
20230802 21
20230803 21
20230804 21
20230805 21
20230806 21
20230807 21
20230808 21
20230809 21
20230810 21
20230811 21
20230812 21
20230813 21
20230815 21
20230816 21
20230817 21
20230818 21
20230819 21
20230820 21
20230821 21
20230822 21
20230823 21
20230824 21
20230825 21
20230826 21
20230827 21
20230828 21
20230829 21
20230830 21
20230831 21
20230901 21
20230902 21
20230903 21
20230904 21
20230905 21
20230906 21
20230907 21
20230908 21
20230909 21
20230910 21
20230911 21
20230912 21
20230913 21
20230914 21
20230915 21
20230916 21
20230917 21
20230918 21
20230919 21
20230920 20
20230921 20
