20230922 30790
20230924 30841
20230925 30858
20230926 30858
20230927 30927
20230928 30952
20230929 30972
20230930 30972
20231001 31002
20231002 31020
20231003 31020
20231005 31063
20231007 31069
20231008 31069
20231009 31097
20231010 31139
20231011 31139
20231012 31139
20231013 31164
20231014 31174
20231015 31174
20231016 31246
20231017 31246
20231018 31271
20231019 31271
20231020 31292
20231021 31292
20231022 31357
20231023 31394
20231024 31394
20231025 31441
20231026 31458
20231027 31458
20231028 31516
20231029 31517
20231030 31552
20231031 31552
20231101 31575
20231102 31586
20231103 31587
20231104 31587
20231105 31605
20231106 31623
20231107 31609
20231108 31609
20231109 31646
20231110 31628
20231111 31628
20231112 31667
20231113 31690
20231114 31709
20231115 31709
20231116 31717
20231117 31728
20231118 31728
