20110101 4349524
20110701 3502288
20120101 3528511
20130101 7507759
20130701 7808360
20140101 10829480
20140701 10654709
20150101 11089231
20150701 12251342
20160101 16363594
20160701 19502493
20170101 20608428
20180101 20845513
20190201 21243478
20190801 21851990
20200401 22426900
20200901 23044376
20210601 15087000
20220201 20410139
20220801 17861269
20230101 20101491
20230601 30237084
20240301 20125764
20240921 13410000
20241003 13410000
20241107 19562007
20241111 13410000
20250313 13410000
20250316 13410000
20250317 13410000
20250318 13410000
20250319 13410000
20250320 13410000
20250323 13410000
20250324 13410000
20250326 13410000
20250327 13410000
20250329 13410000
20250330 13410000
20250331 13410000
20250401 13410000
20250402 13410000
20250404 13410000
20250406 13410000
20250408 13410000
20250409 13410000
20250410 13410000
20250411 13410000
20250412 13410000
20250416 13410000
20250417 13410000
20250418 13410000
20250419 13410000
20250422 13410000
20250423 13410000
20250424 13410000
20250425 13410000
20250426 13410000
20250428 13410000
20250429 13410000
20250501 13410000
20250502 13410000
20250503 13410000
20250505 13410000
20250507 13410000
20250508 13410000
20250509 13410000
20250510 13410000
20250511 13410000
20250512 13410000
20250514 13410000
20250515 13410000
20250516 13410000
20250517 13410000
20250520 13410000
20250521 13410000
20250522 13410000
