20230922 3447730
20230924 3444792
20230925 3438709
20230926 3432278
20230927 3427668
20230928 3425581
20230929 3422046
20230930 3417088
20231001 3410540
20231002 3404059
20231003 3379386
20231005 3377812
20231007 3373230
20231008 3369202
20231009 3353427
20231010 3349695
20231011 3337149
20231012 3336375
20231013 3335282
20231014 3330533
20231015 3329782
20231016 3325126
20231017 3325126
20231018 3324479
20231019 3324479
20231020 3325503
20231021 3325842
20231022 3327429
20231023 3327537
20231024 3326712
20231025 3325500
20231026 3326698
20231027 3327136
20231028 3327414
20231029 3327338
20231030 3327110
20231031 3326501
20231101 3325818
20231102 3326460
20231103 3328553
20231104 3328743
20231105 3329082
20231106 3329033
20231107 3328487
20231108 3328487
20231109 3328292
20231110 3329097
20231111 3329498
20231112 3329382
20231113 3329224
20231114 3328622
20231115 3327796
20231116 3328828
20231117 3329135
20231118 3329060
20231120 3329232
20231121 3328561
20231122 3328220
20231123 3328407
20231124 3328659
20231125 3328847
20231126 3329791
20231127 3328603
20231128 3328729
20231129 3328328
20231130 3329555
20231201 3329819
20231202 3330717
20231203 3331317
20231204 3332982
20231205 3330825
20231206 3329981
20231207 3332604
20231208 3324267
20231209 3325533
20231210 3325848
20231211 3325746
20231212 3326869
20231213 3326747
20231214 3328049
20231215 3328898
20231216 3329938
20231217 3330959
20231218 3330112
20231219 3329301
20231220 3328327
20231221 3328390
20231222 3331260
20231223 3330890
20231224 3329493
20231225 3329902
