20230707 17819
20230709 17824
20230710 17805
20230711 17805
20230712 17800
20230711 17805
20230713 17808
20230711 17805
20230714 17826
20230711 17805
20230715 17820
20230711 17805
20230716 17809
20230711 17805
20230717 17811
20230711 17805
20230718 17800
20230711 17805
20230719 17792
20230711 17805
20230720 17788
20230711 17805
20230721 17789
20230711 17805
20230722 17783
20230711 17805
20230723 17775
20230724 17775
20230725 17779
20230724 17775
20230726 17797
20230724 17775
20230727 17793
20230724 17775
20230728 17815
20230724 17775
20230729 17819
20230724 17775
20230730 17845
20230724 17775
20230731 17856
20230724 17775
20230801 17869
20230724 17775
20230802 17894
20230724 17775
20230803 17896
20230724 17775
20230804 17891
20230724 17775
20230805 17888
20230724 17775
20230806 17882
20230724 17775
20230807 17884
20230724 17775
20230808 17890
20230724 17775
20230809 17887
20230724 17775
20230810 17885
20230811 17885
20230812 17887
20230811 17885
20230813 17880
20230811 17885
20230815 17883
20230811 17885
20230816 17888
20230811 17885
20230817 17886
20230811 17885
20230818 17871
20230811 17885
20230819 17884
20230811 17885
20230820 17889
20230811 17885
20230821 17895
20230822 17895
20230823 17896
20230822 17895
20230824 17885
20230822 17895
20230825 17876
20230822 17895
20230826 17874
20230822 17895
20230827 17881
20230828 17881
20230829 17877
20230828 17881
20230830 17879
20230828 17881
20230831 17880
20230828 17881
20230901 17870
20230828 17881
20230902 17876
20230828 17881
20230903 17874
20230828 17881
20230904 17871
20230828 17881
20230905 17869
20230828 17881
20230906 17879
20230828 17881
20230907 17884
20230828 17881
20230908 17877
20230909 17881
20230828 17881
20230910 17885
20230828 17881
20230911 17871
20230828 17881
20230912 17872
20230828 17881
20230913 17871
20230828 17881
20230914 17879
20230828 17881
20230915 17889
20230828 17881
20230916 17890
20230828 17881
20230917 17887
20230828 17881
20230918 17880
20230828 17881
20230919 17896
20230828 17881
20230920 16312
20230828 17881
20230921 16319
20230923 16319
20230924 16310
20230923 16319
20230925 16313
20230923 16319
20230926 16302
20230923 16319
20230927 16292
20230923 16319
20230928 16291
20230923 16319
20230929 16281
20230923 16319
20230930 16291
20230923 16319
20231001 16293
20230923 16319
20231002 16303
20230923 16319
20231003 16329
20230923 16319
20231005 16330
20230923 16319
20231007 16337
20231008 16337
20231009 16355
20231008 16337
20231010 16364
20231008 16337
20231011 16373
20231008 16337
20231012 16380
20231008 16337
20231013 16393
20231008 16337
20231014 16408
20231008 16337
20231015 16407
20231008 16337
20231016 16398
20231008 16337
20231017 16396
20231008 16337
20231018 16391
20231008 16337
20231019 16387
20231008 16337
20231020 16402
20231008 16337
20231021 16409
20231008 16337
20231022 16415
20231008 16337
20231023 16417
20231008 16337
20231024 16414
20231008 16337
20231025 16418
20231008 16337
20231026 16414
20231008 16337
20231027 16421
20231008 16337
20231028 16427
20231008 16337
20231029 16432
20231008 16337
20231030 16457
20231008 16337
20231031 16376
20231008 16337
20231101 16375
20231008 16337
20231102 16374
20231008 16337
20231103 16383
20231008 16337
20231104 16380
20231008 16337
20231105 16389
20231008 16337
20231106 16386
20231008 16337
20231107 16393
20231008 16337
20231108 16391
20231008 16337
20231109 16387
20231008 16337
20231110 16394
20231008 16337
20231111 16385
20231008 16337
20231112 16382
20231008 16337
20231113 16370
20231008 16337
20231114 16359
20231008 16337
20231115 16356
20231008 16337
20231116 16363
20231008 16337
20231117 16386
20231008 16337
20231118 16392
20231008 16337
20231120 16383
20231008 16337
20231121 16385
20231122 16385
20231123 16397
20231122 16385
20231124 16392
20231122 16385
20231125 16398
20231122 16385
20231126 16406
20231122 16385
20231127 16402
20231122 16385
20231128 16407
20231122 16385
20231129 16399
20231122 16385
20231130 16400
20231201 16400
20231202 16387
20231201 16400
20231203 16381
20231201 16400
20231204 16379
20231201 16400
20231205 16378
20231201 16400
20231206 16384
20231201 16400
20231207 16385
20231201 16400
20231208 16379
20231201 16400
20231209 16358
20231201 16400
20231210 16357
20231201 16400
20231211 16364
20231201 16400
20231212 16373
20231201 16400
20231213 16374
20231214 16374
20231215 16363
20231214 16374
20231216 16367
20231214 16374
20231217 16356
20231214 16374
20231218 16362
20231214 16374
20231219 16358
20231214 16374
20231220 16359
20231214 16374
20231221 16364
20231214 16374
20231222 16378
20231214 16374
20231223 16368
20231214 16374
20231224 16360
20231214 16374
20231225 16355
20231214 16374
20231226 16353
20231214 16374
20231227 16343
20231214 16374
20231230 16356
20231214 16374
20231231 16351
20231214 16374
20240101 16350
20231214 16374
20240102 16351
20231214 16374
20240103 16344
20231214 16374
20240104 16339
20231214 16374
20240105 16338
20231214 16374
20240106 16351
20231214 16374
20240107 16354
20231214 16374
20240108 16352
20231214 16374
20240109 16347
20231214 16374
20240110 16341
20231214 16374
20240111 16368
20231214 16374
20240112 16378
20231214 16374
20240113 16371
20240114 16374
20231214 16374
20240115 16383
20231214 16374
20240116 16388
20231214 16374
20240117 16395
20231214 16374
20240118 16399
20231214 16374
20240119 16402
20231214 16374
20240120 16403
20231214 16374
20240121 16406
20231214 16374
20240122 16409
20231214 16374
20240124 16410
20231214 16374
20240125 16398
20231214 16374
20240126 16403
20231214 16374
20240127 16420
20231214 16374
20240128 16407
20231214 16374
20240129 16408
20231214 16374
20240130 16413
20231214 16374
20240131 16416
20231214 16374
20240201 16414
20231214 16374
20240202 16415
20231214 16374
20240203 16420
20231214 16374
20240204 16417
20231214 16374
20240205 16408
20231214 16374
20240206 16410
20231214 16374
20240207 16431
20231214 16374
20240208 16430
20231214 16374
20240209 16435
20231214 16374
20240210 16425
20231214 16374
20240211 16428
20231214 16374
20240212 16415
20231214 16374
20240213 16407
20231214 16374
20240214 16404
20231214 16374
20240215 16400
20231214 16374
20240216 16399
20231214 16374
20240217 16400
20231214 16374
20240218 16394
20231214 16374
20240219 16392
20231214 16374
20240220 16379
20231214 16374
20240221 16396
20231214 16374
20240222 16398
20231214 16374
20240223 16413
20231214 16374
20240224 16420
20231214 16374
20240225 16414
20231214 16374
20240226 16407
20231214 16374
20240227 16398
20231214 16374
20240228 16411
20231214 16374
20240229 16413
20231214 16374
20240301 16412
20231214 16374
20240302 16418
20231214 16374
20240303 16411
20231214 16374
20240304 16410
20231214 16374
20240305 16400
20231214 16374
20240306 16402
20231214 16374
20240307 16405
20231214 16374
20240308 16402
20231214 16374
20240309 16377
20231214 16374
20240310 16369
20231214 16374
20240311 16363
20231214 16374
20240312 16364
20231214 16374
20240313 16352
20231214 16374
20240314 16356
20231214 16374
20240315 16355
20231214 16374
20240316 16342
20231214 16374
20240317 16322
20231214 16374
20240318 16305
20231214 16374
20240319 16296
20240320 16296
20240321 16302
20240320 16296
20240322 16298
20240320 16296
20240323 16288
20240320 16296
20240324 16276
20240320 16296
20240325 16273
20240320 16296
20240326 16251
20240320 16296
20240327 16245
20240320 16296
20240328 16241
20240320 16296
20240329 16229
20240320 16296
20240330 16210
20240320 16296
20240331 16206
20240320 16296
20240401 16197
20240320 16296
20240402 16193
20240320 16296
20240403 16190
20240320 16296
20240404 16195
20240320 16296
20240405 16196
20240320 16296
20240406 16191
20240320 16296
20240407 16180
20240320 16296
20240408 16171
20240320 16296
20240409 16172
20240320 16296
20240410 16185
20240320 16296
20240411 16180
20240320 16296
20240412 16192
20240320 16296
20240413 16206
20240320 16296
20240415 16193
20240320 16296
20240416 16187
20240320 16296
20240417 15351
20240320 16296
20240418 15342
20240320 16296
20240419 15346
20240320 16296
20240420 15342
20240320 16296
20240421 15331
20240320 16296
20240422 15332
20240320 16296
20240423 15314
20240320 16296
20240424 15313
20240320 16296
20240425 15295
20240320 16296
20240426 15247
20240320 16296
20240427 15245
20240320 16296
20240428 15248
20240320 16296
20240429 15236
20240320 16296
20240430 15238
20240320 16296
20240501 15243
20240320 16296
20240503 15221
20240320 16296
20240504 15200
20240320 16296
20240505 15204
20240320 16296
20240506 15200
20240320 16296
20240507 15206
20240320 16296
20240508 15208
20240320 16296
20240509 15219
20240320 16296
20240510 15218
20240320 16296
20240511 15213
20240320 16296
20240512 15203
20240320 16296
20240513 15198
20240320 16296
20240514 15191
20240320 16296
20240515 15187
20240320 16296
20240516 15199
20240320 16296
20240517 15213
20240320 16296
20240518 15224
20240320 16296
20240519 15228
20240320 16296
20240520 15234
20240521 15234
20240522 15243
20240521 15234
20240523 15256
20240524 15256
20240525 15259
20240524 15256
20240526 15257
20240524 15256
20240527 15234
20240524 15256
20240528 15246
20240524 15256
20240529 15257
20240524 15256
20240530 15265
20240524 15256
20240531 15268
20240524 15256
20240601 15276
20240524 15256
20240602 15272
20240524 15256
20240603 15282
20240524 15256
20240604 15286
20240524 15256
20240605 15274
20240524 15256
20240606 15268
20240524 15256
20240609 15269
20240524 15256
20240611 15255
20240524 15256
20240612 15249
20240613 15249
20240614 15233
20240613 15249
20240615 15229
20240613 15249
20240616 15220
20240613 15249
20240617 15212
20240613 15249
20240618 15219
20240613 15249
20240620 15213
20240613 15249
20240621 15200
20240613 15249
20240622 15201
20240613 15249
20240623 15194
20240613 15249
20240624 15187
20240613 15249
20240626 15192
20240613 15249
20240627 15186
20240613 15249
20240628 15187
20240613 15249
20240629 15173
20240613 15249
20240630 15171
20240613 15249
20240701 15191
20240613 15249
20240702 15193
20240613 15249
20240703 15192
20240613 15249
20240704 15190
20240613 15249
20240705 15201
20240613 15249
20240706 15194
20240613 15249
20240707 15193
20240613 15249
20240708 15195
20240613 15249
20240709 15190
20240613 15249
20240710 15183
20240613 15249
20240711 15192
20240613 15249
20240712 15186
20240613 15249
20240713 15194
20240613 15249
20240714 15195
20240613 15249
20240715 15193
20240613 15249
20240716 15185
20240613 15249
20240717 15189
20240613 15249
20240718 15198
20240613 15249
20240719 15193
20240613 15249
20240720 15188
20240613 15249
20240721 15180
20240613 15249
20240722 15175
20240613 15249
20240723 15178
20240724 15178
20240725 15180
20240724 15178
20240726 15179
20240727 15178
20240728 15178
20240729 15177
20240728 15178
20240730 15166
20240731 15166
20240801 15167
20240731 15166
20240802 15168
20240731 15166
20240803 15165
20240731 15166
20240804 15164
20240731 15166
20240805 15155
20240731 15166
20240806 15156
20240731 15166
20240807 15147
20240731 15166
20240808 15160
20240731 15166
20240809 15130
20240731 15166
20240810 15127
20240731 15166
20240811 15147
20240731 15166
20240812 15153
20240731 15166
20240813 15158
20240731 15166
20240814 15171
20240731 15166
20240815 15178
20240731 15166
20240816 15188
20240731 15166
20240817 15195
20240731 15166
20240818 15206
20240731 15166
20240819 15172
20240731 15166
20240820 15170
20240821 15166
20240731 15166
20240822 15165
20240731 15166
20240823 15167
20240731 15166
20240824 15173
20240731 15166
20240825 15164
20240731 15166
20240826 15172
20240827 15166
20240731 15166
20240828 15161
20240829 15161
20240830 15171
20240829 15161
20240831 15175
20240829 15161
20240901 15178
20240829 15161
20240902 15193
20240829 15161
20240903 15204
20240829 15161
20240904 15212
20240829 15161
20240905 15205
20240829 15161
20240906 15203
20240829 15161
20240907 15199
20240829 15161
20240908 15194
20240829 15161
20240909 15174
20240829 15161
20240910 15147
20240829 15161
20240911 15131
20240829 15161
20240912 15139
20240829 15161
20240913 15137
20240915 15137
20240916 15130
20240915 15137
20240917 15127
20240918 15137
20240915 15137
20240919 15149
20240915 15137
20240920 15151
20240915 15137
20240921 15150
20240915 15137
20240921 15154
20240925 15154
20240926 15170
20240925 15154
20240927 15169
20240925 15154
20240928 15177
20240925 15154
20240929 15171
20240925 15154
20240930 15170
20241001 15170
20241002 15166
20241002 15166
