20230707 27670
20230709 27677
20230710 27681
20230711 27675
20230712 27688
20230713 27702
20230714 27725
20230715 27717
20230716 27722
20230717 27717
20230718 27713
20230719 27726
20230720 27737
20230721 27748
20230722 27751
20230723 27734
20230724 27740
20230725 27765
20230726 27773
20230727 27759
20230728 27771
20230729 27779
20230730 27769
20230731 27774
20230801 27772
20230802 27797
20230803 27806
20230804 27818
20230805 27836
20230806 27828
20230807 27828
20230808 27835
20230809 27836
20230810 27847
20230811 27871
20230812 27881
20230813 27872
20230815 27866
20230816 27884
20230817 27890
20230818 27893
20230819 27896
20230820 27888
20230821 27887
20230822 27891
20230823 27903
20230824 27907
20230825 27922
20230826 27913
20230827 27925
20230828 27909
20230829 27917
20230830 27916
20230831 27927
20230901 27935
20230902 27936
20230903 27935
20230904 27954
20230905 27973
20230906 27992
20230907 28019
20230908 28004
20230909 28009
20230910 28013
20230911 28019
20230912 28026
20230913 28019
20230914 28032
20230915 28060
20230916 28041
20230917 28040
20230918 28002
20230919 27996
20230920 25369
20230921 25392
20230922 25400
20230923 25408
20230924 25413
20230925 25414
20230926 25419
20230927 25412
20230928 25415
20230929 25418
20230930 25420
20231001 25417
20231002 25415
20231003 25421
20231005 25442
20231007 25463
20231008 25468
20231009 25476
20231010 25473
20231011 25466
20231012 25463
20231013 25466
20231014 25449
20231015 25441
20231016 25414
20231017 25409
20231018 25427
20231019 25430
20231020 25441
20231021 25444
20231022 25441
20231023 25433
20231024 25432
20231025 25437
20231026 25442
20231027 25440
20231028 25445
20231029 25440
20231030 25435
20231031 25433
20231101 25454
20231102 25456
20231103 25447
20231104 25452
20231105 25441
20231106 25445
20231107 25449
20231108 25455
20231109 25460
20231110 25468
20231111 25458
20231112 25459
20231113 25465
20231114 25463
20231115 25475
20231116 25477
20231117 25544
20231118 25543
20231120 25546
20231121 25514
20231122 25498
20231123 25502
20231124 25493
20231125 25480
20231126 25487
20231127 25483
20231128 25492
20231129 25489
20231130 25499
20231201 25507
20231202 25511
20231203 25509
20231204 25516
20231205 25519
20231206 25520
20231207 25534
20231208 25543
20231209 25542
20231210 25550
20231211 25552
20231212 25558
20231213 25558
20231214 25568
20231215 25563
20231216 25583
20231217 25579
20231218 25575
20231219 25577
20231220 25580
20231221 25580
20231222 25611
20231223 25619
20231224 25620
20231225 25619
20231226 25597
20231227 25558
20231230 25620
20231231 25631
20240101 25635
20240102 25626
20240103 25624
20240104 25633
20240105 25644
20240106 25641
20240107 25643
20240108 25641
20240109 25645
20240110 25632
20240111 25663
20240112 25680
20240113 25686
20240114 25686
20240115 25689
20240116 25701
20240117 25698
20240118 25707
20240119 25712
20240120 25707
20240121 25707
20240122 25714
20240124 25717
20240125 25719
20240126 25727
20240127 25733
20240128 25731
20240129 25738
20240130 25750
20240131 25751
20240201 25752
20240202 25752
20240203 25751
20240204 25742
20240205 25744
20240206 25754
20240207 25758
20240208 25755
20240209 25752
20240210 25767
20240211 25772
20240212 25772
20240213 25777
20240214 25785
20240215 25787
20240216 25786
20240217 25779
20240218 25777
20240219 25773
20240220 25769
20240221 25783
20240222 25797
20240223 25789
20240224 25787
20240225 25780
20240226 25779
20240227 25780
20240228 25783
20240229 25773
20240301 25769
20240302 25792
20240303 25784
20240304 25779
20240305 25779
20240306 25783
20240307 25777
20240308 25776
20240309 25779
20240310 25774
20240311 25782
20240312 25775
20240313 25777
20240314 25778
20240315 25771
20240316 25762
20240317 25758
20240318 25757
20240319 25758
20240320 25754
20240321 25757
20240322 25765
20240323 25758
20240324 25754
20240325 25764
20240326 25770
20240327 25777
20240328 25770
20240329 25776
20240330 25789
20240331 25775
20240401 25770
20240402 25760
20240403 25758
20240404 25771
20240405 25774
20240406 25768
20240407 25772
20240408 25793
20240409 25789
