20230707 6230
20230709 6243
20230710 6247
20230711 6250
20230712 6257
20230713 6263
20230714 6271
20230715 6275
20230716 6276
20230717 6277
20230718 6278
20230719 6282
20230720 6293
20230721 6303
20230722 6307
20230723 6311
20230724 6320
20230725 6330
20230726 6344
20230727 6351
20230728 6382
20230729 6415
20230730 6446
20230731 6469
20230801 6500
20230802 6535
20230803 6551
20230804 6565
20230805 6569
20230806 6587
20230807 6589
20230808 6612
20230809 6631
20230810 6651
20230811 6665
20230812 6682
20230813 6691
