20230710 161208359
20230711 161227154
20230712 161231056
20230713 161243226
20230714 161233590
20230715 161216035
20230716 161145537
20230717 161136217
20230718 161143214
20230719 161161416
20230720 161160327
20230721 161164560
20230722 161151656
20230723 161118740
20230724 161090946
20230725 161104838
20230726 161125328
20230727 161145351
20230728 161145825
20230729 161134632
20230730 161103912
20230731 161081705
20230801 161073628
20230802 161105229
20230803 161097152
20230804 161104114
20230805 161099131
20230806 161066040
20230807 161028916
20230808 161054754
20230809 161054591
20230810 161068177
20230811 161081215
20230812 161088662
20230813 161064609
20230815 161040528
20230816 161060778
20230817 161056226
