20230707 28210
20230709 28212
20230710 28209
20230711 28210
20230712 28239
20230713 28260
20230714 28268
20230715 28281
20230716 28278
20230717 28268
20230718 28267
20230719 28268
20230720 28267
20230721 28269
20230722 28273
20230723 28256
20230724 28249
20230725 28267
20230726 28283
20230727 28311
20230728 28317
20230729 28314
20230730 28313
20230731 28298
20230801 28302
20230802 28303
20230803 28322
20230804 28330
20230805 28338
20230806 28337
20230807 28335
20230808 28343
20230809 28354
20230810 28362
20230811 28368
20230812 28385
20230813 28378
20230815 28367
20230816 28374
20230817 28358
20230818 28379
20230819 28397
20230820 28436
20230821 28445
20230822 28439
20230823 28437
20230824 28486
20230825 28503
20230826 28524
20230827 28544
20230828 28538
20230829 28559
20230830 28569
20230831 28590
20230901 28597
20230902 28606
20230903 28605
20230904 28612
20230905 28616
20230906 28622
20230907 28624
20230908 28629
20230909 28628
20230910 28563
20230911 28568
20230912 28559
20230913 28543
20230914 28545
20230915 28554
20230916 28558
20230917 28549
20230918 28505
20230919 28511
20230920 23621
20230921 23627
20230922 23626
20230923 23599
20230924 23586
20230925 23577
20230926 23581
20230927 23580
20230928 23594
20230929 23600
20230930 23601
20231001 23606
20231002 23591
20231003 23592
20231005 23588
20231007 23576
20231008 23578
20231009 23586
20231010 23595
20231011 23594
20231012 23581
20231013 23587
20231014 23576
20231015 23565
20231016 23552
20231017 23562
20231018 23559
20231019 23524
20231020 23467
20231021 23468
20231022 23455
20231023 23452
20231024 23468
20231025 23464
20231026 23462
20231027 23469
20231028 23476
20231029 23475
20231030 23463
20231031 23471
20231101 23481
20231102 23481
20231103 23485
20231102 23481
20231104 23494
20231102 23481
20231105 23492
20231106 23481
20231102 23481
20231107 23486
20231102 23481
20231108 23499
20231102 23481
20231109 23502
20231102 23481
20231110 23505
20231102 23481
20231111 23495
20231102 23481
20231112 23482
20231113 23481
20231102 23481
20231114 23465
20231102 23481
20231115 23458
20231102 23481
20231116 23461
20231102 23481
20231117 23520
20231102 23481
20231118 23527
20231102 23481
20231120 23517
20231102 23481
20231121 23516
20231102 23481
20231122 23513
20231102 23481
20231123 23519
20231102 23481
20231124 23527
20231102 23481
20231125 23522
20231102 23481
20231126 23503
20231102 23481
20231127 23501
20231102 23481
20231128 23515
20231102 23481
20231129 23553
20231102 23481
20231130 23551
20231102 23481
20231201 23541
20231102 23481
20231202 23535
20231102 23481
20231203 23519
20231102 23481
20231204 23518
20231102 23481
20231205 23516
20231102 23481
20231206 23524
20231102 23481
20231207 23527
20231102 23481
20231208 23532
20231102 23481
20231209 23523
20231102 23481
20231210 23514
20231102 23481
20231211 23516
20231102 23481
20231212 23523
20231102 23481
20231213 23531
20231102 23481
20231214 23530
20231102 23481
20231215 23556
20231102 23481
20231216 23560
20231102 23481
20231217 23564
20231102 23481
20231218 23561
20231102 23481
20231219 23564
20231102 23481
20231220 23567
20231102 23481
20231221 23580
20231102 23481
20231222 23624
20231102 23481
20231223 23621
20231102 23481
20231224 23623
20231102 23481
20231225 23620
20231102 23481
20231226 23615
20231102 23481
20231227 23610
20231102 23481
20231230 23618
20231102 23481
20231231 23620
20231102 23481
20240101 23616
20231102 23481
20240102 23610
20231102 23481
20240103 23613
20231102 23481
20240104 23633
20231102 23481
20240105 23637
20231102 23481
20240106 23654
20231102 23481
20240107 23659
20231102 23481
20240108 23655
20231102 23481
20240109 23650
20231102 23481
20240110 23664
20231102 23481
20240111 23693
20231102 23481
20240112 23701
20231102 23481
20240113 23696
20231102 23481
20240114 23703
20231102 23481
20240115 23699
20231102 23481
20240116 23696
20231102 23481
20240117 23709
20231102 23481
20240118 23717
20231102 23481
20240119 23714
20231102 23481
20240120 23706
20240121 23706
20240122 23690
20240121 23706
20240124 23697
20240121 23706
20240125 23701
20240121 23706
20240126 23705
20240121 23706
20240127 23695
20240121 23706
20240128 23688
20240121 23706
20240129 23685
20240121 23706
20240130 23680
20240131 23680
20240201 23694
20240131 23680
20240202 23687
20240131 23680
20240203 23690
20240131 23680
20240204 23678
20240131 23680
20240205 23675
20240206 23680
20240131 23680
20240207 23692
20240131 23680
20240208 23701
20240131 23680
20240209 23700
20240131 23680
20240210 23708
20240131 23680
20240211 23714
20240131 23680
20240212 23709
20240131 23680
20240213 23721
20240131 23680
20240214 23709
20240131 23680
20240215 23713
20240131 23680
20240216 23716
20240131 23680
20240217 23720
20240131 23680
20240218 23719
20240219 23719
20240220 23716
20240219 23719
20240221 23733
20240219 23719
20240222 23742
20240219 23719
20240223 23733
20240219 23719
20240224 23731
20240219 23719
20240225 23738
20240226 23738
20240227 23746
20240226 23738
20240228 23739
20240226 23738
20240229 23747
20240226 23738
20240301 23746
20240226 23738
20240302 23749
20240226 23738
20240303 23746
20240226 23738
20240304 23731
20240226 23738
20240305 23716
20240226 23738
20240306 23719
20240226 23738
20240307 23730
20240226 23738
20240308 23735
20240226 23738
20240309 23725
20240226 23738
20240310 23713
20240226 23738
20240311 23700
20240226 23738
20240312 23694
20240226 23738
20240313 23688
20240226 23738
20240314 23684
20240226 23738
20240315 23691
20240226 23738
20240316 23686
20240226 23738
20240317 23683
20240226 23738
20240318 23667
20240226 23738
20240319 23673
20240226 23738
20240320 23679
20240226 23738
20240321 23692
20240226 23738
20240322 23688
20240226 23738
20240323 23685
20240226 23738
20240324 23678
20240325 23678
20240326 23694
20240325 23678
20240327 23705
20240325 23678
20240328 23690
20240325 23678
20240329 23684
20240325 23678
20240330 23683
20240325 23678
20240331 23687
20240401 23678
20240325 23678
20240402 23680
20240403 23680
20240404 23716
20240403 23680
20240405 23724
20240403 23680
20240406 23733
20240403 23680
20240407 23727
20240403 23680
20240408 23726
20240403 23680
20240409 23722
20240403 23680
20240410 23729
20240403 23680
20240411 23718
20240403 23680
20240412 23714
20240403 23680
20240413 23722
20240403 23680
20240415 23708
20240403 23680
20240416 23722
20240403 23680
20240417 23720
20240403 23680
20240418 23723
20240403 23680
20240419 23702
20240403 23680
20240420 23706
20240403 23680
20240421 23707
20240403 23680
20240422 23693
20240403 23680
20240423 23679
20240403 23680
20240424 23675
20240403 23680
20240425 23677
20240403 23680
20240426 23676
20240403 23680
20240427 23668
20240403 23680
20240428 23658
20240429 23658
20240430 23657
20240429 23658
20240501 23653
20240429 23658
20240503 23660
20240429 23658
20240504 23652
20240429 23658
20240505 23629
20240429 23658
20240506 23644
20240429 23658
20240507 23650
20240429 23658
20240508 23645
20240429 23658
20240509 23643
20240429 23658
20240510 23640
20240429 23658
20240511 23625
20240512 23625
20240513 23639
20240512 23625
20240514 23642
20240512 23625
20240515 23653
20240512 23625
20240516 23659
20240512 23625
20240517 23665
20240512 23625
20240518 23667
20240512 23625
20240519 23649
20240512 23625
20240520 23645
20240512 23625
20240521 23653
20240512 23625
20240522 23674
20240512 23625
20240523 23693
20240512 23625
20240524 23706
20240512 23625
20240525 23712
20240512 23625
20240526 23713
20240512 23625
20240527 23706
20240512 23625
20240528 23716
20240512 23625
20240529 23724
20240512 23625
20240530 23747
20240512 23625
20240531 23751
20240512 23625
20240601 23757
20240512 23625
20240602 23748
20240512 23625
20240603 23743
20240512 23625
20240604 23734
20240512 23625
20240605 23718
20240512 23625
20240606 23705
20240512 23625
20240609 23718
20240512 23625
20240611 23719
20240512 23625
20240612 23733
20240512 23625
20240613 23736
20240512 23625
20240614 23751
20240512 23625
20240615 23756
20240512 23625
20240616 23734
20240512 23625
20240617 23723
20240512 23625
20240618 23707
20240512 23625
20240620 23711
20240512 23625
20240621 23712
20240512 23625
20240622 23716
20240623 23716
20240624 23722
20240623 23716
20240626 23844
20240623 23716
20240627 23848
20240623 23716
20240628 23850
20240623 23716
20240629 23818
20240623 23716
20240630 23807
20240623 23716
20240701 23802
20240623 23716
20240702 23800
20240623 23716
20240703 23812
20240623 23716
20240704 23814
20240623 23716
20240705 23815
20240706 23815
20240707 23801
20240706 23815
20240708 23800
20240706 23815
20240709 23804
20240706 23815
20240710 23779
20240706 23815
20240711 23775
20240706 23815
20240712 23781
20240706 23815
20240713 23789
20240706 23815
20240714 23787
20240706 23815
20240715 23779
20240706 23815
20240716 23787
20240717 23787
20240718 23796
20240717 23787
20240719 23794
20240717 23787
20240720 23783
20240717 23787
20240721 23788
20240717 23787
20240722 23791
20240717 23787
20240723 23784
20240724 23784
20240725 23791
20240724 23784
20240726 23790
20240724 23784
20240727 23785
20240724 23784
20240728 23778
20240724 23784
20240729 23770
20240724 23784
20240730 23779
20240724 23784
20240731 23801
20240724 23784
20240801 23789
20240724 23784
20240802 23778
20240724 23784
20240803 23781
20240724 23784
20240804 23771
20240724 23784
20240805 23751
20240724 23784
20240806 23745
20240724 23784
20240807 23737
20240724 23784
20240808 23735
20240724 23784
20240809 23757
20240724 23784
20240810 23755
20240724 23784
20240811 23742
20240724 23784
20240812 23743
20240724 23784
20240813 23756
20240724 23784
20240814 23761
20240724 23784
20240815 23763
20240724 23784
20240816 23762
20240724 23784
20240817 23775
20240724 23784
20240818 23778
20240819 23784
20240724 23784
20240820 23786
20240724 23784
20240821 23796
20240724 23784
20240822 23789
20240724 23784
20240823 23788
20240724 23784
20240824 23792
20240724 23784
20240825 23771
20240724 23784
20240826 23779
20240724 23784
20240827 23773
20240724 23784
20240828 23775
20240724 23784
20240829 23783
20240724 23784
20240830 23786
20240724 23784
20240831 23782
20240724 23784
20240901 23774
20240724 23784
20240902 23770
20240724 23784
20240903 23783
20240724 23784
20240904 23786
20240724 23784
20240905 23782
20240724 23784
20240906 23785
20240724 23784
20240907 23788
20240724 23784
20240908 23774
20240909 23784
20240724 23784
20240910 23770
20240724 23784
20240911 23768
20240724 23784
20240912 23780
20240724 23784
20240913 23778
20240724 23784
20240914 23783
20240915 23784
20240724 23784
20240916 23789
20240724 23784
20240917 23776
20240724 23784
20240918 23781
20240724 23784
20240919 23771
20240724 23784
20240920 23791
20240724 23784
20240921 23773
20240724 23784
20240921 23783
20240724 23784
20240922 23773
20240922 23773
