20230707 7885
20230709 7891
20230710 7888
20230711 7919
20230712 7936
20230713 7947
20230714 7948
20230715 7969
20230716 7970
20230717 7973
20230718 7985
20230719 7988
20230720 8004
20230721 8006
20230722 8013
20230723 8021
20230724 8014
20230725 8025
20230726 8032
20230727 8036
20230728 8049
20230729 8070
20230730 8098
20230731 8113
20230801 8122
20230802 8132
20230803 8133
20230804 8127
20230805 8131
20230806 8133
20230807 8137
20230808 8140
20230809 8139
20230810 8149
20230811 8158
20230812 8163
20230813 8160
20230815 8151
20230816 8150
20230817 8162
