20230707 87401
20230709 87392
20230710 87344
20230711 87392
20230712 87419
20230713 87477
20230714 87498
20230715 87517
20230716 87503
20230717 87484
20230718 87516
20230719 87567
20230720 87598
20230721 87633
20230722 87706
20230723 87718
20230724 87704
20230725 87723
20230726 87785
20230727 87805
20230728 87841
20230729 87846
20230730 87842
20230731 87838
20230801 87878
20230802 87951
20230803 87990
20230804 88037
20230805 88026
20230806 88040
20230807 88087
20230808 88134
20230809 88160
20230810 88225
20230811 88249
20230812 88275
20230813 88296
20230815 88379
20230816 88434
20230817 88470
