20230707 548
20230709 548
20230710 548
20230711 548
20230712 548
20230714 548
20230715 548
20230716 548
20230717 550
20230718 550
20230719 550
20230720 551
20230721 551
20230722 551
20230723 551
20230724 551
20230725 551
20230726 551
20230727 551
20230728 551
20230729 551
20230730 553
20230731 553
20230801 553
20230802 552
20230803 552
20230804 552
20230805 552
20230806 553
20230807 554
20230808 554
20230809 555
20230810 555
20230811 555
20230812 555
20230813 555
20230815 555
20230816 555
20230817 557
20230818 557
20230819 556
20230820 556
20230821 556
20230822 556
20230823 555
20230824 556
20230825 556
20230826 557
20230827 558
20230828 557
20230829 557
20230830 557
20230831 558
20230901 558
20230902 558
20230903 557
20230904 554
20230905 554
20230906 554
20230907 555
20230908 555
20230909 555
20230910 556
20230911 556
20230912 555
