20230707 1813
20230709 1815
20230710 1813
20230711 1813
20230712 1816
20230713 1813
20230714 1813
20230715 1816
20230716 1816
20230717 1813
20230718 1811
20230719 1806
20230720 1804
20230721 1804
20230722 1798
20230723 1797
20230724 1797
20230725 1795
20230726 1795
20230727 1796
20230728 1795
20230729 1795
20230730 1794
20230731 1791
20230801 1790
20230802 1790
20230803 1793
20230804 1795
20230805 1793
20230806 1794
20230807 1791
20230808 1790
20230809 1788
20230811 1788
20230812 1787
20230813 1782
20230815 1779
20230817 1779
20230818 1780
20230819 1776
20230820 1776
20230821 1775
20230822 1774
20230823 1772
20230824 1771
20230826 1771
20230827 1766
20230828 1766
20230829 1768
20230830 1766
20230831 1764
20230901 1764
20230902 1768
20230903 1767
20230905 1767
20230906 1769
20230907 1766
20230908 1766
20230909 1764
20230910 1765
20230911 1765
20230912 1767
20230913 1768
20230914 1769
20230915 1769
20230916 1768
20230917 1766
20230918 1765
20230919 1767
20230920 1689
20230921 1688
20230922 1698
20230923 1697
20230924 1696
20230925 1694
20230926 1700
20230927 1703
20230928 1703
20230929 1701
20230930 1701
20231001 1699
20231002 1697
20231003 1699
20231005 1699
20231007 1700
20231008 1701
20231009 1699
20231010 1697
20231011 1696
20231012 1694
20231013 1697
20231014 1696
20231015 1696
20231016 1695
20231017 1694
20231018 1695
20231019 1695
20231020 1699
20231021 1700
20231022 1700
20231023 1697
20231024 1695
20231025 1696
20231026 1700
20231027 1701
20231028 1700
20231029 1699
20231030 1697
20231101 1697
20231102 1696
20231103 1697
20231105 1697
20231106 1698
20231107 1697
20231109 1697
20231110 1696
20231111 1696
20231112 1697
20231114 1697
20231115 1696
20231116 1697
20231117 1696
20231120 1696
20231121 1693
20231122 1691
20231124 1691
20231125 1687
20231126 1686
20231128 1686
20231129 1685
20231130 1683
20231203 1683
20231204 1681
20231205 1682
20231206 1684
20231207 1685
20231208 1684
20231209 1684
20231210 1689
20231211 1690
20231212 1689
20231214 1689
20231215 1691
20231216 1692
20231217 1691
20231218 1690
20231220 1690
20231221 1691
20231222 1692
20231223 1692
20231224 1689
20231225 1686
20231226 1685
20231227 1684
20231230 1689
20231231 1691
20240103 1691
20240104 1690
20240105 1690
20240106 1708
20240109 1708
20240110 1706
20240111 1736
20240112 1735
20240113 1735
20240114 1734
20240115 1735
20240116 1734
20240117 1735
20240118 1736
20240119 1730
20240120 1729
20240121 1729
20240122 1727
20240124 1728
20240125 1732
20240126 1730
20240127 1732
20240128 1731
20240129 1731
20240130 1730
20240131 1732
20240201 1731
20240202 1730
20240203 1729
20240204 1728
20240205 1727
20240206 1726
20240207 1727
20240208 1726
20240209 1724
20240210 1723
20240211 1722
20240212 1722
20240213 1724
20240214 1724
20240215 1721
20240217 1721
20240218 1722
20240219 1722
20240220 1723
20240221 1723
20240222 1721
20240223 1721
20240224 1720
20240225 1720
20240226 1721
20240227 1722
20240228 1724
20240229 1722
20240301 1720
20240302 1721
20240303 1719
20240304 1718
20240305 1720
20240309 1720
20240310 1719
20240311 1718
20240312 1717
20240313 1718
20240314 1718
20240315 1720
20240316 1720
20240317 1719
20240318 1718
20240319 1719
20240321 1719
20240322 1720
20240323 1720
20240324 1718
20240325 1718
20240326 1719
20240327 1718
20240330 1718
20240331 1721
20240401 1721
20240402 1718
20240403 1718
20240404 1717
20240406 1717
20240407 1718
20240408 1718
20240409 1717
20240410 1717
20240411 1711
20240412 1714
20240413 1712
20240415 1704
20240416 1703
20240417 1703
20240418 1702
20240419 1702
20240420 1701
20240421 1699
20240422 1699
20240423 1700
20240424 1702
20240425 1703
20240426 1702
20240428 1702
20240429 1704
20240430 1705
20240501 1706
20240503 1702
20240504 1700
20240505 1696
20240506 1693
20240507 1693
20240508 1692
20240510 1692
20240511 1694
20240512 1693
20240513 1693
20240514 1691
20240515 1691
20240516 1692
20240517 1692
20240518 1693
20240519 1692
20240520 1690
20240521 1689
20240523 1689
20240524 1690
20240525 1691
20240526 1691
20240527 1687
20240528 1686
20240530 1686
20240531 1682
20240601 1681
20240602 1681
20240603 1680
20240604 1680
20240605 1675
20240606 1673
20240609 1669
20240611 1670
20240612 1669
20240614 1669
20240615 1668
20240616 1666
20240617 1666
20240618 1663
20240620 1662
20240623 1662
20240624 1663
20240626 1664
20240627 1666
20240630 1666
20240701 1664
20240702 1663
20240703 1664
20240704 1663
20240705 1662
20240706 1658
20240707 1657
20240708 1657
20240709 1656
20240710 1655
20240711 1654
20240712 1654
20240713 1653
20240714 1651
20240715 1649
20240716 1651
20240717 1641
20240718 1642
20240719 1643
20240720 1640
20240721 1640
20240722 1639
20240724 1639
20240725 1638
20240726 1638
20240727 1636
20240728 1635
20240730 1635
20240731 1637
20240801 1635
20240802 1634
20240803 1633
20240804 1634
20240805 1635
20240806 1634
20240807 1634
20240808 1635
20240809 1637
20240810 1637
20240811 1638
20240813 1638
20240814 1636
20240815 1634
20240816 1631
20240817 1632
20240818 1632
20240819 1631
20240820 1630
20240821 1631
20240822 1630
20240823 1629
20240824 1628
20240825 1628
20240826 1626
20240827 1627
20240828 1626
20240829 1623
20240830 1624
20240831 1627
20240901 1628
20240903 1628
20240904 1629
20240905 1629
20240906 1631
20240907 1633
20240910 1633
20240911 1636
20240913 1636
20240914 1637
20240915 1635
20240916 1637
20240917 1636
20240918 1635
20240919 1637
20240920 1637
20240921 1634
20240922 1634
20240925 1633
20240926 1631
20240927 1629
20240928 1627
20240929 1630
20240930 1630
20241001 1633
20241002 1633
20241003 1634
20241004 1635
20241005 1635
20241006 1632
20241007 1634
20241008 1634
20241009 1632
20241010 1629
20241012 1629
20241013 1626
20241014 1627
20241015 1633
20241016 1635
20241017 1637
20241018 1636
20241019 1637
20241020 1638
20241022 1638
20241023 1635
20241024 1635
