20230707 41462
20230709 41460
20230710 41459
20230711 41466
20230712 41465
20230713 41477
20230714 41506
20230715 41485
20230716 41483
20230717 41479
20230718 41476
20230719 41464
20230720 41452
20230721 41432
20230722 41447
20230723 41431
20230724 41426
20230725 41426
20230726 41441
20230725 41426
20230727 41445
20230725 41426
20230728 41454
20230725 41426
20230729 41461
20230725 41426
20230730 41453
20230725 41426
20230731 41451
20230725 41426
20230801 41458
20230725 41426
20230802 41474
20230725 41426
20230803 41491
20230725 41426
20230804 41509
20230725 41426
20230805 41513
20230725 41426
20230806 41521
20230725 41426
20230807 41511
20230725 41426
20230808 41501
20230725 41426
20230809 41507
20230725 41426
20230810 41509
20230725 41426
20230811 41539
20230725 41426
20230812 41531
20230725 41426
20230813 41522
20230725 41426
20230815 41517
20230725 41426
20230816 41540
20230725 41426
20230817 41555
20230725 41426
20230818 41557
20230725 41426
20230819 41565
20230725 41426
20230820 41566
20230725 41426
20230821 41571
20230725 41426
20230822 41583
20230725 41426
20230823 41589
20230725 41426
20230824 41601
20230725 41426
20230825 41607
20230725 41426
20230826 41605
20230725 41426
20230827 41595
20230725 41426
20230828 41586
20230725 41426
20230829 41601
20230725 41426
20230830 41597
20230725 41426
20230831 41613
20230725 41426
20230901 41616
20230725 41426
20230902 41627
20230725 41426
20230903 41621
20230725 41426
20230904 41594
20230725 41426
20230905 41596
20230725 41426
20230906 41593
20230725 41426
20230907 41592
20230725 41426
20230908 41588
20230725 41426
20230909 41590
20230725 41426
20230910 41574
20230725 41426
20230911 41569
20230725 41426
20230912 41564
20230725 41426
20230913 41569
20230725 41426
20230914 41572
20230725 41426
20230915 41575
20230725 41426
20230916 41561
20230725 41426
20230917 41552
20230725 41426
20230918 41539
20230725 41426
20230919 41532
20230725 41426
20230920 36522
20230725 41426
20230921 36531
20230725 41426
20230922 36530
20230725 41426
20230923 36520
20230725 41426
20230924 36515
20230725 41426
20230925 36510
20230725 41426
20230926 36503
20230725 41426
20230927 36522
20230725 41426
20230928 36533
20230725 41426
20230929 36546
20230725 41426
20230930 36543
20230725 41426
20231001 36539
20230725 41426
20231002 36529
20230725 41426
20231003 36522
20230725 41426
20231005 36547
20230725 41426
20231007 36553
20230725 41426
20231008 36548
20230725 41426
20231009 36537
20230725 41426
20231010 36538
20230725 41426
20231011 36527
20230725 41426
20231012 36515
20230725 41426
20231013 36504
20230725 41426
20231014 36500
20230725 41426
20231015 36481
20230725 41426
20231016 36456
20231017 36456
20231018 36447
20231019 36456
20231017 36456
20231020 36454
20231017 36456
20231021 36458
20231022 36458
20231023 36460
20231022 36458
20231024 36470
20231022 36458
20231025 36477
20231022 36458
20231026 36479
20231022 36458
20231027 36472
20231022 36458
20231028 36476
20231022 36458
20231029 36472
20231030 36472
20231031 36480
20231030 36472
20231101 36484
20231030 36472
20231102 36488
20231030 36472
20231103 36492
20231104 36492
20231105 36495
20231104 36492
20231106 36490
20231104 36492
20231107 36502
20231104 36492
20231108 36520
20231104 36492
20231109 36534
20231104 36492
20231110 36556
20231104 36492
20231111 36571
20231104 36492
20231112 36559
20231104 36492
20231113 36563
20231104 36492
20231114 36579
20231104 36492
20231115 36591
20231104 36492
20231116 36592
20231104 36492
20231117 36614
20231104 36492
20231118 36604
20231104 36492
20231120 36579
20231104 36492
20231121 36564
20231104 36492
20231122 36547
20231104 36492
20231123 36546
20231104 36492
20231124 36540
20231104 36492
20231125 36532
20231104 36492
20231126 36514
20231104 36492
20231127 36507
20231104 36492
20231128 36514
20231104 36492
20231129 36511
20231104 36492
20231130 36509
20231104 36492
20231201 36522
20231104 36492
20231202 36531
20231104 36492
20231203 36524
20231104 36492
20231204 36519
20231104 36492
20231205 36514
20231104 36492
20231206 36507
20231104 36492
20231207 36515
20231104 36492
20231208 36517
20231104 36492
20231209 36525
20231104 36492
20231210 36512
20231104 36492
20231211 36499
20231104 36492
20231212 36498
20231104 36492
20231213 36504
20231104 36492
20231214 36512
20231104 36492
20231215 36525
20231104 36492
20231216 36535
20231104 36492
20231217 36528
20231104 36492
20231218 36531
20231104 36492
20231219 36538
20231104 36492
20231220 36536
20231104 36492
20231221 36544
20231104 36492
20231222 36580
20231104 36492
20231223 36590
20231104 36492
20231224 36572
20231104 36492
20231225 36565
20231104 36492
20231226 36548
20231104 36492
20231227 36546
20231104 36492
20231230 36541
20231104 36492
20231231 36533
20231104 36492
20240101 36527
20231104 36492
20240102 36529
20231104 36492
20240103 36561
20231104 36492
20240104 36585
20231104 36492
20240105 36591
20231104 36492
20240106 36623
20231104 36492
20240107 36622
20231104 36492
20240108 36631
20231104 36492
20240109 36643
20231104 36492
20240110 36654
20231104 36492
20240111 36695
20231104 36492
20240112 36705
20231104 36492
20240113 36713
20231104 36492
20240114 36716
20231104 36492
20240115 36711
20231104 36492
20240116 36715
20231104 36492
20240117 36721
20231104 36492
20240118 36736
20231104 36492
20240119 36733
20231104 36492
20240120 36742
20231104 36492
20240121 36736
20231104 36492
20240122 36733
20231104 36492
20240124 36746
20231104 36492
20240125 36756
20231104 36492
20240126 36767
20231104 36492
20240127 36772
20231104 36492
20240128 36765
20231104 36492
20240129 36779
20231104 36492
20240130 36787
20231104 36492
20240131 36786
20231104 36492
20240201 36798
20231104 36492
20240202 36803
20231104 36492
20240203 36802
20231104 36492
20240204 36801
20231104 36492
20240205 36799
20231104 36492
20240206 36824
20231104 36492
20240207 36835
20231104 36492
20240208 36854
20231104 36492
20240209 36877
20231104 36492
20240210 36882
20231104 36492
20240211 36891
20231104 36492
20240212 36895
20231104 36492
20240213 36906
20231104 36492
20240214 36902
20231104 36492
20240215 36906
20231104 36492
20240216 36919
20231104 36492
20240217 36916
20231104 36492
20240218 36910
20231104 36492
20240219 36892
20231104 36492
20240220 36907
20240221 36907
20240222 36928
20240221 36907
20240223 36929
20240221 36907
20240224 36924
20240221 36907
20240225 36932
20240221 36907
20240226 36914
20240221 36907
20240227 36922
20240221 36907
20240228 36933
20240221 36907
20240229 36932
20240221 36907
20240301 36937
20240302 36937
20240303 36931
20240302 36937
20240304 36928
20240302 36937
20240305 36921
20240302 36937
20240306 36940
20240302 36937
20240307 36967
20240302 36937
20240308 36976
20240302 36937
20240309 36980
20240310 36980
20240311 36974
20240310 36980
20240312 36969
20240310 36980
20240313 36973
20240310 36980
20240314 36992
20240310 36980
20240315 37005
20240310 36980
20240316 37007
20240310 36980
20240317 36996
20240310 36980
20240318 36992
20240319 36992
20240320 37001
20240319 36992
20240321 36999
20240319 36992
20240322 36991
20240319 36992
20240323 36996
20240319 36992
20240324 36997
20240319 36992
20240325 36996
20240319 36992
20240326 36999
20240319 36992
20240327 37004
20240319 36992
20240328 37012
20240319 36992
20240329 37014
20240319 36992
20240330 37008
20240319 36992
20240331 37013
20240319 36992
20240401 37008
20240319 36992
20240402 37015
20240319 36992
20240403 37028
20240319 36992
20240404 37045
20240319 36992
20240405 37048
20240319 36992
20240406 37042
20240319 36992
20240407 37043
20240319 36992
20240408 37039
20240319 36992
20240409 37041
20240319 36992
20240410 37057
20240319 36992
20240411 37056
20240319 36992
20240412 37067
20240319 36992
20240413 37074
20240319 36992
20240415 37050
20240319 36992
20240416 37059
20240319 36992
20240417 37063
20240319 36992
20240418 37051
20240319 36992
20240419 37049
20240420 37049
20240421 37044
20240420 37049
20240422 37013
20240420 37049
20240423 37021
20240420 37049
20240424 37022
20240420 37049
20240425 37039
20240420 37049
20240426 37033
20240420 37049
20240427 37030
20240420 37049
20240428 37019
20240429 37019
20240430 37013
20240429 37019
20240501 37027
20240429 37019
20240503 37049
20240429 37019
20240504 37030
20240429 37019
20240505 37018
20240429 37019
20240506 37020
20240429 37019
20240507 37029
20240429 37019
20240508 37035
20240429 37019
20240509 37039
20240429 37019
20240510 37032
20240429 37019
20240511 37031
20240429 37019
20240512 37027
20240429 37019
20240513 37020
20240429 37019
20240514 37035
20240515 37035
20240516 37042
20240515 37035
20240517 37052
20240515 37035
20240518 37058
20240515 37035
20240519 37047
20240515 37035
20240520 37034
20240515 37035
20240521 37027
20240515 37035
20240522 37033
20240515 37035
20240523 37032
20240515 37035
20240524 37030
20240515 37035
20240525 37033
20240515 37035
20240526 37038
20240515 37035
20240527 37020
20240515 37035
20240528 37011
20240515 37035
20240529 37006
20240515 37035
20240530 37015
20240515 37035
20240531 37026
20240601 37026
20240602 37013
20240601 37026
20240603 37007
20240601 37026
20240604 37009
20240601 37026
20240605 37013
20240601 37026
20240606 37009
20240601 37026
20240609 36997
20240601 37026
20240611 36973
20240601 37026
20240612 36981
20240601 37026
20240613 36975
20240601 37026
20240614 36971
20240601 37026
20240615 36958
20240601 37026
20240616 36929
20240601 37026
20240617 36925
20240601 37026
20240618 36927
20240601 37026
20240620 36918
20240601 37026
20240621 36929
20240601 37026
20240622 36927
20240601 37026
20240623 36920
20240601 37026
20240624 36917
20240601 37026
20240626 36908
20240601 37026
20240627 36905
20240601 37026
20240628 36912
20240601 37026
20240629 36906
20240601 37026
20240630 36897
20240601 37026
20240701 36888
20240601 37026
20240702 36883
20240601 37026
20240703 36893
20240601 37026
20240704 36894
20240601 37026
20240705 36892
20240601 37026
20240706 36890
20240601 37026
20240707 36871
20240601 37026
20240708 36870
20240601 37026
20240709 36881
20240601 37026
20240710 36870
20240601 37026
20240711 36883
20240601 37026
20240712 36884
20240601 37026
20240713 36877
20240601 37026
20240714 36874
20240601 37026
20240715 36863
20240601 37026
20240716 36879
20240601 37026
20240717 36890
20240601 37026
20240718 36897
20240601 37026
20240719 36907
20240601 37026
20240720 36913
20240601 37026
20240721 36898
20240601 37026
20240722 36900
20240601 37026
20240723 36890
20240725 36890
20240726 36897
20240725 36890
20240727 36889
20240725 36890
20240728 36884
20240725 36890
20240729 36881
20240730 36881
20240731 36882
20240730 36881
20240801 36891
20240730 36881
20240802 36886
20240730 36881
20240803 36899
20240730 36881
20240804 36905
20240730 36881
20240805 36893
20240730 36881
20240806 36887
20240730 36881
20240807 36903
20240730 36881
20240808 36914
20240730 36881
20240809 36916
20240730 36881
20240810 36911
20240730 36881
20240811 36893
20240730 36881
20240812 36878
20240730 36881
20240813 36883
20240730 36881
20240814 36902
20240730 36881
20240815 36914
20240730 36881
20240816 36927
20240730 36881
20240817 36931
20240730 36881
20240818 36930
20240730 36881
20240819 36931
20240730 36881
20240820 36939
20240730 36881
20240821 36943
20240730 36881
20240822 36960
20240730 36881
20240823 36962
20240730 36881
20240824 36967
20240730 36881
20240825 36948
20240730 36881
20240826 36942
20240730 36881
20240827 36963
20240730 36881
20240828 36979
20240730 36881
20240829 36978
20240730 36881
20240830 36989
20240730 36881
20240831 36980
20240730 36881
20240901 36983
20240730 36881
20240902 36978
20240730 36881
20240903 36973
20240730 36881
20240904 36975
20240730 36881
20240905 36981
20240730 36881
20240906 36962
20240730 36881
20240907 36965
20240730 36881
20240908 36963
20240730 36881
20240909 36959
20240730 36881
20240910 36950
20240730 36881
20240911 36962
20240730 36881
20240912 36985
20240730 36881
20240913 36993
20240730 36881
20240914 36999
20240730 36881
20240915 36996
20240730 36881
20240916 36986
20240730 36881
20240917 36994
20240730 36881
20240918 37012
20240730 36881
20240919 37023
20240730 36881
20240920 37037
20240730 36881
20240921 37022
20240730 36881
20240921 37030
20240730 36881
20240922 37022
20240730 36881
20240925 37026
20240730 36881
20240926 37041
20240730 36881
20240927 37044
20240730 36881
20240928 37055
20240730 36881
20240929 37057
20240730 36881
20240930 37046
20240730 36881
20241001 37058
20241001 37058
