20230707 11095
20230709 11084
20230710 11071
20230711 11066
20230712 11069
20230713 11077
20230714 11085
20230715 11086
20230716 11084
20230717 11081
20230718 11072
20230719 11066
20230720 11049
20230721 11043
20230722 11045
20230723 11045
20230724 11044
20230723 11045
20230725 11047
20230723 11045
20230726 11049
20230723 11045
20230727 11048
20230723 11045
20230728 11065
20230723 11045
20230729 11073
20230723 11045
20230730 11100
20230723 11045
20230731 11112
20230723 11045
20230801 11118
20230723 11045
20230802 11132
20230723 11045
20230803 11130
20230723 11045
20230804 11137
20230805 11137
20230806 11149
20230805 11137
20230807 11153
20230805 11137
20230808 11145
20230805 11137
20230809 11146
20230811 11146
20230812 11147
20230811 11146
20230813 11144
20230811 11146
20230815 11116
20230811 11146
20230816 11114
20230811 11146
20230817 11123
20230811 11146
20230818 11121
20230811 11146
20230819 11118
20230811 11146
20230820 11113
20230811 11146
20230821 11105
20230811 11146
20230822 11109
20230811 11146
20230823 11108
20230811 11146
20230824 11113
20230825 11113
20230826 11116
20230825 11113
20230827 11120
20230825 11113
20230828 11122
20230825 11113
20230829 11108
20230830 11108
20230831 11112
20230901 11112
20230902 11105
20230901 11112
20230903 11103
20230901 11112
20230904 11104
20230901 11112
20230905 11106
20230901 11112
20230906 11110
20230901 11112
20230907 11111
20230901 11112
20230908 11107
20230901 11112
20230909 11110
20230910 11110
20230911 11113
20230910 11110
20230912 11108
20230910 11110
20230913 11106
20230910 11110
20230914 11107
20230910 11110
20230915 11101
20230910 11110
20230916 11102
20230910 11110
20230917 11099
20230910 11110
20230918 11097
20230910 11110
20230919 11095
20230910 11110
20230920 9822
20230910 11110
20230921 9820
20230910 11110
20230922 9815
20230910 11110
20230923 9806
20230910 11110
20230924 9797
20230910 11110
20230925 9794
20230910 11110
20230926 9787
20230910 11110
20230927 9783
20230910 11110
20230928 9782
20230910 11110
20230929 9770
20230910 11110
20230930 9768
20230910 11110
20231001 9765
20230910 11110
20231002 9769
20230910 11110
20231003 9781
20230910 11110
20231005 9780
20230910 11110
20231007 9784
20230910 11110
20231008 9788
20230910 11110
20231009 9786
20230910 11110
20231010 9780
20230910 11110
20231011 9779
20230910 11110
20231012 9778
20230910 11110
20231013 9773
20230910 11110
20231014 9768
20230910 11110
20231015 9756
20230910 11110
20231016 9751
20230910 11110
20231017 9748
20230910 11110
20231018 9733
20230910 11110
20231019 9739
20231020 9739
20231021 9744
20231020 9739
20231022 9736
20231020 9739
20231023 9731
20231020 9739
20231024 9729
20231020 9739
20231025 9725
20231020 9739
20231026 9728
20231027 9728
20231028 9729
20231027 9728
20231029 9730
20231027 9728
20231030 9723
20231027 9728
20231031 9719
20231027 9728
20231101 9718
20231027 9728
20231102 9719
20231027 9728
20231103 9722
20231027 9728
20231104 9727
20231105 9727
20231106 9726
20231105 9727
20231107 9728
20231108 9728
20231109 9732
20231108 9728
20231110 9738
20231108 9728
20231111 9731
20231108 9728
20231112 9730
20231108 9728
20231113 9727
20231108 9728
20231114 9730
20231108 9728
20231115 9723
20231116 9723
20231117 9758
20231116 9723
20231118 9757
20231116 9723
20231120 9738
20231116 9723
20231121 9732
20231116 9723
20231122 9728
20231116 9723
20231123 9731
20231116 9723
20231124 9726
20231125 9723
20231116 9723
20231126 9721
20231116 9723
20231127 9715
20231128 9715
20231129 9720
20231130 9720
20231201 9726
20231130 9720
20231202 9729
20231130 9720
20231203 9728
20231130 9720
20231204 9722
20231130 9720
20231205 9728
20231130 9720
20231206 9727
20231130 9720
20231207 9724
20231208 9720
20231209 9720
20231210 9716
20231209 9720
20231211 9715
20231209 9720
20231212 9716
20231213 9716
20231214 9713
20231213 9716
20231215 9715
20231216 9715
20231217 9714
20231216 9715
20231218 9712
20231216 9715
20231219 9714
20231216 9715
20231220 9708
20231216 9715
20231221 9710
20231216 9715
20231222 9717
20231216 9715
20231223 9713
20231216 9715
20231224 9706
20231216 9715
20231225 9702
20231216 9715
20231226 9688
20231216 9715
20231227 9666
20231216 9715
20231230 9693
20231216 9715
20231231 9692
20231216 9715
20240101 9684
20231216 9715
20240102 9683
20240103 9683
20240104 9690
20240105 9690
20240106 9712
20240105 9690
20240107 9714
20240105 9690
20240108 9710
20240105 9690
20240109 9706
20240105 9690
20240110 9710
20240105 9690
20240111 9742
20240112 9742
20240113 9744
20240112 9742
20240114 9743
20240115 9742
20240112 9742
20240116 9739
20240112 9742
20240117 9741
20240112 9742
20240118 9739
20240112 9742
20240119 9737
20240112 9742
20240120 9738
20240112 9742
20240121 9735
20240112 9742
20240122 9732
20240112 9742
20240124 9729
20240112 9742
20240125 9727
20240112 9742
20240126 9736
20240112 9742
20240127 9738
20240112 9742
20240128 9739
20240129 9742
20240130 9742
20240131 9739
20240130 9742
20240201 9744
20240202 9742
20240130 9742
20240203 9741
20240204 9742
20240130 9742
20240205 9736
20240130 9742
20240206 9734
20240130 9742
20240207 9737
20240130 9742
20240208 9740
20240130 9742
20240209 9741
20240130 9742
20240210 9744
20240211 9744
20240212 9738
20240211 9744
20240213 9737
20240211 9744
20240214 9736
20240211 9744
20240215 9739
20240211 9744
20240216 9742
20240211 9744
20240217 9739
20240211 9744
20240218 9742
20240211 9744
20240219 9745
20240211 9744
20240220 9741
20240221 9744
20240211 9744
20240222 9750
20240211 9744
20240223 9755
20240211 9744
20240224 9753
20240211 9744
20240225 9748
20240211 9744
20240226 9747
20240211 9744
20240227 9749
20240211 9744
20240228 9751
20240211 9744
20240229 9752
20240211 9744
20240301 9755
20240302 9755
20240303 9753
20240302 9755
20240304 9745
20240302 9755
20240305 9741
20240302 9755
20240306 9744
20240302 9755
20240307 9751
20240302 9755
20240308 9758
20240302 9755
20240309 9756
20240310 9755
20240302 9755
20240311 9756
20240302 9755
20240312 9760
20240302 9755
20240313 9765
20240302 9755
20240314 9767
20240302 9755
20240315 9765
20240316 9765
20240317 9769
20240316 9765
20240318 9761
20240316 9765
20240319 9758
20240316 9765
20240320 9759
20240316 9765
20240321 9754
20240316 9765
20240322 9756
20240316 9765
20240323 9758
20240325 9758
20240326 9757
20240325 9758
20240327 9752
20240325 9758
20240328 9753
20240325 9758
20240329 9757
20240325 9758
20240330 9756
20240325 9758
20240331 9754
20240325 9758
20240401 9742
20240325 9758
20240402 9727
20240325 9758
20240403 9718
20240325 9758
20240404 9714
20240325 9758
20240405 9717
20240325 9758
20240406 9721
20240325 9758
20240407 9714
20240325 9758
20240408 9713
20240325 9758
20240409 9715
20240325 9758
20240410 9713
20240413 9713
20240415 9709
20240413 9713
20240416 9710
20240413 9713
20240417 9712
20240413 9713
20240418 9715
20240413 9713
20240419 9718
20240413 9713
20240420 9720
20240413 9713
20240421 9710
20240422 9710
20240423 9709
20240422 9710
20240424 9713
20240422 9710
20240425 9707
20240426 9710
20240422 9710
20240427 9714
20240422 9710
20240428 9711
20240422 9710
20240429 9709
20240422 9710
20240430 9707
20240422 9710
20240501 9705
20240422 9710
20240503 9711
20240504 9710
20240422 9710
20240505 9707
20240422 9710
20240506 9704
20240422 9710
20240507 9700
20240422 9710
20240508 9707
20240422 9710
20240509 9706
20240510 9706
20240511 9705
20240512 9706
20240510 9706
20240513 9707
20240510 9706
20240514 9712
20240515 9712
20240516 9714
20240517 9712
20240515 9712
20240518 9717
20240515 9712
20240519 9713
20240520 9712
20240515 9712
20240521 9714
20240515 9712
20240522 9715
20240515 9712
20240523 9718
20240524 9718
20240525 9713
20240524 9718
20240526 9710
20240527 9718
20240524 9718
20240528 9711
20240524 9718
20240529 9714
20240524 9718
20240530 9725
20240601 9725
20240602 9724
20240601 9725
20240603 9727
20240601 9725
20240604 9722
20240605 9722
20240606 9727
20240605 9722
20240609 9717
20240605 9722
20240611 9716
20240605 9722
20240612 9714
20240613 9714
20240614 9712
20240613 9714
20240615 9711
20240613 9714
20240616 9703
20240613 9714
20240617 9698
20240613 9714
20240618 9694
20240613 9714
20240620 9685
20240613 9714
20240621 9692
20240613 9714
20240622 9687
20240613 9714
20240623 9688
20240613 9714
20240624 9682
20240613 9714
20240626 9686
20240613 9714
20240627 9689
20240613 9714
20240628 9697
20240613 9714
20240629 9690
20240613 9714
20240630 9688
20240701 9688
20240702 9686
20240701 9688
20240703 9684
20240701 9688
20240704 9687
20240701 9688
20240705 9683
20240706 9683
20240707 9677
20240706 9683
20240708 9651
20240706 9683
20240709 9653
20240706 9683
20240710 9661
20240706 9683
20240711 9667
20240706 9683
20240712 9664
20240706 9683
20240713 9676
20240706 9683
20240714 9680
20240716 9680
20240717 9682
20240716 9680
20240718 9677
20240716 9680
20240719 9682
20240716 9680
20240720 9678
20240716 9680
20240721 9675
20240716 9680
20240722 9673
20240716 9680
20240723 9676
20240725 9676
20240726 9674
20240727 9676
20240725 9676
20240728 9678
20240725 9676
20240729 9674
20240725 9676
20240730 9677
20240725 9676
20240731 9675
20240801 9675
20240802 9679
20240801 9675
20240803 9677
20240801 9675
20240804 9671
20240801 9675
20240805 9663
20240801 9675
20240806 9664
20240801 9675
20240807 9653
20240801 9675
20240808 9652
20240801 9675
20240809 9614
20240801 9675
20240810 9617
20240801 9675
20240811 9632
20240801 9675
20240812 9617
20240801 9675
20240813 9621
20240801 9675
20240814 9633
20240801 9675
20240815 9643
20240801 9675
20240816 9651
20240801 9675
20240817 9658
20240801 9675
20240818 9662
20240801 9675
20240819 9650
20240801 9675
20240820 9649
20240821 9649
20240822 9653
20240821 9649
20240823 9656
20240821 9649
20240824 9657
20240821 9649
20240825 9655
20240821 9649
20240826 9647
20240821 9649
20240827 9643
20240821 9649
20240828 9646
20240821 9649
20240829 9647
20240821 9649
20240830 9650
20240821 9649
20240831 9654
20240821 9649
20240901 9642
20240821 9649
20240902 9650
20240821 9649
20240903 9648
20240904 9648
20240905 9650
20240904 9648
20240906 9645
20240904 9648
20240907 9639
20240904 9648
20240908 9625
20240904 9648
20240909 9605
20240904 9648
20240910 9575
20240904 9648
20240911 9557
20240904 9648
20240912 9556
20240904 9648
20240913 9558
20240904 9648
20240914 9553
20240904 9648
20240915 9552
20240904 9648
20240916 9551
20240904 9648
20240917 9557
20240904 9648
20240918 9559
20240904 9648
20240919 9558
20240904 9648
20240920 9555
20240904 9648
20240921 9560
20240904 9648
20240921 9561
20240922 9561
20240925 9560
20240926 9561
20240922 9561
20240927 9565
20240927 9565
