20230707 14396
20230709 14400
20230710 14409
20230711 14399
20230712 14400
20230713 14413
20230714 14426
20230715 14443
20230716 14454
20230717 14454
20230718 14461
20230717 14454
20230719 14473
20230717 14454
20230720 14495
20230717 14454
20230721 14498
20230717 14454
20230722 14517
20230717 14454
20230723 14506
20230717 14454
20230724 14501
20230717 14454
20230725 14507
20230717 14454
20230726 14573
20230717 14454
20230727 14596
20230717 14454
20230728 14611
20230717 14454
20230729 14614
20230717 14454
20230730 14638
20230717 14454
20230731 14673
20230717 14454
20230801 14683
20230717 14454
20230802 14691
20230717 14454
20230803 14699
20230717 14454
20230804 14691
20230805 14691
20230806 14706
20230805 14691
20230807 14713
20230805 14691
20230808 14721
20230805 14691
20230809 14727
20230805 14691
20230810 14738
20230805 14691
20230811 14752
20230805 14691
20230812 14741
20230805 14691
20230813 14749
20230805 14691
20230815 14775
20230805 14691
20230816 14776
20230805 14691
20230817 14780
20230805 14691
20230818 14775
20230805 14691
20230819 14784
20230805 14691
20230820 14781
20230805 14691
20230821 14789
20230805 14691
20230822 14795
20230805 14691
20230823 14818
20230805 14691
20230824 14831
20230805 14691
20230825 14843
20230805 14691
20230826 14846
20230805 14691
20230827 14847
20230805 14691
20230828 14862
20230805 14691
20230829 14871
20230805 14691
20230830 14879
20230805 14691
20230831 14898
20230805 14691
20230901 14904
20230805 14691
20230902 14914
20230805 14691
20230903 14928
20230805 14691
20230904 14937
20230805 14691
20230905 14947
20230805 14691
20230906 14956
20230805 14691
20230907 14976
20230805 14691
20230908 14979
20230805 14691
20230909 14982
20230910 14982
20230911 14973
20230910 14982
20230912 14966
20230913 14966
20230914 14964
20230913 14966
20230915 14970
20230913 14966
20230916 14964
20230913 14966
20230917 14962
20230913 14966
20230918 14954
20230913 14966
20230919 14960
20230913 14966
20230920 12055
20230913 14966
20230921 12058
20230913 14966
20230922 12059
20230913 14966
20230923 12058
20230913 14966
20230924 12054
20230913 14966
20230925 12046
20230913 14966
20230926 12042
20230913 14966
20230927 12038
20230913 14966
20230928 12022
20230913 14966
20230929 12025
20230913 14966
20230930 12022
20230913 14966
20231001 12018
20230913 14966
20231002 12020
20230913 14966
20231003 12038
20230913 14966
20231005 12053
20230913 14966
20231007 12065
20230913 14966
20231008 12074
20230913 14966
20231009 12083
20230913 14966
20231010 12092
20230913 14966
20231011 12091
20230913 14966
20231012 12098
20230913 14966
20231013 12095
20230913 14966
20231014 12104
20230913 14966
20231015 12100
20230913 14966
20231016 12093
20230913 14966
20231017 12102
20230913 14966
20231018 12097
20230913 14966
20231019 12095
20230913 14966
20231020 12097
20230913 14966
20231021 12103
20230913 14966
20231022 12104
20230913 14966
20231023 12115
20230913 14966
20231024 12113
20230913 14966
20231025 12112
20230913 14966
20231026 12114
20230913 14966
20231027 12119
20230913 14966
20231028 12126
20230913 14966
20231029 12135
20230913 14966
20231030 12130
20230913 14966
20231031 12128
20230913 14966
20231101 12141
20230913 14966
20231102 12137
20230913 14966
20231103 12140
20230913 14966
20231104 12147
20230913 14966
20231105 12152
20230913 14966
20231106 12156
20230913 14966
20231107 12152
20230913 14966
20231108 12156
20230913 14966
20231109 12148
20230913 14966
20231110 12133
20230913 14966
20231111 12130
20230913 14966
20231112 12132
20230913 14966
20231113 12138
20230913 14966
20231114 12135
20230913 14966
20231115 12164
20230913 14966
20231116 12175
20230913 14966
20231117 12174
20230913 14966
20231118 12171
20230913 14966
20231120 12179
20230913 14966
20231121 12177
20230913 14966
20231122 12183
20230913 14966
20231123 12192
20230913 14966
20231124 12207
20230913 14966
20231125 12121
20231126 12121
20231127 12126
20231126 12121
20231128 12114
20231126 12121
20231129 12113
20231126 12121
20231130 12111
20231126 12121
20231201 12108
20231126 12121
20231202 12111
20231126 12121
20231203 12102
20231126 12121
20231204 12103
20231126 12121
20231205 12102
20231126 12121
20231206 12110
20231126 12121
20231207 12115
20231208 12115
20231209 12090
20231208 12115
20231210 12059
20231208 12115
20231211 12060
20231208 12115
20231212 12058
20231213 12058
20231214 12049
20231213 12058
20231215 12054
20231213 12058
20231216 12059
20231213 12058
20231217 12055
20231213 12058
20231218 12046
20231213 12058
20231219 12012
20231220 12012
20231221 12038
20231220 12012
20231222 12031
20231220 12012
20231223 12037
20231220 12012
20231224 12049
20231220 12012
20231225 12051
20231220 12012
20231226 12043
20231220 12012
20231227 12039
20231220 12012
20231230 12047
20231220 12012
20231231 12046
20231220 12012
20240101 12054
20231220 12012
20240102 12050
20231220 12012
20240103 12048
20231220 12012
20240104 12044
20231220 12012
20240105 12079
20231220 12012
20240106 12095
20240107 12095
20240108 12104
20240107 12095
20240109 12114
20240107 12095
20240110 12118
20240107 12095
20240111 12141
20240107 12095
20240112 12137
20240107 12095
20240113 12138
20240107 12095
20240114 12139
20240107 12095
20240115 12128
20240107 12095
20240116 12124
20240107 12095
20240117 12135
20240107 12095
20240118 12094
20240107 12095
20240119 12061
20240107 12095
20240120 12034
20240107 12095
20240121 11985
20240107 12095
20240122 11914
20240107 12095
20240124 11862
20240107 12095
20240125 11857
20240107 12095
20240126 11856
20240107 12095
20240127 11844
20240107 12095
20240128 11843
20240107 12095
20240129 11841
20240107 12095
20240130 11884
20240107 12095
20240131 11883
20240107 12095
20240201 11890
20240107 12095
20240202 11888
20240107 12095
20240203 11890
20240107 12095
20240204 11877
20240107 12095
20240205 11871
20240107 12095
20240206 11876
20240107 12095
20240207 11874
20240107 12095
20240208 11875
20240107 12095
20240209 11867
20240107 12095
20240210 11862
20240107 12095
20240211 11857
20240107 12095
20240212 11850
20240107 12095
20240213 11842
20240107 12095
20240214 11836
20240107 12095
20240215 11830
20240216 11830
20240217 11827
20240216 11830
20240218 11823
20240216 11830
20240219 11818
20240216 11830
20240220 11824
20240216 11830
20240221 11833
20240216 11830
20240222 11832
20240216 11830
20240223 11853
20240216 11830
20240224 11856
20240216 11830
20240225 11853
20240216 11830
20240226 11854
20240216 11830
20240227 11866
20240216 11830
20240228 11873
20240229 11873
20240301 11872
20240229 11873
20240302 11869
20240229 11873
20240303 11875
20240229 11873
20240304 11872
20240229 11873
20240305 11869
20240229 11873
20240306 11874
20240229 11873
20240307 11876
20240229 11873
20240308 11905
20240229 11873
20240309 11908
20240229 11873
20240310 11904
20240229 11873
20240311 11902
20240229 11873
20240312 11900
20240313 11900
20240314 11912
20240313 11900
20240315 11919
20240313 11900
20240316 11926
20240313 11900
20240317 11903
20240313 11900
20240318 11923
20240313 11900
20240319 11925
20240313 11900
20240320 11926
20240313 11900
20240321 11919
20240313 11900
20240322 11921
20240313 11900
20240323 11919
20240313 11900
20240324 11916
20240313 11900
20240325 11915
20240313 11900
20240326 11916
20240313 11900
20240327 11910
20240313 11900
20240328 11911
20240313 11900
20240329 11914
20240313 11900
20240330 11910
20240313 11900
20240331 11904
20240313 11900
20240401 11906
20240313 11900
20240402 11899
20240313 11900
20240403 11893
20240313 11900
20240404 11897
20240313 11900
20240405 11898
20240313 11900
20240406 11888
20240313 11900
20240407 11862
20240313 11900
20240408 11860
20240313 11900
20240409 11864
20240313 11900
20240410 11863
20240313 11900
20240411 11868
20240313 11900
20240412 11866
20240313 11900
20240413 11865
20240313 11900
20240415 11867
20240313 11900
20240416 11865
20240313 11900
20240417 11849
20240313 11900
20240418 11845
20240419 11845
20240420 11835
20240419 11845
20240421 11831
20240419 11845
20240422 11829
20240419 11845
20240423 11822
20240419 11845
20240424 11820
20240419 11845
20240425 11826
20240426 11826
20240427 11821
20240426 11826
20240428 11819
20240430 11819
20240501 11827
20240430 11819
20240503 11822
20240430 11819
20240504 11825
20240505 11825
20240506 11822
20240505 11825
20240507 11814
20240505 11825
20240508 11811
20240505 11825
20240509 11816
20240505 11825
20240510 11812
20240511 11812
20240512 11814
20240511 11812
20240513 11811
20240511 11812
20240514 11805
20240511 11812
20240515 11809
20240511 11812
20240516 11819
20240511 11812
20240517 11824
20240511 11812
20240518 11826
20240511 11812
20240519 11836
20240511 11812
20240520 11833
20240511 11812
20240521 11827
20240511 11812
20240522 11838
20240511 11812
20240523 11841
20240511 11812
20240524 11839
20240511 11812
20240525 11835
20240511 11812
20240526 11833
20240511 11812
20240527 11827
20240511 11812
20240528 11832
20240511 11812
20240529 11840
20240511 11812
20240530 11842
20240511 11812
20240531 11848
20240511 11812
20240601 11785
20240511 11812
20240602 11792
20240511 11812
20240603 11791
20240511 11812
20240604 11802
20240511 11812
20240605 11798
20240511 11812
20240606 11797
20240511 11812
20240609 11800
20240511 11812
20240611 11805
20240511 11812
20240612 11806
20240511 11812
20240613 11810
20240511 11812
20240614 11804
20240511 11812
20240615 11794
20240511 11812
20240616 11686
20240511 11812
20240617 11648
20240511 11812
20240618 11654
20240511 11812
20240620 11770
20240511 11812
20240621 11775
20240511 11812
20240622 11779
20240511 11812
20240623 11736
20240511 11812
20240624 11774
20240511 11812
20240626 11781
20240627 11781
20240628 11776
20240627 11781
20240629 11773
20240627 11781
20240630 11775
20240627 11781
20240701 11773
20240627 11781
20240702 11778
20240627 11781
20240703 11763
20240627 11781
20240704 11769
20240705 11769
20240706 11773
20240705 11769
20240707 11771
20240705 11769
20240708 11772
20240705 11769
20240709 11774
20240705 11769
20240710 11768
20240705 11769
20240711 11764
20240705 11769
20240712 11767
20240705 11769
20240713 11794
20240705 11769
20240714 11788
20240705 11769
20240715 11790
20240705 11769
20240716 11784
20240705 11769
20240717 11776
20240705 11769
20240718 11775
20240705 11769
20240719 11643
20240705 11769
20240720 11535
20240705 11769
20240721 11533
20240705 11769
20240722 11535
20240705 11769
20240723 11539
20240724 11539
20240725 11504
20240724 11539
20240726 11494
20240724 11539
20240727 11492
20240724 11539
20240728 11494
20240724 11539
20240729 11493
20240724 11539
20240730 11494
20240724 11539
20240731 11499
20240724 11539
20240801 11508
20240724 11539
20240802 11513
20240724 11539
20240803 11501
20240724 11539
20240804 11498
20240724 11539
20240805 11496
20240724 11539
20240806 11495
20240724 11539
20240807 11487
20240724 11539
20240808 11497
20240724 11539
20240809 11491
20240724 11539
20240810 11486
20240724 11539
20240811 11481
20240724 11539
20240812 11477
20240724 11539
20240813 11474
20240724 11539
20240814 11482
20240724 11539
20240815 11477
20240724 11539
20240816 11480
20240724 11539
20240817 11481
20240724 11539
20240818 11479
20240724 11539
20240819 11472
20240724 11539
20240820 11468
20240724 11539
20240821 11474
20240724 11539
20240822 11483
20240724 11539
20240823 11487
20240824 11487
20240825 11477
20240824 11487
20240826 11476
20240824 11487
20240827 11465
20240824 11487
20240828 11453
20240824 11487
20240829 11452
20240824 11487
20240830 11456
20240831 11456
20240901 11455
20240831 11456
20240902 11468
20240831 11456
20240903 11472
20240904 11472
20240905 11467
20240904 11472
20240906 11461
20240904 11472
20240907 11453
20240904 11472
20240908 11446
20240904 11472
20240909 11440
20240904 11472
20240910 11436
20240904 11472
20240911 11443
20240904 11472
20240912 11439
20240904 11472
20240913 11447
20240904 11472
20240914 11441
20240915 11441
20240916 11447
20240915 11441
20240917 11453
20240919 11453
20240920 11455
20240919 11453
20240921 11454
20240919 11453
20240921 11457
20240922 11457
20240925 11461
20240922 11457
20240926 11462
20240922 11457
20240927 11470
20240922 11457
20240928 11471
20240922 11457
20240929 11468
20240922 11457
20240930 11475
20240922 11457
20241001 11472
20240922 11457
20241002 11476
20241002 11476
