20230707 3932
20230709 3930
20230710 3932
20230711 3930
20230712 3933
20230713 3937
20230714 3936
20230715 3933
20230716 3928
20230717 3930
20230718 3927
20230719 3928
20230720 3929
20230721 3928
20230722 3927
20230723 3923
20230724 3925
20230725 3925
20230726 3926
20230727 3931
20230728 3933
20230729 3928
20230730 3926
20230731 3926
20230801 3922
20230802 3922
20230803 3919
20230804 3923
20230805 3926
20230806 3926
20230807 3925
20230808 3932
20230809 3931
20230810 3932
20230811 3937
20230812 3938
20230813 3938
20230815 3937
