20230707 2699
20230709 2700
20230710 2698
20230711 2698
20230712 2698
20230713 2700
20230714 2701
20230715 2681
20230716 2679
20230717 2681
20230718 2682
20230719 2679
20230720 2678
20230721 2675
20230722 2677
20230723 2678
20230724 2679
20230725 2675
20230726 2674
20230727 2673
20230728 2672
20230729 2671
20230730 2672
20230731 2672
20230801 2675
20230802 2675
20230803 2674
20230804 2674
20230805 2674
20230806 2673
20230807 2673
20230808 2671
20230809 2672
20230810 2671
20230811 2673
20230812 2677
20230813 2678
20230815 2679
20230816 2679
20230817 2681
20230818 2680
20230819 2679
20230820 2682
20230821 2684
20230822 2684
20230823 2685
20230824 2682
20230825 2682
20230826 2681
20230827 2681
20230828 2683
20230829 2681
20230830 2682
20230831 2682
20230901 2681
20230902 2681
20230903 2677
20230904 2677
20230905 2681
20230906 2684
20230907 2684
20230908 2685
20230909 2682
20230910 2682
20230911 2683
20230912 2685
20230913 2684
20230914 2683
20230915 2686
20230916 2684
20230917 2684
20230918 2685
20230919 2688
20230920 2611
20230921 2613
20230922 2615
20230923 2616
20230924 2617
20230925 2613
20230926 2611
20230927 2611
20230928 2615
20230929 2613
20230930 2617
20231001 2618
20231002 2615
20231003 2615
20231005 2613
20231007 2611
20231008 2605
20231009 2604
20231010 2605
20231011 2605
20231012 2608
20231013 2606
20231014 2607
20231015 2607
20231016 2604
20231017 2603
20231018 2606
20231019 2607
20231020 2606
20231021 2605
20231022 2606
20231023 2606
20231024 2609
20231025 2608
20231026 2606
20231027 2604
20231028 2602
20231029 2601
20231030 2599
20231031 2598
20231101 2597
20231102 2592
20231103 2595
20231104 2599
