20230707 26298
20230709 26301
20230710 26284
20230711 26264
20230712 26258
20230713 26208
20230714 26194
20230715 26206
20230716 26203
20230717 26178
20230718 26170
20230719 26174
20230720 26163
20230721 26167
20230722 26187
20230723 26188
20230724 26174
20230725 26181
20230726 26196
20230727 26209
20230728 26217
20230729 26233
20230730 26243
20230731 26252
20230801 26254
20230802 26268
20230803 26260
20230804 26266
20230805 26279
20230806 26280
20230807 26278
20230808 26273
20230809 26284
20230810 26292
20230811 26282
20230812 26267
