20230707 8507
20230709 8508
20230710 8507
20230711 8507
20230712 8505
20230713 8507
20230714 8508
20230715 8511
20230716 8507
20230717 8505
20230718 8503
20230719 8506
20230720 8508
20230721 8509
20230722 8511
20230723 8509
20230724 8506
20230725 8509
20230726 8508
20230727 8519
20230728 8518
20230729 8519
20230730 8517
20230731 8518
20230801 8520
20230802 8521
20230803 8522
20230804 8522
20230805 8522
20230806 8521
20230807 8518
20230808 8518
20230809 8518
20230810 8520
20230811 8519
20230812 8517
20230813 8517
20230815 8513
20230816 8512
20230817 8511
20230818 8513
20230819 8513
20230820 8513
