20230707 2972
20230709 2972
20230710 2971
20230711 2975
20230712 2978
20230714 2979
20230715 2979
20230716 2977
20230717 2975
20230718 2978
20230719 2981
20230720 2980
20230721 2983
20230722 2982
20230723 2981
20230724 2983
20230725 2981
20230726 2979
20230727 2979
20230728 2979
20230729 2978
20230730 2974
20230731 2976
20230801 2978
20230802 2978
20230803 2979
20230804 2979
20230805 2980
20230806 2981
20230807 2981
20230808 2981
20230809 2985
20230810 2983
20230811 2983
20230812 2977
20230813 2978
20230815 2982
20230816 2980
20230817 2980
20230818 2982
20230819 2983
20230820 2981
20230821 2981
20230822 2983
20230823 2984
20230824 2987
20230825 2986
20230826 2986
20230827 2986
20230828 2986
20230829 2987
20230830 2987
20230831 2987
20230901 2990
20230902 2990
20230903 2990
20230904 2989
20230905 2988
20230906 2987
20230907 2989
20230908 2991
20230909 2991
20230910 2988
20230911 2987
20230912 2987
20230913 2988
20230914 2989
20230915 2991
20230916 2990
20230917 2986
20230918 2983
20230919 2983
20230920 2235
20230921 2240
20230922 2241
20230923 2240
20230924 2240
20230925 2239
20230926 2241
20230927 2242
20230928 2242
20230929 2243
20230930 2246
20231001 2244
20231002 2246
20231003 2246
20231005 2247
20231007 2246
20231008 2244
20231009 2244
20231010 2246
20231011 2247
20231012 2248
20231013 2248
20231014 2246
20231015 2246
20231016 2245
20231017 2247
20231018 2249
20231019 2253
20231020 2252
20231021 2252
20231022 2250
20231023 2249
20231024 2250
20231025 2253
20231026 2256
20231027 2257
20231028 2256
20231029 2255
20231030 2255
20231031 2258
20231101 2258
20231102 2260
20231103 2259
20231104 2261
20231105 2260
20231106 2259
20231107 2262
20231108 2262
20231109 2263
20231110 2264
20231111 2265
20231112 2265
20231113 2265
20231114 2265
20231115 2265
20231116 2266
20231117 2272
20231118 2272
20231120 2272
20231121 2272
20231122 2272
20231123 2274
20231124 2276
20231125 2276
20231126 2277
20231127 2277
20231128 2278
20231129 2278
20231130 2282
20231201 2281
20231202 2283
20231203 2283
20231204 2283
20231205 2282
20231206 2282
20231207 2281
20231208 2281
20231209 2282
20231210 2280
20231211 2281
20231212 2281
20231213 2280
20231214 2280
20231215 2280
20231216 2280
20231217 2280
20231218 2280
20231219 2280
20231220 2280
20231221 2281
20231222 2281
20231223 2281
20231224 2281
20231225 2280
20231226 2280
20231227 2278
20231230 2277
20231231 2278
20240101 2276
20240102 2278
20240103 2278
20240104 2277
20240105 2275
20240106 2275
20240107 2276
20240108 2277
20240109 2277
20240110 2278
20240111 2278
20240112 2282
20240113 2279
20240114 2277
20240115 2276
20240116 2279
20240117 2278
20240118 2280
20240119 2280
20240120 2275
20240121 2273
20240122 2270
20240124 2273
