20230707 4835
20230709 4835
20230710 4834
20230709 4835
20230711 4831
20230712 4831
20230713 4830
20230714 4831
20230712 4831
20230715 4830
20230712 4831
20230716 4828
20230717 4828
20230718 4833
20230717 4828
20230719 4834
20230717 4828
20230720 4832
20230721 4832
20230722 4831
20230721 4832
20230723 4829
20230724 4829
20230725 4834
20230724 4829
20230726 4831
20230724 4829
20230727 4832
20230724 4829
20230728 4828
20230724 4829
20230729 4831
20230730 4831
20230731 4828
20230801 4828
20230802 4829
20230801 4828
20230803 4832
20230801 4828
20230804 4831
20230801 4828
20230805 4829
20230801 4828
20230806 4830
20230807 4830
20230808 4840
20230807 4830
20230809 4838
20230807 4830
20230810 4837
20230811 4837
20230812 4839
20230811 4837
20230813 4840
20230811 4837
20230815 4841
20230811 4837
20230816 4843
20230811 4837
20230817 4844
20230811 4837
20230818 4842
20230811 4837
20230819 4841
20230811 4837
20230820 4840
20230811 4837
20230821 4826
20230811 4837
20230822 4827
20230811 4837
20230823 4825
20230811 4837
20230824 4828
20230825 4828
20230826 4829
20230827 4829
20230828 4828
20230829 4829
20230827 4829
20230830 4832
20230827 4829
20230831 4831
20230827 4829
20230901 4830
20230827 4829
20230902 4828
20230827 4829
20230903 4830
20230827 4829
20230904 4828
20230905 4828
20230906 4829
20230905 4828
20230907 4830
20230909 4830
20230910 4831
20230911 4831
20230912 4829
20230911 4831
20230913 4826
20230911 4831
20230914 4825
20230911 4831
20230915 4824
20230911 4831
20230916 4819
20230917 4819
20230918 4818
20230919 4819
20230917 4819
20230920 4776
20230917 4819
20230921 4777
20230923 4777
20230924 4776
20230925 4776
20230926 4774
20230925 4776
20230927 4770
20230925 4776
20230928 4772
20230929 4772
20230930 4769
20230929 4772
20231001 4768
20230929 4772
20231002 4769
20230929 4772
20231003 4773
20230929 4772
20231005 4778
20230929 4772
20231007 4777
20231008 4777
20231009 4775
20231008 4777
20231010 4774
20231008 4777
20231011 4773
20231008 4777
20231012 4772
20231008 4777
20231013 4770
20231008 4777
20231014 4769
20231008 4777
20231015 4768
20231008 4777
20231016 4769
20231008 4777
20231017 4768
20231008 4777
20231018 4766
20231019 4766
20231020 4765
20231019 4766
20231021 4767
20231023 4767
20231024 4766
20231023 4767
20231025 4765
20231023 4767
20231026 4762
20231023 4767
20231027 4757
20231029 4757
20231030 4753
20231031 4753
20231101 4752
20231104 4752
20231105 4751
20231104 4752
20231106 4748
20231104 4752
20231107 4747
20231104 4752
20231108 4745
20231104 4752
20231109 4746
20231104 4752
20231110 4745
20231104 4752
20231111 4747
20231104 4752
20231112 4748
20231104 4752
20231113 4750
20231104 4752
20231114 4748
20231115 4748
20231116 4750
20231115 4748
20231117 4752
20231115 4748
20231118 4753
20231121 4753
20231122 4751
20231123 4751
20231124 4749
20231123 4751
20231125 4746
20231123 4751
20231126 4745
20231128 4745
20231129 4744
20231128 4745
20231130 4743
20231128 4745
20231201 4741
20231128 4745
20231202 4740
20231128 4745
20231203 4739
20231204 4739
20231205 4737
20231204 4739
20231206 4738
20231207 4738
20231208 4737
20231207 4738
20231209 4736
20231211 4736
20231212 4734
20231213 4734
20231214 4727
20231218 4727
20231219 4725
20231218 4727
20231220 4722
20231218 4727
20231221 4732
20231218 4727
20231222 4733
20231218 4727
20231223 4734
20231224 4734
20231225 4733
20231224 4734
20231226 4731
20231231 4731
20240101 4730
20240102 4730
20240103 4728
20240105 4728
20240106 4726
20240105 4728
20240107 4727
20240108 4728
20240110 4728
20240111 4724
20240110 4728
20240112 4722
20240113 4722
20240114 4720
20240113 4722
20240115 4718
20240113 4722
20240116 4716
20240117 4716
20240118 4717
20240119 4717
20240120 4718
20240121 4717
20240119 4717
20240122 4716
20240119 4717
20240124 4715
20240119 4717
20240125 4719
20240119 4717
20240126 4722
20240119 4717
20240127 4721
20240119 4717
20240128 4719
20240129 4717
20240119 4717
20240130 4718
20240131 4718
20240201 4719
20240131 4718
20240202 4721
20240131 4718
20240203 4720
20240131 4718
20240204 4721
20240205 4721
20240206 4722
20240205 4721
20240207 4728
20240209 4728
20240210 4727
20240209 4728
20240211 4725
20240213 4725
20240214 4724
20240216 4724
20240217 4722
20240216 4724
20240218 4721
20240219 4721
20240220 4718
20240222 4718
20240223 4719
20240222 4718
20240224 4717
20240222 4718
20240225 4716
20240222 4718
20240226 4715
20240227 4715
20240228 4714
20240227 4715
20240229 4713
20240227 4715
20240301 4710
20240302 4715
20240227 4715
20240303 4714
20240227 4715
20240304 4713
20240227 4715
20240305 4710
20240227 4715
20240306 4711
20240307 4711
20240308 4710
20240309 4710
20240310 4708
20240311 4708
20240312 4707
20240311 4708
20240313 4710
20240311 4708
20240314 4711
20240311 4708
20240315 4712
20240311 4708
20240316 4710
20240311 4708
20240317 4711
20240311 4708
20240318 4709
20240311 4708
20240319 4711
20240311 4708
20240320 4710
20240311 4708
20240321 4705
20240322 4705
20240323 4704
20240322 4705
20240324 4701
20240325 4705
20240322 4705
20240326 4710
20240322 4705
20240327 4711
20240328 4711
20240329 4710
20240328 4711
20240330 4703
20240328 4711
20240331 4702
20240328 4711
20240401 4701
20240328 4711
20240402 4700
20240328 4711
20240403 4701
20240328 4711
20240404 4687
20240328 4711
20240405 4685
20240328 4711
20240406 4677
20240328 4711
20240407 4670
20240328 4711
20240408 4669
20240328 4711
20240409 4666
20240328 4711
20240410 4653
20240328 4711
20240411 4645
20240328 4711
20240412 4643
20240328 4711
20240413 4640
20240328 4711
20240415 4623
20240328 4711
20240416 4620
20240328 4711
20240417 4618
20240328 4711
20240418 4610
20240328 4711
20240419 4603
20240328 4711
20240420 4582
20240328 4711
20240421 4581
20240328 4711
20240422 4550
20240328 4711
20240423 4551
20240424 4551
20240425 4538
20240424 4551
20240426 4530
20240424 4551
20240427 4524
20240424 4551
20240428 4517
20240424 4551
20240429 4510
20240424 4551
20240430 4507
20240424 4551
20240501 4498
20240424 4551
20240503 4478
20240424 4551
20240504 4468
20240424 4551
20240505 4466
20240424 4551
20240506 4463
20240424 4551
20240507 4462
20240424 4551
20240508 4466
20240424 4551
20240509 4461
20240424 4551
20240510 4459
20240424 4551
20240511 4457
20240424 4551
20240512 4449
20240424 4551
20240513 4448
20240424 4551
20240514 4443
20240424 4551
20240515 4440
20240424 4551
20240516 4439
20240424 4551
20240517 4435
20240424 4551
20240518 4434
20240424 4551
20240519 4431
20240424 4551
20240520 4430
20240521 4430
20240522 4429
20240524 4429
20240525 4423
20240524 4429
20240526 4422
20240524 4429
20240527 4419
20240524 4429
20240528 4417
20240524 4429
20240529 4414
20240524 4429
20240530 4413
20240524 4429
20240531 4410
20240524 4429
20240601 4407
20240524 4429
20240602 4405
20240603 4405
20240604 4404
20240605 4405
20240606 4405
20240609 4406
20240606 4405
20240611 4398
20240606 4405
20240612 4397
20240606 4405
20240613 4396
20240606 4405
20240614 4393
20240606 4405
20240615 4388
20240616 4388
20240617 4387
20240616 4388
20240618 4386
20240616 4388
20240620 4385
20240616 4388
20240621 4380
20240616 4388
20240622 4379
20240616 4388
20240623 4378
20240616 4388
20240624 4371
20240616 4388
20240626 4349
20240616 4388
20240627 4348
20240616 4388
20240628 4346
20240616 4388
20240629 4334
20240616 4388
20240630 4330
20240616 4388
20240701 4329
20240703 4329
20240704 4336
20240703 4329
20240705 4334
20240703 4329
20240706 4333
20240707 4329
20240703 4329
20240708 4327
20240703 4329
20240709 4330
20240710 4330
20240711 4332
20240712 4332
20240713 4331
20240712 4332
20240714 4330
20240712 4332
20240715 4331
20240716 4332
20240717 4332
20240718 4334
20240717 4332
20240719 4333
20240717 4332
20240720 4331
20240717 4332
20240721 4326
20240717 4332
20240722 4327
20240717 4332
20240723 4325
20240726 4325
20240727 4326
20240729 4326
20240730 4330
20240731 4330
20240801 4331
20240802 4331
20240803 4330
20240802 4331
20240804 4326
20240805 4326
20240806 4324
20240805 4326
20240807 4330
20240808 4330
20240809 4329
20240810 4329
20240811 4328
20240810 4329
20240812 4331
20240810 4329
20240813 4330
20240814 4330
20240815 4328
20240816 4328
20240817 4327
20240816 4328
20240818 4326
20240816 4328
20240819 4327
20240816 4328
20240820 4326
20240816 4328
20240821 4323
20240816 4328
20240822 4321
20240816 4328
20240823 4319
20240816 4328
20240824 4320
20240816 4328
20240825 4321
20240828 4321
20240829 4320
20240828 4321
20240830 4318
20240828 4321
20240831 4315
20240828 4321
20240901 4313
20240902 4313
20240903 4314
20240902 4313
20240904 4315
20240902 4313
20240905 4318
20240902 4313
20240906 4316
20240902 4313
20240907 4315
20240902 4313
20240908 4312
20240902 4313
20240909 4310
20240902 4313
20240910 4309
20240902 4313
20240911 4308
20240902 4313
20240912 4307
20240902 4313
20240913 4308
20240902 4313
20240914 4309
20240902 4313
20240915 4308
20240902 4313
20240916 4307
20240902 4313
20240917 4304
20240902 4313
20240918 4303
20240902 4313
20240919 4300
20240902 4313
20240920 4302
20240902 4313
20240921 4299
20240902 4313
20240921 4302
20240902 4313
20240922 4299
20240902 4313
20240925 4298
20240902 4313
20240926 4295
20240927 4295
