20230707 2286
20230709 2283
20230710 2291
20230711 2289
20230712 2287
20230713 2290
20230714 2291
20230715 2287
20230716 2285
20230717 2287
20230718 2287
20230719 2299
20230720 2303
20230721 2302
20230722 2307
20230723 2305
20230724 2305
20230725 2305
20230726 2313
20230727 2316
20230728 2317
20230729 2320
20230730 2321
20230731 2321
20230801 2325
20230802 2326
20230803 2327
20230804 2320
20230805 2322
20230806 2322
20230807 2323
20230808 2328
20230809 2326
20230810 2327
20230811 2325
20230812 2326
20230813 2328
20230815 2327
20230816 2328
20230817 2326
20230818 2319
20230819 2319
20230820 2323
20230821 2330
20230822 2330
20230823 2329
20230824 2331
20230825 2332
20230826 2334
20230827 2334
20230828 2333
20230829 2331
20230830 2332
20230831 2331
20230901 2332
20230902 2335
20230903 2341
20230904 2340
20230905 2343
20230906 2343
20230907 2342
20230908 2344
20230909 2349
20230910 2350
20230911 2348
20230912 2350
20230913 2348
20230914 2347
20230915 2345
20230916 2346
20230917 2345
20230918 2343
20230919 2343
20230920 2280
20230921 2286
20230922 2287
20230923 2289
20230924 2293
20230925 2291
20230926 2277
20230927 2276
20230928 2279
