20230707 3724
20230709 3722
20230710 3721
20230711 3727
20230712 3728
20230713 3729
20230714 3729
20230715 3724
20230714 3729
20230716 3725
20230714 3729
20230717 3726
20230714 3729
20230718 3722
20230714 3729
20230719 3723
20230721 3723
20230722 3724
20230721 3723
20230723 3725
20230721 3723
20230724 3720
20230725 3720
20230726 3716
20230725 3720
20230727 3717
20230728 3717
20230729 3720
20230728 3717
20230730 3716
20230731 3717
20230801 3717
20230802 3718
20230803 3718
20230804 3714
20230803 3718
20230805 3715
20230803 3718
20230806 3712
20230803 3718
20230807 3708
20230803 3718
20230808 3706
20230803 3718
20230809 3707
20230803 3718
20230810 3708
20230803 3718
20230811 3710
20230803 3718
20230812 3709
20230803 3718
20230813 3712
20230803 3718
20230815 3709
20230803 3718
20230816 3708
20230803 3718
20230817 3710
20230803 3718
20230818 3705
20230803 3718
20230819 3715
20230820 3715
20230821 3713
20230820 3715
20230822 3714
20230823 3714
20230824 3716
20230825 3714
20230823 3714
20230826 3719
20230823 3714
20230827 3718
20230823 3714
20230828 3715
20230823 3714
20230829 3713
20230823 3714
20230830 3698
20230823 3714
20230831 3693
20230823 3714
20230901 3694
20230823 3714
20230902 3691
20230823 3714
20230903 3685
20230904 3685
20230905 3690
20230904 3685
20230906 3694
20230904 3685
20230907 3691
20230908 3691
20230909 3690
20230911 3690
20230912 3688
20230911 3690
20230913 3685
20230911 3690
20230914 3689
20230911 3690
20230915 3687
20230911 3690
20230916 3684
20230911 3690
20230917 3680
20230911 3690
20230918 3678
20230911 3690
20230919 3677
20230911 3690
20230920 3611
20230911 3690
20230921 3607
20230911 3690
20230922 3603
20230911 3690
20230923 3599
20230911 3690
20230924 3600
20230911 3690
20230925 3599
20230911 3690
20230926 3602
20230911 3690
20230927 3607
20230911 3690
20230928 3608
20230911 3690
20230929 3606
20230911 3690
20230930 3607
20230911 3690
20231001 3604
20230911 3690
20231002 3606
20230911 3690
20231003 3608
20230911 3690
20231005 3606
20230911 3690
20231007 3607
20230911 3690
20231008 3615
20230911 3690
20231009 3618
20230911 3690
20231010 3616
20230911 3690
20231011 3611
20230911 3690
20231012 3609
20231013 3609
20231014 3607
20231015 3607
20231016 3605
20231015 3607
20231017 3606
20231018 3606
20231019 3608
20231018 3606
20231020 3603
20231018 3606
20231021 3598
20231022 3598
20231023 3596
20231022 3598
20231024 3595
20231022 3598
20231025 3594
20231022 3598
20231026 3597
20231022 3598
20231027 3601
20231022 3598
20231028 3596
20231022 3598
20231029 3595
20231022 3598
20231030 3593
20231031 3593
20231101 3591
20231031 3593
20231102 3590
20231031 3593
20231103 3592
20231031 3593
20231104 3591
20231031 3593
20231105 3590
20231031 3593
20231106 3588
20231031 3593
20231107 3591
20231108 3593
20231031 3593
20231109 3595
20231031 3593
20231110 3591
20231031 3593
20231111 3595
20231112 3595
20231113 3594
20231114 3595
20231112 3595
20231115 3601
20231112 3595
20231116 3604
20231112 3595
20231117 3607
20231112 3595
20231118 3614
20231112 3595
20231120 3612
20231121 3612
20231122 3609
20231121 3612
20231123 3619
20231121 3612
20231124 3625
20231121 3612
20231125 3622
20231121 3612
20231126 3620
20231121 3612
20231127 3619
20231121 3612
20231128 3620
20231121 3612
20231129 3619
20231121 3612
20231130 3623
20231121 3612
20231201 3621
20231202 3621
20231203 3620
20231204 3621
20231202 3621
20231205 3620
20231202 3621
20231206 3618
20231202 3621
20231207 3619
20231202 3621
20231208 3617
20231209 3617
20231210 3618
20231209 3617
20231211 3621
20231209 3617
20231212 3622
20231209 3617
20231213 3624
20231209 3617
20231214 3628
20231209 3617
20231215 3632
20231209 3617
20231216 3634
20231217 3634
20231218 3632
20231219 3632
20231220 3631
20231219 3632
20231221 3627
20231219 3632
20231222 3628
20231219 3632
20231223 3621
20231219 3632
20231224 3617
20231219 3632
20231225 3614
20231219 3632
20231226 3611
20231219 3632
20231227 3610
20231219 3632
20231230 3604
20231219 3632
20231231 3602
20231219 3632
20240101 3603
20231219 3632
20240102 3604
20231219 3632
20240103 3606
20240105 3606
20240106 3630
20240105 3606
20240107 3635
20240105 3606
20240108 3638
20240105 3606
20240109 3640
20240105 3606
20240110 3642
20240105 3606
20240111 3673
20240105 3606
20240112 3675
20240105 3606
20240113 3678
20240105 3606
20240114 3679
20240105 3606
20240115 3677
20240105 3606
20240116 3672
20240117 3672
20240118 3676
20240117 3672
20240119 3679
20240120 3672
20240117 3672
20240121 3674
20240117 3672
20240122 3675
20240117 3672
20240124 3677
20240117 3672
20240125 3675
20240126 3672
20240117 3672
20240127 3673
20240117 3672
20240128 3669
20240129 3669
20240130 3670
20240131 3670
20240201 3672
20240131 3670
20240202 3675
20240131 3670
20240203 3680
20240131 3670
20240204 3685
20240131 3670
20240205 3688
20240131 3670
20240206 3687
20240131 3670
20240207 3689
20240131 3670
20240208 3692
20240131 3670
20240209 3691
20240131 3670
20240210 3697
20240131 3670
20240211 3703
20240131 3670
20240212 3705
20240213 3705
20240214 3709
20240213 3705
20240215 3718
20240213 3705
20240216 3717
20240213 3705
20240217 3718
20240213 3705
20240218 3721
20240213 3705
20240219 3726
20240213 3705
20240220 3728
20240213 3705
20240221 3725
20240223 3725
20240224 3728
20240223 3725
20240225 3727
20240223 3725
20240226 3731
20240223 3725
20240227 3728
20240223 3725
20240228 3731
20240223 3725
20240229 3732
20240223 3725
20240301 3731
20240223 3725
20240302 3735
20240223 3725
20240303 3738
20240223 3725
20240304 3740
20240223 3725
20240305 3742
20240223 3725
20240306 3743
20240223 3725
20240307 3738
20240223 3725
20240308 3736
20240309 3736
20240310 3737
20240309 3736
20240311 3740
20240309 3736
20240312 3741
20240309 3736
20240313 3745
20240314 3745
20240315 3747
20240314 3745
20240316 3748
20240314 3745
20240317 3743
20240314 3745
20240318 3739
20240314 3745
20240319 3737
20240314 3745
20240320 3736
20240314 3745
20240321 3741
20240322 3741
20240323 3740
20240322 3741
20240324 3745
20240325 3741
20240322 3741
20240326 3739
20240327 3739
20240328 3737
20240327 3739
20240329 3736
20240327 3739
20240330 3737
20240327 3739
20240331 3735
20240327 3739
20240401 3733
20240327 3739
20240402 3730
20240327 3739
20240403 3732
20240327 3739
20240404 3744
20240327 3739
20240405 3747
20240327 3739
20240406 3741
20240407 3741
20240408 3744
20240407 3741
20240409 3746
20240411 3746
20240412 3751
20240411 3746
20240413 3749
20240411 3746
20240415 3750
20240416 3746
20240411 3746
20240417 3748
20240418 3746
20240411 3746
20240419 3745
20240420 3746
20240411 3746
20240421 3745
20240422 3746
20240411 3746
20240423 3743
20240424 3746
20240411 3746
20240425 3747
20240411 3746
20240426 3749
20240411 3746
20240427 3750
20240411 3746
20240428 3757
20240411 3746
20240429 3758
20240411 3746
20240430 3757
20240411 3746
20240501 3756
20240411 3746
20240503 3762
20240411 3746
20240504 3764
20240411 3746
20240505 3766
20240411 3746
20240506 3765
20240411 3746
20240507 3763
20240411 3746
20240508 3764
20240411 3746
20240509 3765
20240411 3746
20240510 3770
20240411 3746
20240511 3771
20240411 3746
20240512 3772
20240411 3746
20240513 3778
20240411 3746
20240514 3777
20240411 3746
20240515 3779
20240411 3746
20240516 3781
20240411 3746
20240517 3782
20240411 3746
20240518 3781
20240411 3746
20240519 3780
20240411 3746
20240520 3782
20240411 3746
20240521 3785
20240411 3746
20240522 3783
20240411 3746
20240523 3790
20240411 3746
20240524 3735
20240411 3746
20240525 3749
20240411 3746
20240526 3744
20240411 3746
20240527 3745
20240411 3746
20240528 3744
20240411 3746
20240529 3742
20240530 3746
20240411 3746
20240531 3749
20240411 3746
20240601 3753
20240411 3746
20240602 3751
20240411 3746
20240603 3749
20240411 3746
20240604 3745
20240411 3746
20240605 3747
20240411 3746
20240606 3749
20240411 3746
20240609 3742
20240411 3746
20240611 3756
20240411 3746
20240612 3753
20240411 3746
20240613 3754
20240411 3746
20240614 3756
20240615 3756
20240616 3757
20240615 3756
20240617 3759
20240615 3756
20240618 3758
20240615 3756
20240620 3759
20240615 3756
20240621 3760
20240615 3756
20240622 3759
20240615 3756
20240623 3751
20240615 3756
20240624 3747
20240615 3756
20240626 3744
20240615 3756
20240627 3741
20240628 3741
20240629 3738
20240628 3741
20240630 3735
20240701 3735
20240702 3732
20240703 3732
20240704 3734
20240703 3732
20240705 3735
20240703 3732
20240706 3731
20240703 3732
20240707 3725
20240703 3732
20240708 3724
20240703 3732
20240709 3718
20240703 3732
20240710 3713
20240703 3732
20240711 3714
20240703 3732
20240712 3708
20240703 3732
20240713 3705
20240703 3732
20240714 3701
20240703 3732
20240715 3699
20240703 3732
20240716 3700
20240703 3732
20240717 3702
20240703 3732
20240718 3701
20240703 3732
20240719 3699
20240703 3732
20240720 3696
20240703 3732
20240721 3695
20240703 3732
20240722 3697
20240703 3732
20240723 3694
20240724 3694
20240725 3689
20240724 3694
20240726 3687
20240724 3694
20240727 3683
20240724 3694
20240728 3678
20240724 3694
20240729 3680
20240724 3694
20240730 3683
20240724 3694
20240731 3684
20240724 3694
20240801 3680
20240724 3694
20240802 3678
20240724 3694
20240803 3676
20240804 3676
20240805 3675
20240804 3676
20240806 3679
20240804 3676
20240807 3678
20240804 3676
20240808 3677
20240804 3676
20240809 3679
20240804 3676
20240810 3671
20240804 3676
20240811 3669
20240804 3676
20240812 3666
20240804 3676
20240813 3667
20240804 3676
20240814 3666
20240804 3676
20240815 3662
20240804 3676
20240816 3663
20240817 3663
20240818 3659
20240817 3663
20240819 3658
20240817 3663
20240820 3659
20240821 3659
20240822 3656
20240821 3659
20240823 3665
20240821 3659
20240824 3666
20240821 3659
20240825 3669
20240821 3659
20240826 3670
20240821 3659
20240827 3672
20240821 3659
20240828 3671
20240821 3659
20240829 3674
20240821 3659
20240830 3675
20240831 3675
20240901 3674
20240831 3675
20240902 3673
20240831 3675
20240903 3676
20240831 3675
20240904 3679
20240905 3679
20240906 3681
20240905 3679
20240907 3685
20240905 3679
20240908 3683
20240905 3679
20240909 3681
20240905 3679
20240910 3683
20240911 3683
20240912 3679
20240911 3683
20240913 3682
20240915 3682
20240916 3684
20240915 3682
20240917 3690
20240915 3682
20240918 3693
20240915 3682
20240919 3691
20240915 3682
20240920 3697
20240915 3682
20240921 3690
20240915 3682
20240921 3694
20240915 3682
20240922 3690
20240922 3690
