20230707 6629
20230709 6627
20230710 6627
20230711 6626
20230712 6626
20230713 6631
20230714 6630
20230715 6634
20230716 6634
20230717 6632
20230718 6635
20230719 6635
20230720 6635
20230721 6636
20230722 6640
20230723 6640
20230724 6640
20230725 6643
20230726 6643
20230727 6644
20230728 6647
20230729 6644
20230730 6644
20230731 6644
20230801 6647
20230802 6645
20230803 6648
20230804 6649
20230805 6650
20230806 6650
20230807 6649
20230808 6649
20230809 6652
20230810 6653
20230811 6653
20230812 6657
20230813 6657
20230815 6654
20230816 6660
20230817 6659
20230818 6660
20230819 6660
20230820 6659
20230821 6658
20230822 6656
20230823 6657
20230824 6661
20230825 6665
20230826 6665
20230827 6665
20230828 6665
20230829 6670
20230830 6670
20230831 6670
20230901 6672
20230902 6677
20230903 6677
20230904 6676
20230905 6676
20230906 6680
20230907 6684
20230908 6688
20230909 6690
20230910 6689
20230911 6689
20230912 6688
20230913 6689
20230914 6689
20230915 6689
20230916 6691
20230917 6691
20230918 6691
20230919 6693
20230920 6673
20230921 6674
20230922 6674
20230923 6678
20230924 6678
20230925 6678
20230926 6659
20230927 6663
20230928 6663
20230929 6663
20230930 6663
20231001 6663
20231002 6663
20231003 6665
20231005 6666
20231007 6669
20231008 6669
20231009 6667
20231010 6671
20231011 6668
20231012 6634
20231013 6644
20231014 6643
20231015 6643
20231016 6643
20231017 6650
20231018 6648
20231019 6646
20231020 6650
20231021 6643
20231022 6643
20231023 6642
20231024 6645
20231025 6642
20231026 6642
20231027 6646
20231028 6650
20231029 6650
20231030 6650
20231031 6650
20231101 6648
20231102 6648
20231103 6655
20231104 6662
20231105 6662
20231106 6662
20231107 6657
20231108 6662
20231109 6665
20231110 6667
20231111 6668
20231112 6666
20231113 6666
20231114 6671
20231115 6676
20231116 6676
20231117 6680
20231118 6680
20231120 6680
20231121 6680
20231122 6688
20231123 6688
20231124 6688
20231125 6688
20231126 6688
20231127 6688
20231128 6692
20231129 6692
20231130 6700
20231201 6699
20231202 6701
20231203 6701
20231204 6700
20231205 6701
