20230922 17794
20230924 17795
20230925 17798
20230926 17795
20230927 17791
20230928 17793
20230929 17796
20230930 17798
20231001 17811
20231002 17814
20231003 17815
20231005 17804
20231007 17814
20231008 17812
20231009 17802
20231010 17804
20231011 17797
20231012 17800
20231013 17801
20231014 17807
20231015 17807
20231016 17808
20231017 17808
20231018 17797
20231019 17797
20231020 17808
20231021 17817
20231022 17825
20231023 17824
20231024 17827
20231025 17822
20231026 17820
20231027 17824
20231028 17816
20231029 17817
20231030 17817
20231031 17815
20231101 17802
20231102 17779
20231103 17783
20231104 17778
20231105 17780
20231106 17781
20231107 17783
20231108 17783
20231109 17778
20231110 17775
20231111 17773
20231112 17785
20231113 17789
20231114 17789
20231115 17787
20231116 17780
20231117 17778
20231118 17789
20231120 17788
20231121 17793
20231122 17793
20231123 17794
20231124 17787
20231125 17791
20231126 17798
20231127 17797
20231128 17801
20231129 17797
20231130 17797
20231201 17795
20231202 17802
20231203 17809
20231204 17815
20231205 17810
20231206 17806
20231207 17801
20231208 17803
20231209 17809
20231210 17808
20231211 17805
20231212 17805
20231213 17811
20231214 17793
20231215 17793
20231216 17800
20231217 17803
20231218 17801
20231219 17806
20231220 17803
20231221 17806
20231222 17803
20231223 17802
20231224 17801
20231225 17794
20231226 17789
20231227 17776
20231230 17755
20231231 17748
20240101 17744
20240102 17738
20240103 17732
20240104 17732
20240105 17725
20240106 17730
20240107 17741
20240108 17744
20240109 17746
20240110 17742
20240111 17751
20240112 17753
20240113 17751
20240114 17754
20240115 17754
20240116 17762
20240117 17757
20240118 17744
20240119 18499
20240120 17757
20240121 17760
20240122 17767
20240124 17759
20240125 17762
20240126 17766
20240127 17770
20240128 17773
20240129 17772
20240130 17774
20240131 17772
20240201 17778
20240202 17780
20240203 17784
20240204 17788
20240205 17793
20240206 17787
20240207 17790
20240208 17787
20240209 17790
20240210 17790
20240211 17793
20240212 17796
20240213 17797
20240214 17783
20240215 17781
20240216 17797
20240217 17804
20240218 17808
20240219 17804
20240220 17803
20240221 17799
20240222 17797
20240223 17799
20240224 17810
20240225 17808
20240226 17809
20240227 17803
20240228 17801
20240229 17798
20240301 17806
20240302 17814
20240303 17812
20240304 17823
20240305 17824
20240306 17817
20240307 17814
20240308 17818
20240309 17827
20240310 17829
20240311 17834
20240312 17838
20240313 17839
20240314 17839
20240315 17838
20240316 17853
20240317 17847
20240318 17849
20240319 17841
20240320 17818
20240321 17817
20240322 17730
20240323 17832
20240324 17830
20240325 17840
20240326 17838
20240327 17846
20240328 17847
20240329 17849
20240330 17843
20240331 17843
20240401 17839
20240402 17837
20240403 17838
20240404 17830
20240405 17815
20240406 17810
20240407 17818
20240408 17814
20240409 17809
20240410 17811
20240411 17816
20240412 17816
20240413 17819
20240415 17820
20240416 17821
20240417 17824
20240418 17818
20240419 17822
20240420 17821
20240421 17833
20240422 17838
20240423 17836
20240424 17836
20240425 17835
20240426 17832
20240427 17823
20240428 17825
20240429 17830
20240430 17833
20240501 17834
20240503 17833
20240504 17838
20240505 17841
20240506 17841
20240507 17843
20240508 17843
20240509 17852
20240510 17857
20240511 17864
20240512 17864
20240513 17868
20240514 17853
20240515 17846
20240516 17786
20240517 17780
20240518 17784
20240519 17787
20240520 17784
20240521 17787
20240522 17786
20240523 17791
20240524 17787
20240525 17792
20240526 17796
20240527 17800
20240528 17797
20240529 17798
20240530 17795
20240531 17798
20240601 17798
20240602 17808
20240603 17807
20240604 17810
20240605 17803
20240606 17809
20240609 17789
20240611 17799
20240612 17799
20240613 17801
20240614 17803
20240615 17796
20240616 17828
20240617 17850
20240618 17847
20240620 17860
20240621 17855
20240622 17850
20240623 17856
20240624 17863
20240626 17860
20240627 17857
20240628 17852
20240629 17853
20240630 17846
20240701 17850
20240702 17852
20240703 17853
20240704 17848
20240705 17848
20240706 17855
20240707 17862
20240708 17859
20240709 17856
20240710 17847
20240711 17849
20240712 17849
20240713 17852
20240714 17854
20240715 17865
20240716 17864
20240717 17864
20240718 17857
20240719 17861
20240720 17859
20240721 17862
20240722 17856
20240723 17856
20240724 17857
20240725 17849
20240726 17846
20240727 17841
20240728 17826
20240729 17827
20240730 17825
20240731 17821
20240801 17820
20240802 17822
20240803 17822
20240804 17822
20240805 17829
20240806 17826
20240807 17825
20240808 17825
20240809 17821
20240810 17815
20240811 17815
20240812 17804
20240813 17799
20240814 17807
20240815 17807
20240816 17803
20240817 17804
20240818 17827
20240819 17829
20240820 17827
20240821 17824
20240822 17821
20240823 17822
20240824 17814
20240825 17814
20240826 17823
20240827 17823
20240828 17842
20240829 17842
20240830 17840
20240831 17840
20240901 17843
20240902 17856
20240903 17856
20240904 17854
20240905 17847
20240906 17846
20240907 17847
20240908 17853
20240909 17857
20240910 17862
20240911 17853
20240912 17853
20240913 17851
20240914 17856
20240915 17860
20240916 17867
20240917 17864
20240918 17864
20240919 17866
20240920 17871
20240921 17862
20240922 17872
20240925 17871
20240926 17870
20240927 17866
20240928 17858
20240929 17866
20240930 17872
20241001 17869
20241002 17865
20241003 17868
20241004 17862
20241005 17865
20241006 17871
20241007 17869
20241008 17867
20241009 17869
20241010 17862
20241011 17863
20241012 17867
20241013 17865
20241014 17863
20241015 17862
20241016 17860
20241017 17858
20241018 17868
20241019 17870
20241020 17873
20241021 17872
20241022 17864
20241023 17860
20241024 17868
20241025 17879
20241026 17884
20241027 17877
20241028 17877
20241029 17879
20241030 17875
20241031 17871
20241101 17878
20241102 17872
20241103 17874
20241104 17877
20241105 17875
20241106 17870
20241107 17869
20241108 17872
20241109 17875
20241110 17869
20241111 17880
20241112 17875
20241113 17872
20241114 17866
20241115 17863
20241116 17860
20241117 17860
20241118 17859
20241119 17860
20241120 17858
20241121 17852
20241122 17852
20241123 17851
20241124 17851
20241125 17850
20241126 17850
20241127 17847
20241128 17842
