20230707 466
20230709 466
20230710 466
20230711 466
20230712 466
20230714 466
20230715 466
20230716 466
20230717 466
20230718 466
20230719 466
20230720 466
20230721 466
20230722 466
20230723 466
20230724 466
20230725 466
20230726 466
20230727 466
20230728 465
20230729 465
20230730 465
20230731 465
20230801 465
20230802 465
20230803 465
20230804 465
20230805 465
20230806 465
20230807 465
20230808 465
20230809 465
20230810 465
20230811 465
20230812 465
20230813 465
20230815 465
20230816 465
20230817 465
20230818 465
20230819 465
20230820 465
20230821 465
20230822 465
20230823 465
20230824 465
20230825 465
20230826 465
20230827 465
20230828 465
20230829 465
20230830 465
20230831 465
20230901 465
20230902 465
