20230707 1450
20230709 1448
20230710 1448
20230711 1446
20230712 1445
20230714 1443
20230715 1443
20230716 1441
20230717 1445
20230718 1444
20230719 1444
20230720 1440
20230721 1437
20230722 1438
20230723 1435
20230724 1435
20230725 1437
20230726 1436
20230727 1434
20230728 1434
20230729 1433
20230730 1435
20230731 1428
20230801 1427
20230802 1426
20230803 1422
20230804 1424
20230805 1424
20230806 1423
20230807 1424
20230808 1427
20230809 1426
20230810 1427
20230811 1428
20230812 1428
20230813 1426
20230815 1427
20230816 1429
20230817 1429
20230818 1440
20230819 1440
20230820 1442
20230821 1441
20230822 1442
20230823 1438
20230824 1437
20230825 1437
20230826 1436
20230827 1432
20230828 1432
20230829 1433
20230830 1436
20230831 1436
20230901 1435
20230902 1436
20230903 1437
20230904 1434
20230905 1433
20230906 1435
20230907 1433
20230908 1434
20230909 1435
20230910 1435
