20230707 1249
20230709 1248
20230710 1248
20230711 1246
20230712 1245
20230713 1244
20230714 1243
20230715 1242
20230716 1241
20230717 1244
20230718 1243
20230719 1243
20230720 1243
20230721 1243
20230722 1243
20230723 1242
20230724 1241
20230725 1242
20230726 1245
20230727 1246
20230728 1250
20230729 1257
20230730 1275
20230731 1275
20230801 1284
20230802 1284
20230803 1281
20230804 1281
20230805 1282
20230806 1282
20230807 1283
20230808 1308
20230809 1307
20230810 1309
20230811 1304
20230812 1303
20230813 1302
20230815 1301
20230816 1301
20230817 1307
20230818 1307
20230819 1307
20230820 1306
20230821 1303
20230822 1300
20230823 1297
20230824 1297
20230825 1294
20230826 1295
20230827 1295
20230828 1294
20230829 1295
20230830 1295
20230831 1296
20230901 1296
20230902 1295
20230903 1295
20230904 1292
20230905 1291
20230906 1293
20230907 1291
20230908 1289
20230909 1289
20230910 1290
20230911 1292
20230912 1289
20230913 1287
20230914 1287
20230915 1287
20230916 1286
20230917 1284
20230918 1281
20230919 1283
20230920 1227
20230921 1226
20230922 1226
20230923 1226
20230924 1225
20230925 1225
20230926 1225
20230927 1225
20230928 1225
20230929 1224
20230930 1223
20231001 1223
20231002 1228
20231003 1233
20231005 1244
20231007 1248
20231008 1248
20231009 1253
20231010 1252
20231011 1252
20231012 1251
20231013 1250
20231014 1250
20231015 1250
20231016 1249
20231017 1249
20231018 1248
20231019 1248
20231020 1250
20231021 1251
20231022 1251
20231023 1250
20231024 1110
20231025 1099
20231026 1100
20231027 1102
20231028 1102
20231029 1106
20231030 1106
20231031 1105
20231101 1104
20231102 1102
20231103 1102
20231104 1102
20231105 1101
20231106 1102
20231107 1101
20231108 1101
20231109 1101
20231110 1101
