20230707 1140
20230804 1140
20230805 1141
20230908 1141
20230909 1139
20230915 1139
20230916 1133
20230919 1133
20230920 569
20231013 569
20231014 565
20231130 565
20231201 566
20240108 566
20240109 567
20240207 567
20240208 568
20240401 568
20240402 571
20240422 571
20240423 572
20240525 572
20240526 573
20240624 573
20240626 573
20240627 573
20240628 573
20240629 573
20240630 573
20240701 573
20240702 573
20240703 573
20240704 573
20240705 573
20240706 573
20240707 573
20240708 573
20240709 573
20240710 573
20240711 573
20240712 573
20240713 573
20240714 573
20240715 573
20240716 573
20240717 573
20240718 573
20240719 573
20240720 573
20240721 573
20240722 573
20240723 573
20240724 573
20240725 573
20240726 573
20240727 573
20240728 573
20240729 573
20240730 573
20240731 573
20240801 573
20240802 573
20240803 573
20240804 573
20240805 573
20240806 573
20240807 573
20240808 573
20240809 573
20240810 573
20240811 573
20240812 573
20240813 573
20240814 573
20240815 573
20240816 573
20240817 573
20240818 573
20240819 573
20240820 573
20240821 573
20240822 574
20240823 574
20240824 574
20240825 574
20240826 574
20240827 574
20240828 574
20240829 574
20240830 575
20240831 575
20240901 575
20240902 575
20240903 575
20240904 575
20240905 575
20240906 575
20240907 575
20240908 575
20240909 575
20240910 574
20240911 572
