20230707 2217
20230709 2217
20230710 2213
20230711 2213
20230712 2212
20230713 2218
20230714 2217
20230715 2219
20230716 2217
20230717 2218
20230718 2212
20230719 2212
20230720 2213
20230721 2211
20230722 2211
20230723 2212
20230724 2210
20230725 2211
20230726 2210
20230727 2206
20230728 2209
20230729 2211
20230730 2211
20230731 2211
20230801 2213
20230802 2211
20230803 2210
20230804 2212
20230805 2210
20230806 2209
20230807 2209
20230808 2209
20230809 2209
20230810 2209
20230811 2212
20230812 2212
20230813 2212
20230815 2212
20230816 2217
20230817 2218
20230818 2218
20230819 2217
20230820 2218
20230821 2219
20230822 2221
20230823 2223
20230824 2219
20230825 2219
20230826 2221
20230827 2223
20230828 2226
20230829 2226
20230830 2228
20230831 2231
20230901 2229
20230902 2228
20230903 2229
20230904 2231
20230905 2233
20230906 2232
20230907 2232
20230908 2233
20230909 2232
20230910 2232
20230911 2230
20230912 2226
20230913 2227
20230914 2228
20230915 2228
20230916 2228
20230917 2227
20230918 2227
20230919 2227
20230920 2108
20230921 2109
20230922 2115
20230923 2117
20230924 2118
20230925 2116
20230926 2115
20230927 2114
20230928 2115
20230929 2115
20230930 2116
20231001 2117
20231002 2118
20231003 2114
20231005 2115
20231007 2117
20231008 2119
20231009 2118
20231010 2116
20231011 2116
20231012 2115
20231013 2114
20231014 2112
20231015 2111
20231016 2111
20231017 2113
20231018 2113
20231019 2113
20231020 2113
20231021 2111
20231022 2110
20231023 2110
20231024 2113
20231025 2113
20231026 2113
20231027 2115
20231028 2113
20231029 2114
20231030 2113
20231031 2112
20231101 2111
20231102 2111
20231103 2111
20231104 2111
20231105 2107
20231106 2107
20231107 2105
20231108 2105
20231109 2106
20231110 2110
20231111 2109
20231112 2111
20231113 2110
20231114 2109
20231115 2109
20231116 2107
20231117 2106
20231118 2106
20231120 2105
20231121 2104
20231122 2104
20231123 2105
20231124 2106
20231125 2103
20231126 2100
20231127 2101
20231128 2101
20231129 2101
20231130 2101
20231201 2100
20231202 2100
20231203 2100
20231204 2100
20231205 2100
20231206 2103
20231207 2107
20231208 2107
20231209 2102
20231210 2104
20231211 2103
20231212 2102
20231213 2101
20231214 2100
20231215 2103
20231216 2103
20231217 2105
20231218 2105
20231219 2103
20231220 2102
20231221 2102
20231222 2103
20231223 2105
20231224 2104
20231225 2100
20231226 2102
20231227 2101
20231230 2106
20231231 2105
20240101 2105
20240102 2109
20240103 2105
20240104 2105
20240105 2104
20240106 2124
20240107 2125
20240108 2126
20240109 2124
20240110 2124
20240111 2155
20240112 2153
20240113 2153
20240114 2151
20240115 2150
20240116 2148
20240117 2146
20240118 2144
20240119 2143
20240120 2148
20240121 2145
20240122 2143
20240124 2143
20240125 2144
20240126 2146
20240127 2145
20240128 2143
20240129 2141
20240130 2141
20240131 2141
20240201 2142
20240202 2141
