20230922 2301
20230924 2303
20230925 2302
20230926 2304
20230927 2306
20230928 2307
20230929 2307
20230930 2308
20231001 2304
20231002 2305
20231003 2302
20231005 2303
20231007 2307
20231008 2308
20231009 2308
20231010 2307
20231011 2310
20231012 2307
20231013 2311
20231014 2311
20231015 2313
20231016 2311
20231019 2311
20231020 2312
20231021 2311
20231022 2323
20231023 2322
20231024 2324
20231025 2326
20231027 2326
20231028 2327
20231029 2328
20231030 2327
20231031 2326
20231101 2328
20231102 2325
20231103 2323
20231104 2308
20231105 2286
20231106 2286
20231107 2287
20231108 2287
20231109 2266
20231110 2246
20231111 2246
20231112 2259
20231113 2265
20231114 2264
20231115 2267
20231116 2268
20231117 2273
20231118 2272
20231120 2282
20231121 2280
20231122 2282
20231123 2280
20231124 2254
20231125 2252
20231126 2261
20231127 2263
20231128 2269
20231129 2268
20231130 2271
20231201 2273
20231202 2272
20231203 2273
20231204 2286
20231205 2288
20231206 2286
20231207 2255
20231208 2264
20231209 2263
20231210 2266
20231211 2268
20231212 2270
20231213 2271
20231214 2270
20231215 2272
20231216 2279
20231217 2284
20231218 2285
20231219 2289
20231220 2288
20231221 2286
20231222 2286
20231223 2261
20231224 2208
20231225 2206
20231226 2206
20231227 2204
20231230 2188
20231231 2194
20240101 2202
20240102 2204
20240103 2204
20240104 2202
20240105 2202
20240106 2203
20240107 2204
20240108 2215
20240109 2214
20240110 2213
20240111 2215
20240112 2219
20240113 2220
20240114 2222
20240115 2223
20240116 2232
20240117 2227
20240118 2228
20240119 1984
20240120 2238
20240121 2242
20240122 2242
20240124 2245
20240125 2247
20240126 2246
20240127 2245
20240128 2244
20240129 2247
20240130 2247
20240131 2246
20240201 2249
20240202 2251
20240203 2249
20240204 2252
20240205 2254
20240206 2257
20240207 2256
20240208 2258
20240209 2256
20240210 2259
20240211 2259
20240212 2263
20240214 2263
20240215 2261
20240216 2261
20240217 2263
20240218 2267
20240219 2264
20240220 2267
20240221 2266
20240222 2267
20240223 2249
20240224 2255
20240225 2262
20240226 2264
20240227 2265
20240228 2266
20240229 2266
20240301 2268
20240302 2272
20240303 2271
20240304 2272
20240305 2273
20240306 2276
20240307 2277
20240308 2275
20240309 2278
20240310 2277
20240311 2277
20240312 2281
20240313 2280
20240314 2281
20240315 2279
20240316 2283
20240317 2288
20240319 2288
20240320 2292
20240321 2290
20240322 2288
20240325 2288
20240326 2291
20240327 2290
20240328 2291
20240329 2290
20240330 2290
20240331 2291
20240401 2292
20240402 2290
20240403 2291
20240404 2292
20240405 2290
20240406 2283
20240407 2285
20240408 2285
20240409 2288
20240410 2291
20240411 2291
20240412 2292
20240413 2294
20240415 2297
20240416 2294
20240417 2296
20240418 2296
20240419 2300
20240420 2299
20240421 2302
20240422 2305
20240423 2304
20240424 2308
20240425 2309
20240426 2311
20240427 2312
20240428 2313
20240430 2313
20240501 2316
20240503 2316
20240504 2320
20240505 2321
20240507 2321
20240508 2326
20240509 2325
20240510 2324
20240511 2328
20240512 2328
20240513 2331
20240514 2329
20240515 2331
20240516 2330
20240517 2333
20240518 2330
20240519 2331
20240520 2332
20240521 2334
20240522 2333
20240523 2333
20240524 2336
20240525 2335
20240526 2336
20240527 2338
20240528 2339
20240529 2338
20240530 2339
20240531 2338
20240602 2338
20240603 2333
20240604 2335
20240605 2334
20240606 2334
20240609 2343
20240611 2339
20240612 2339
20240613 2338
20240614 2339
20240615 2343
20240616 2341
20240617 2341
20240618 2344
20240620 2344
20240621 2343
20240622 2345
20240623 2347
20240624 2352
20240626 2353
20240627 2355
20240628 2353
20240629 2352
20240630 2353
20240701 2351
20240702 2354
20240703 2353
20240704 2353
20240705 2347
20240706 2344
20240707 2348
20240708 2347
20240709 2345
20240710 2345
20240711 2348
20240712 2347
20240713 2348
20240714 2350
20240715 2353
20240716 2354
20240717 2354
20240718 2352
20240719 2352
20240720 2354
20240721 2355
20240722 2355
20240723 2355
20240724 2356
20240725 2356
20240726 2359
20240727 2359
20240728 2359
20240729 2361
20240730 2360
20240731 2360
20240801 2355
20240802 2359
20240803 2357
20240804 2357
20240805 2362
20240806 2362
20240807 2363
20240808 2363
20240809 2359
20240810 2357
20240811 2357
20240812 2360
20240813 2362
20240814 2365
20240815 2365
20240816 2366
20240817 2366
20240818 2367
20240819 2367
20240820 2368
20240821 2368
20240822 2372
20240823 2372
20240824 2370
20240825 2372
20240826 2373
20240827 2373
20240828 2376
20240829 2376
20240830 2375
20240831 2375
20240901 2373
20240902 2375
20240903 2375
20240904 2373
20240905 2374
20240906 2373
20240907 2371
20240908 2373
20240909 2376
20240910 2376
20240911 2378
20240912 2378
20240913 2380
20240914 2379
20240915 2380
20240916 2379
20240917 2383
20240918 2383
20240919 2384
20240920 2385
20240921 2386
20240922 2387
20240925 2388
20240926 2389
20240927 2388
20240928 2391
20240929 2391
20240930 2391
20241001 2392
20241002 2390
20241003 2389
20241004 2367
20241005 2370
20241006 2372
20241007 2374
20241008 2374
20241009 2373
20241010 2374
20241011 2375
20241012 2376
20241013 2375
20241014 2375
20241015 2376
20241016 2375
20241017 2376
20241018 2369
20241019 2371
20241020 2369
20241021 2370
20241022 2370
20241023 2371
20241024 2370
20241025 2373
20241026 2365
20241027 2364
20241028 2363
20241029 2365
20241030 2365
20241031 2368
20241101 2346
20241102 2314
20241103 2321
20241104 2328
20241105 2324
20241106 2328
20241107 2328
20241108 2329
20241109 2328
20241110 2329
20241111 2331
20241112 2330
20241113 2330
20241114 2331
20241115 2331
20241116 2333
20241117 2335
20241118 2338
20241119 2338
20241120 2338
20241121 2339
20241122 2340
20241123 2340
20241124 2343
20241125 2347
20241126 2348
20241127 2348
20241128 2349
20241129 2342
20241130 2299
20241201 2300
20241202 2306
20241203 2307
20241204 2306
20241205 2313
20241206 2321
20241207 2321
20241208 2325
20241209 2329
20241210 2329
20241211 2329
20241212 2330
20241213 2332
20241214 2285
20241215 2300
20241216 2307
20241217 2305
20241218 2306
20241219 2305
20241220 2307
20241221 2314
20241222 2321
20241223 2324
20241224 2325
20241225 2326
20241226 2326
20241227 2326
20241228 2327
20241229 2328
20241230 2328
20241231 2330
20250101 2328
20250102 2330
20250103 2331
20250104 2329
20250105 2332
20250106 2330
20250107 2330
20250108 2329
20250109 2330
20250110 2333
20250111 2334
20250112 2332
20250113 2330
20250114 2334
20250115 2335
20250116 2334
20250117 2337
20250118 2337
20250119 2339
20250120 2337
20250121 2339
20250122 2338
20250123 2338
20250124 2340
20250125 2340
20250126 2334
20250127 2333
20250128 2334
20250129 2333
20250130 2334
20250131 2319
20250201 2322
20250202 2322
20250203 2323
20250204 2324
20250205 2326
20250206 2325
20250207 2328
20250208 2327
20250210 2326
20250211 2328
20250212 2329
20250213 2327
20250214 2322
20250215 2326
20250216 2326
20250217 2331
20250218 2329
20250219 2329
20250220 2331
20250221 2330
20250222 2333
20250223 2336
20250224 2334
20250225 2334
20250226 2334
20250227 2335
20250228 2335
20250301 2337
20250302 2338
20250303 2338
20250304 2340
20250305 2341
20250306 2341
20250307 2342
20250308 2346
20250309 2346
20250310 2342
20250311 2343
20250312 2343
20250313 2342
20250314 2345
20250315 2345
20250316 2344
20250317 2345
20250318 2348
20250319 2347
20250320 2347
20250321 2348
20250322 2350
20250323 2348
20250324 2345
20250326 2345
20250327 2347
20250328 2346
20250329 2345
20250330 2347
20250331 2346
20250401 2347
20250402 2348
20250403 2348
20250404 2346
20250405 2346
20250406 2348
20250407 2353
20250408 2353
20250409 2353
20250410 2352
20250411 2358
20250412 2358
20250413 2359
20250414 2361
20250415 2362
20250416 2362
20250417 2360
20250418 2367
20250419 2367
20250420 2369
20250421 2369
20250422 2369
20250423 2368
20250424 2371
20250425 2367
20250426 2369
20250427 2369
20250428 2373
20250429 2376
20250430 2377
20250501 2376
20250502 2379
20250503 2377
20250504 2380
20250505 2381
20250506 2380
20250507 2383
20250508 2381
20250509 2380
20250510 2382
20250511 2384
20250512 2383
20250513 2383
20250514 2384
20250515 2385
20250516 2384
20250517 2383
20250518 2385
20250519 2383
20250520 2386
20250521 2384
20250522 2385
20250523 2389
20250524 2387
20250525 2387
20250526 2388
20250527 2392
20250528 2394
20250529 2392
20250530 2391
20250531 2393
20250601 2393
20250602 2393
20250603 2392
20250604 2393
20250605 2394
20250606 2394
20250607 2397
20250608 2398
20250609 2397
20250610 2399
20250611 2400
20250612 2400
20250613 2404
20250614 2405
20250615 2406
20250616 2393
20250617 2395
20250618 2395
20250619 2395
20250620 2397
20250621 2398
20250622 2397
20250623 2399
20250624 2400
20250625 2400
20250626 2399
20250627 2400
20250628 2402
20250629 2401
20250630 2404
20250701 2405
20250702 2405
20250703 2399
20250704 2396
20250705 2398
20250706 2397
20250707 2398
20250708 2398
20250709 2398
20250710 2396
20250711 2399
20250712 2397
20250713 2398
20250714 2398
20250715 2399
20250716 2400
20250717 2401
20250718 2403
20250719 2404
20250720 2403
20250722 2405
20250723 2406
20250724 2404
20250725 2406
20250726 2407
20250727 2409
20250728 2410
20250729 2411
20250730 2412
20250731 2411
20250801 2412
20250802 2414
20250803 2414
20250804 2415
20250805 2415
20250806 2416
20250807 2417
20250808 2417
20250810 2419
20250811 2421
20250812 2423
20250813 2426
20250814 2421
20250815 2425
20250816 2423
20250817 2427
20250818 2426
20250819 2427
20250820 2426
20250821 2426
20250822 2428
20250823 2428
20250824 2428
20250825 2428
20250826 2427
20250827 2428
20250828 2427
20250829 2428
20250830 2429
20250831 2428
20250901 2428
20250902 2428
20250903 2429
20250904 2428
20250905 2428
20250906 2426
20250907 2431
20250908 2429
20250909 2429
20250910 2430
20250911 2430
20250912 2430
20250913 2431
20250914 2432
20250915 2431
20250916 2434
20250917 2435
20250918 2438
20250919 2438
20250920 2437
20250921 2438
20250922 2438
20250923 2439
20250924 2438
20250925 2438
20250926 2441
20250927 2439
20250928 2441
20250929 2443
20250930 2444
20251001 2444
20251002 2445
20251003 2443
20251004 2443
20251005 2443
20251006 2444
