20230718 911
20230813 911
20230815 878
20230904 878
20230905 890
20231003 890
20231005 896
20240115 896
20240116 915
20240319 915
20240320 870
20240415 870
20240416 880
20240506 880
20240507 886
20240603 886
20240604 943
20240624 943
20240626 943
20240627 943
20240628 943
20240629 943
20240630 943
20240701 943
20240702 943
20240703 943
20240704 943
20240705 943
20240706 943
20240707 943
20240708 943
20240709 943
20240710 943
20240711 943
20240712 943
20240713 943
20240714 943
20240715 943
20240716 943
20240717 943
20240718 943
20240719 943
20240720 943
20240721 943
20240722 943
20240723 943
20240724 943
20240725 943
20240726 943
20240727 943
20240728 943
20240729 943
20240730 943
20240731 943
