20230922 24506
20230924 24413
20230925 24340
20230926 24291
20230927 24287
20230928 24227
20230929 24190
20230930 24045
20231001 23866
20231002 23715
20231003 23612
20231005 23466
20231007 23153
20231008 23048
20231009 22964
20231010 22940
20231011 22902
20231012 22856
20231013 22809
20231014 22743
20231015 22686
20231016 22616
20231017 22616
20231018 22458
20231019 22458
20231020 22317
20231021 22267
20231022 22194
20231023 22149
20231024 22044
20231025 21938
20231026 21791
20231027 21700
20231028 21653
20231029 21543
20231030 21510
20231031 21441
20231101 21355
20231102 21228
20231103 21121
20231104 21048
20231105 20982
20231106 20882
20231107 20647
20231108 20647
20231109 20412
20231110 20334
20231111 20278
20231112 20193
20231113 20121
20231114 19937
20231115 19847
20231116 19738
20231117 19639
20231118 19610
20231120 19431
20231121 19362
20231122 19150
20231123 19052
20231124 18981
20231125 18899
