20230708 9095
20230710 9110
20230711 9120
20230712 9121
20230713 9127
20230714 9137
20230715 9135
20230716 9134
20230717 9155
20230718 9165
20230719 9164
20230720 9163
20230721 9180
20230722 9180
20230723 9179
20230724 9179
20230725 9190
20230726 9204
20230727 9214
20230728 9220
20230729 9227
20230730 9223
20230731 9223
20230801 9234
20230802 9245
20230803 9251
20230804 9264
20230805 9271
20230806 9271
20230807 9271
20230808 9291
20230809 9295
20230810 9307
20230811 9310
20230812 9320
20230813 9319
