20230707 8234
20230709 8232
20230710 8231
20230711 8228
20230712 8229
20230713 8236
20230714 8236
20230715 8237
20230716 8234
20230717 8238
20230718 8242
20230719 8238
20230720 8240
20230721 8243
20230722 8242
20230723 8241
20230724 8237
20230725 8237
20230726 8237
20230727 8239
20230728 8249
20230729 8244
20230730 8246
20230731 8246
20230801 8250
20230802 8235
20230803 8233
20230804 8234
20230805 8231
20230806 8229
20230807 8237
20230808 8240
20230809 8241
20230810 8246
20230811 8245
20230812 8247
20230813 8243
20230815 8223
20230816 8224
20230817 8231
20230818 8231
20230819 8238
