20230707 290131
20230709 290157
20230710 290135
20230711 290127
20230712 287586
20230713 287635
20230714 287663
20230715 286610
20230716 287651
20230717 287780
20230718 288616
20230719 289860
20230720 289794
20230721 289908
20230722 290003
20230723 290059
20230724 290158
20230725 290250
20230726 290248
20230727 292282
20230728 292233
20230729 292308
20230730 292419
20230731 292510
20230801 292776
20230802 292755
20230803 292747
20230804 292650
20230805 292817
20230806 292753
20230807 266589
20230808 266802
20230809 266866
20230810 266940
20230811 267140
20230812 267340
20230813 267445
20230815 267422
20230816 267435
20230817 267509
20230818 268053
20230819 267491
20230820 267549
20230821 267527
20230822 267099
20230823 267167
20230824 267390
20230825 267381
20230826 267148
20230827 266554
20230828 264744
20230829 264067
20230830 264088
20230831 264131
20230901 264198
20230902 263679
20230903 263737
20230904 263771
20230905 263272
20230906 263285
20230907 263251
20230908 262480
20230909 262483
20230910 262496
20230911 262501
20230912 262256
20230913 261801
20230914 261808
20230915 261516
20230916 261527
20230917 261691
20230918 260968
20230919 260978
20230920 260383
20230921 258958
20230922 258358
20230923 258288
20230924 257786
20230925 257792
20230926 257844
20230927 257250
20230928 256313
20230929 255637
20230930 255565
20231001 254968
20231002 255032
20231003 255167
20231005 255169
20231007 255303
20231008 255193
20231009 255316
20231010 255355
20231011 255392
20231012 255441
20231013 255495
20231014 255553
20231015 255640
20231016 255653
20231017 255400
20231018 255353
20231019 255453
20231020 255549
20231021 255599
20231022 255696
20231023 255732
20231024 255928
20231025 245963
20231026 246031
20231027 246128
20231028 245368
20231029 245501
20231030 245460
20231031 244801
20231101 244970
20231102 245090
20231103 244378
20231104 244507
20231105 244124
20231106 244185
20231107 244305
20231108 243424
20231109 242746
20231110 242667
20231111 242860
20231112 241911
20231113 240934
20231114 239701
20231115 239153
20231116 238665
20231117 238222
20231118 238169
20231120 238125
20231121 229125
20231122 229098
20231123 229212
20231124 231335
20231125 233164
20231126 234481
20231127 234603
20231128 234533
20231129 234686
20231130 234139
20231201 233866
20231202 232916
20231203 232536
20231204 232373
20231205 232401
20231206 233688
20231207 234091
20231208 235821
20231209 236087
20231210 236289
20231211 239780
20231212 239268
20231213 239407
20231214 243310
20231215 243206
20231216 246544
20231217 246465
20231218 246564
20231219 246714
20231220 246564
20231221 247303
20231222 247352
20231223 248709
20231224 248729
20231225 247689
20231226 250832
20231227 250270
20231230 256477
20231231 254658
20240101 254695
20240102 254674
20240103 250999
20240104 250679
20240105 254920
20240106 254829
20240107 254730
20240108 252860
20240109 255309
20240110 254249
20240111 258275
20240112 255935
20240113 254575
20240114 253398
20240115 258762
20240116 258439
20240117 261449
20240118 262574
20240119 265783
20240120 266400
20240121 265791
20240122 267596
20240124 265029
20240125 268344
20240126 269457
20240127 267174
20240128 269822
20240129 269203
20240130 268750
20240131 271464
20240201 271254
20240202 271264
20240203 273372
20240204 272575
20240205 272436
20240206 277514
20240207 275632
20240208 271889
20240209 271856
20240210 266974
20240211 264114
20240212 260819
20240213 259819
20240214 253145
20240215 253160
20240216 250808
20240217 247732
20240218 243195
20240219 237853
20240220 237787
20240221 241561
20240222 241605
20240223 241795
20240224 242118
20240225 241989
20240226 241960
20240227 246198
20240228 242088
20240229 249046
20240301 247240
20240302 246178
20240303 244128
20240304 243175
20240305 241483
20240306 239550
20240307 237875
20240308 235404
20240309 235515
20240310 237556
20240311 237510
20240312 236864
20240313 235965
20240314 236001
20240315 234544
20240316 234592
20240317 233757
20240318 232808
20240319 232766
20240320 231911
20240321 231513
20240322 231479
20240323 229922
20240324 229208
20240325 228965
20240326 228802
20240327 228901
20240328 228724
20240329 228725
20240330 227442
20240331 227097
20240401 227157
20240402 227114
20240403 226215
20240404 226261
20240405 226381
20240406 226032
20240407 226128
20240408 226284
20240409 226520
20240410 225354
20240411 225744
20240412 225261
20240413 225553
20240415 225017
20240416 225340
20240417 225689
20240418 226132
20240419 226621
20240420 226853
20240421 225652
20240422 225871
20240423 226000
20240424 226363
20240425 226495
20240426 226095
20240427 226537
20240428 226893
20240429 226643
20240430 226774
20240501 226744
20240503 227091
20240504 226024
20240505 226414
20240506 226311
20240507 226248
20240508 225046
20240509 225469
20240510 225440
20240511 225682
20240512 225712
20240513 225848
20240514 224408
20240515 224820
20240516 224679
20240517 225056
20240518 225289
20240519 225539
20240520 225750
20240521 225498
20240522 225720
20240523 225602
20240524 225897
20240525 224915
20240526 224677
20240527 224835
20240528 224760
20240529 224984
20240530 225277
20240531 225454
20240601 226018
20240602 226138
20240603 226234
20240604 226310
20240605 226809
20240606 226969
20240609 226959
20240611 227118
20240612 227566
20240613 227566
20240614 226171
20240615 226496
20240616 226617
20240617 226990
20240618 227295
20240620 227628
20240621 227798
20240622 227857
20240623 228320
20240624 228425
20240626 229171
20240627 229234
20240628 229049
20240629 229129
20240630 229605
20240701 229632
20240702 231756
20240703 232456
20240704 232700
20240705 233086
20240706 233430
20240707 233500
20240708 233694
20240709 233990
20240710 233915
20240711 233874
20240712 234262
20240713 234502
20240714 234344
20240715 234665
20240716 233567
20240717 233831
20240718 234331
20240719 234455
20240720 234634
20240721 234492
20240722 233637
20240723 234034
20240724 234034
20240725 237042
20240726 237107
20240727 237193
20240728 239709
20240729 239119
20240730 237557
20240731 237195
20240801 237330
20240802 237400
20240803 237540
20240804 236669
20240805 236839
20240806 236741
20240807 236742
20240808 236905
20240809 236895
20240810 237168
20240811 237422
20240812 237238
20240813 237446
20240814 237683
20240815 237813
20240816 237972
20240817 238142
20240818 238451
20240819 237647
20240820 237739
20240821 239881
20240822 238134
20240823 238224
20240824 238407
20240825 238477
20240826 238655
20240827 237196
20240828 237441
20240829 237607
20240830 237636
20240831 237666
20240901 237900
20240902 238140
20240903 238432
20240904 237398
20240905 237477
20240906 237518
20240907 237662
20240908 237926
20240909 238094
20240910 238129
20240911 238540
20240912 238869
20240913 239184
20240914 239216
20240915 239581
20240916 239718
20240917 239844
20240918 239585
20240919 239974
20240920 240785
20240921 241158
20240922 241158
20240925 241892
20240926 242063
20240927 242304
20240928 242483
20240929 243097
20240930 243552
20241001 243743
20241002 244010
20241003 244277
20241004 244475
20241005 244909
20241006 245267
20241007 245739
20241008 245778
20241009 245979
20241010 246638
20241011 247078
20241012 247243
20241013 247471
20241014 247546
20241015 248000
20241016 248321
20241017 249084
20241018 249305
20241019 249721
20241020 250148
20241021 250466
20241022 250867
20241023 251399
20241024 251648
20241025 252107
20241026 252440
20241027 252892
20241028 253099
