20230707 1466567
20230710 1466493
20230711 1466555
20230712 1466582
20230713 1466663
20230714 1466728
20230715 1466842
20230716 1466735
20230717 1466674
20230718 1466720
20230719 1466796
20230720 1466857
20230721 1466928
20230722 1467129
20230723 1466905
20230724 1466646
20230725 1466721
20230726 1466789
20230727 1466852
20230728 1466892
20230729 1466816
20230730 1466671
20230731 1466649
20230801 1466822
20230802 1466702
20230803 1466832
20230804 1467011
20230805 1467173
20230806 1467130
20230807 1467136
20230808 1467337
20230809 1467461
20230810 1467704
20230811 1467786
20230812 1467899
20230813 1467864
20230815 1467888
20230816 1467913
20230817 1468082
20230818 1468243
20230819 1468477
20230820 1468454
