20230509 116
20230519 1286
20230707 2701
20230709 2712
20230710 2719
20230711 2720
20230712 2724
20230714 2727
20230715 2733
20230716 2743
20230717 2748
20230718 2749
20230719 2761
20230720 2763
20230721 2781
20230722 2783
20230723 2786
20230724 2787
20230725 2792
20230726 2799
20230727 2808
20230728 2817
20230729 2825
20230730 2830
20230731 2833
20230801 2838
20230802 2845
20230803 2859
20230804 2864
20230805 2870
20230806 2871
20230807 2866
20230808 2886
20230809 2894
20230810 2898
20230811 2901
20230812 2906
20230813 2916
20230815 2930
20230816 2939
20230817 2943
20230818 2946
20230819 2969
20230820 2969
20230821 2991
20230822 2998
20230823 3005
20230824 3013
20230825 3020
20230826 3024
20230827 3029
20230828 3034
20230829 3038
20230830 3042
20230831 3051
20230901 3055
20230902 3064
