20230707 9583
20230709 9580
20230710 9574
20230711 9577
20230712 9573
20230713 9569
20230714 9570
20230715 9568
20230716 9563
20230717 9557
20230718 9558
20230719 9555
20230720 9549
20230721 9544
20230722 9545
20230723 9538
20230724 9540
20230725 9536
20230726 9535
20230727 9540
20230728 9535
20230729 9536
20230730 9534
20230731 9533
20230801 9537
20230802 9537
20230803 9541
20230804 9548
20230805 9552
20230806 9559
20230807 9555
20230808 9557
20230809 9561
20230810 9568
20230811 9562
20230812 9570
20230813 9563
20230815 9560
20230816 9560
20230817 9559
20230818 9559
20230819 9550
20230820 9551
20230821 9554
20230822 9556
20230823 9549
20230824 9544
20230825 9543
20230826 9543
20230827 9541
20230828 9539
20230829 9538
20230830 9539
20230831 9535
20230901 9535
20230902 9527
20230903 9536
20230904 9545
20230905 9540
20230906 9542
20230907 9545
20230908 9546
20230909 9553
20230910 9551
20230911 9553
20230912 9548
20230913 9553
20230914 9549
20230915 9549
20230916 9546
20230917 9548
20230918 9554
20230919 9547
20230920 8706
