20230707 7206
20230709 7210
20230710 7206
20230711 7207
20230712 7209
20230713 7204
20230714 7210
20230715 7206
20230716 7202
20230717 7198
20230718 7191
20230719 7187
20230720 7196
20230721 7193
20230722 7190
20230723 7198
20230724 7191
20230725 7197
20230726 7195
20230727 7187
20230728 7191
20230729 7186
20230730 7204
20230731 7220
20230801 7227
20230802 7224
20230803 7229
20230804 7228
20230805 7225
20230806 7231
20230807 7232
20230808 7237
20230809 7234
20230810 7229
20230811 7220
20230812 7215
20230813 7210
20230815 7218
20230816 7221
20230817 7227
20230818 7227
20230819 7225
20230820 7209
20230821 7204
20230822 7205
20230823 7204
20230824 7205
20230825 7204
20230826 7206
20230827 7205
20230828 7198
20230829 7195
20230830 7197
20230831 7200
20230901 7202
20230902 7192
20230903 7191
20230904 7181
20230905 7179
20230906 7186
20230907 7191
20230908 7196
20230909 7193
20230910 7193
20230911 7193
20230912 7176
20230913 7173
20230914 7162
20230915 7163
20230916 7161
20230917 7163
20230918 7162
20230919 7161
20230920 6883
20230921 6887
20230922 6884
20230923 6888
20230924 6876
20230925 6854
20230926 6859
20230927 6878
20230928 6859
20230929 6847
20230930 6840
20231001 6839
20231002 6845
20231003 6857
20231005 6892
20231007 6891
20231008 6902
20231009 6919
20231010 6926
20231011 6935
20231012 6945
20231013 6957
20231014 6958
20231015 6962
20231016 6970
20231017 6988
20231018 6994
20231019 7001
20231020 6994
20231021 6997
20231022 7041
20231023 7042
20231024 7047
20231025 7047
20231026 7034
20231027 7011
20231028 7011
20231029 7014
20231030 7017
20231031 7011
20231101 7010
20231102 7013
20231103 7010
20231104 7011
20231105 7017
20231106 7016
20231107 7011
20231108 7013
20231109 7012
20231110 7009
20231111 7002
20231112 6999
20231113 6997
20231114 6999
20231115 6995
20231116 6983
20231117 6980
20231118 6983
20231120 6987
20231121 6980
20231122 6983
20231123 6994
20231124 6997
20231125 7000
20231126 7004
20231127 7005
20231128 7005
20231129 7008
20231130 7005
20231201 6998
20231202 7003
20231203 6989
20231204 6982
20231205 6988
20231206 6992
20231207 6991
20231208 6989
20231209 6993
20231210 7002
20231211 6996
20231212 6995
20231213 7014
20231214 7011
20231215 7013
20231216 7014
20231217 7010
20231218 7008
20231219 7015
20231220 7024
20231221 7019
20231222 7017
20231223 7020
20231224 7018
20231225 7006
20231226 6992
20231227 6995
20231230 7015
20231231 6999
20240101 6995
20240102 7008
20240103 7010
20240104 7006
20240105 7001
20240106 6992
20240107 6985
20240108 6985
20240109 6981
20240110 6985
20240111 6980
20240112 6978
20240113 6976
20240114 6979
20240115 6977
20240116 6975
20240117 6975
20240118 6973
20240119 6974
20240120 6969
20240121 6976
20240122 6972
20240124 6988
20240125 6992
20240126 6992
20240127 6994
20240128 7002
20240129 7001
20240130 7001
20240131 7005
20240201 7012
20240202 7015
20240203 7023
20240204 7027
20240205 7027
20240206 7027
20240207 7028
20240208 7031
20240209 7017
20240210 7013
20240211 7014
20240212 7014
