20230707 3750
20230709 3751
20230710 3760
20230711 3758
20230712 3753
20230714 3755
20230715 3755
20230716 3748
20230717 3750
20230718 3746
20230719 3741
20230720 3715
20230721 3709
20230722 3719
20230723 3690
20230724 3688
20230725 3677
20230726 3670
20230727 3669
20230728 3674
20230729 3677
20230730 3678
20230731 3682
20230801 3682
20230802 3684
20230803 3684
20230804 3683
20230805 3684
20230806 3679
20230807 3684
20230808 3684
20230809 3680
20230810 3680
20230811 3682
20230812 3680
20230813 3676
20230815 3668
20230816 3672
20230817 3671
20230818 3672
20230819 3678
20230820 3679
20230821 3679
20230822 3676
20230823 3677
20230824 3677
20230825 3666
20230826 3664
20230827 3661
20230828 3660
20230829 3667
20230830 3668
20230831 3671
20230901 3672
20230902 3673
20230903 3676
20230904 3673
20230905 3675
20230906 3676
20230907 3673
20230908 3675
20230909 3672
20230910 3671
20230911 3668
20230912 3670
20230913 3670
