20230707 13782
20230709 13786
20230710 13790
20230711 13802
20230712 13802
20230713 13838
20230714 13864
20230715 13854
20230716 13853
20230717 13865
20230718 13871
20230719 13888
20230720 13895
20230721 13905
20230722 13909
20230723 13880
20230724 13862
20230725 13872
20230726 13886
20230727 13904
20230728 13905
20230729 13907
20230730 13906
20230731 13907
20230801 13912
20230802 13917
20230803 13917
20230804 13937
20230805 13945
20230806 13945
20230807 13960
20230808 13966
20230809 13961
20230810 13970
20230811 13989
20230812 13993
20230813 13993
20230815 14001
20230816 14021
20230817 13999
20230818 14009
20230819 14020
20230820 14020
20230821 14025
