20230710 17568081
20230711 17569149
20230712 17569879
20230713 17572144
20230714 17573034
20230715 17573752
20230716 17573612
20230717 17574132
20230718 17578408
20230719 17577797
20230720 17578989
20230721 17579795
20230722 17579213
20230723 17579424
20230724 17580323
20230725 17580508
20230726 17582104
20230727 17582124
20230728 17583945
20230729 17584652
20230730 17585957
20230731 17586812
20230801 17586117
20230802 17587663
20230803 17588374
20230804 17589878
20230805 17590488
20230806 17590639
20230807 17591682
20230808 17592815
