20230707 3
20230919 3
20230920 1
20240822 1
20240823 37
20240822 1
20240824 42
20240826 42
20240827 52
20240826 42
20240828 59
20240826 42
20240829 65
20240826 42
20240830 73
20240826 42
20240831 77
20240903 77
20240904 92
20240903 77
20240905 102
20240903 77
20240906 107
20240903 77
20240907 111
20240909 111
20240910 112
20240909 111
20240911 114
20240909 111
20240912 121
20240913 121
20240914 127
20240916 127
20240917 130
20240916 127
20240918 138
20240916 127
20240919 144
20240916 127
20240920 156
20240916 127
20240921 160
20240925 160
20240926 165
20240925 160
20240927 195
20240925 160
20240928 234
20240930 234
