20230707 148
20230709 148
20230710 148
20230711 148
20230712 148
20230713 147
20230714 147
20230715 147
20230716 147
20230717 147
20230718 147
20230719 147
20230720 147
20230721 147
20230722 147
20230723 147
20230724 147
20230725 147
20230726 148
20230727 148
20230728 148
20230729 148
20230730 148
20230731 148
20230801 148
20230802 146
20230803 145
20230804 145
20230805 145
20230806 145
20230807 145
20230808 145
20230809 145
20230810 145
20230811 145
20230812 145
20230813 145
20230815 145
20230816 145
20230817 145
20230818 145
20230819 145
20230820 145
20230821 145
20230822 145
20230823 145
20230824 145
20230825 145
20230826 145
20230827 145
20230828 145
20230829 145
20230830 145
20230831 145
20230901 145
20230902 145
20230903 145
20230904 145
20230905 145
20230906 145
20230907 145
20230908 145
20230909 145
20230910 145
20230911 145
20230912 145
20230913 145
20230914 145
20230915 145
20230916 145
20230917 145
20230918 145
20230919 145
20230920 143
20230921 143
20230922 143
20230923 143
20230924 143
20230925 143
20230926 143
20230927 143
20230928 143
20230929 143
20230930 143
20231001 143
20231002 143
20231003 143
20231005 143
20231007 143
20231008 143
20231009 143
20231010 143
20231011 144
20231012 144
20231013 144
20231014 144
20231015 144
20231016 143
20231017 143
20231018 143
20231019 143
20231020 143
20231021 143
20231022 143
20231023 143
20231024 143
20231025 143
20231026 143
20231027 143
20231028 143
20231029 143
20231030 143
20231031 143
20231101 143
20231102 143
20231103 143
20231104 143
20231105 143
20231106 143
20231107 143
20231108 153
20231109 154
20231110 155
20231111 155
20231112 155
20231113 155
20231114 155
20231115 155
20231116 155
20231117 155
20231118 155
20231120 155
20231121 155
20231122 155
20231123 156
20231124 156
20231125 156
20231126 156
20231127 149
20231128 149
20231129 149
20231130 149
20231201 149
20231202 149
20231203 149
20231204 149
20231205 149
20231206 149
20231207 149
20231208 149
20231209 149
20231210 150
20231211 150
20231212 150
20231213 150
20231214 150
20231215 151
20231216 151
20231217 151
20231218 151
20231219 151
20231220 151
20231221 151
20231222 151
20231223 151
20231224 151
20231225 151
20231226 151
20231227 151
20231230 151
20231231 152
20240101 152
20240102 152
20240103 152
20240104 152
20240105 152
20240106 151
20240107 151
20240108 152
20240109 152
20240110 152
20240111 152
20240112 152
20240113 153
20240114 153
20240115 153
20240116 154
20240117 154
20240118 154
20240119 154
20240120 154
20240121 154
20240122 155
20240124 156
20240125 156
20240126 156
20240127 156
20240128 156
20240129 156
20240130 156
20240131 154
20240201 154
20240202 154
20240203 154
20240204 154
20240205 154
20240206 154
20240207 153
20240208 153
20240209 153
20240210 153
20240211 153
20240212 153
20240213 153
20240214 153
20240215 153
20240216 153
20240217 153
20240218 153
20240219 153
20240220 153
20240221 153
20240222 153
20240223 153
20240224 153
20240225 154
20240226 154
20240227 154
20240228 154
20240229 154
20240301 154
20240302 154
20240303 154
20240304 154
20240305 154
20240306 154
20240307 154
20240308 155
20240309 155
20240310 155
20240311 155
20240312 155
20240313 155
20240314 155
20240315 155
20240316 155
20240317 155
20240318 155
20240319 155
20240320 155
20240321 155
20240322 155
20240323 155
20240324 155
20240325 155
20240326 155
20240327 155
20240328 155
20240329 155
20240330 155
20240331 155
20240401 155
20240402 155
20240403 155
20240404 155
20240405 155
20240406 155
20240407 155
20240408 155
20240409 155
20240410 155
20240411 155
20240412 155
20240413 155
20240415 155
20240416 155
20240417 155
20240418 155
20240419 155
20240420 156
20240421 156
20240422 156
20240423 156
20240424 156
20240425 156
20240426 156
20240427 156
20240428 156
20240429 156
20240430 156
20240501 156
20240503 156
20240504 156
20240505 156
20240506 156
20240507 156
20240508 156
20240509 156
20240510 156
20240511 156
