20230707 3495
20230709 3484
20230710 3480
20230711 3474
20230712 3469
20230713 3465
20230714 3465
20230715 3431
20230714 3465
20230716 3421
20230717 3421
20230718 3415
20230717 3421
20230719 3404
20230721 3404
20230722 3402
20230721 3404
20230723 3400
20230721 3404
20230724 3399
20230721 3404
20230725 3398
20230721 3404
20230726 3392
20230721 3404
20230727 3381
20230721 3404
20230728 3375
20230721 3404
20230729 3376
20230721 3404
20230730 3369
20230721 3404
20230731 3370
20230721 3404
20230801 3367
20230721 3404
20230802 3366
20230721 3404
20230803 3364
20230721 3404
20230804 3362
20230805 3362
20230806 3361
20230805 3362
20230807 3339
20230805 3362
20230808 3342
20230805 3362
20230809 3339
20230805 3362
20230810 3331
20230811 3331
20230812 3328
20230811 3331
20230813 3326
20230811 3331
20230815 3317
20230811 3331
20230816 3313
20230811 3331
20230817 3310
20230818 3310
20230819 3305
20230820 3305
20230821 3304
20230820 3305
20230822 3285
20230820 3305
20230823 3282
20230820 3305
20230824 3274
20230820 3305
20230825 3275
20230820 3305
20230826 3272
20230820 3305
20230827 3266
20230820 3305
20230828 3263
20230820 3305
20230829 3260
20230820 3305
20230830 3259
20230820 3305
20230831 3262
20230820 3305
20230901 3261
20230820 3305
20230902 3247
20230903 3247
20230904 3224
20230903 3247
20230905 3220
20230903 3247
20230906 3221
20230903 3247
20230907 3220
20230903 3247
20230908 3217
20230903 3247
20230909 3207
20230903 3247
20230910 3202
20230903 3247
20230911 3201
20230903 3247
20230912 3200
20230903 3247
20230913 3198
20230903 3247
20230914 3196
20230903 3247
20230915 3197
20230903 3247
20230916 3193
20230903 3247
20230917 3184
20230903 3247
20230918 3182
20230903 3247
20230919 3178
20230903 3247
20230920 3076
20230903 3247
20230921 3077
20230903 3247
20230922 3087
20230903 3247
20230923 3086
20230903 3247
20230924 3080
20230903 3247
20230925 3070
20230903 3247
20230926 3057
20230927 3057
20230928 3053
20230927 3057
20230929 3051
20230927 3057
20230930 3048
20230927 3057
20231001 3050
20230927 3057
20231002 3038
20230927 3057
20231003 3027
20230927 3057
20231005 3011
20230927 3057
20231007 3008
20230927 3057
20231008 3006
20230927 3057
20231009 2991
20230927 3057
20231010 2988
20230927 3057
20231011 2987
20230927 3057
20231012 2980
20230927 3057
20231013 2981
20230927 3057
20231014 2979
20230927 3057
20231015 2976
20230927 3057
20231016 2977
20230927 3057
20231017 2980
20230927 3057
20231018 2977
20231019 2977
20231020 2973
20231019 2977
20231021 2958
20231019 2977
20231022 2952
20231019 2977
20231023 2940
20231019 2977
20231024 2939
20231019 2977
20231025 2940
20231019 2977
20231026 2938
20231019 2977
20231027 2934
20231019 2977
20231028 2936
20231019 2977
20231029 2930
20231019 2977
20231030 2931
20231019 2977
20231031 2929
20231101 2929
20231102 2926
20231103 2926
20231104 2923
20231103 2926
20231105 2920
20231103 2926
20231106 2909
20231103 2926
20231107 2903
20231103 2926
20231108 2906
20231103 2926
20231109 2903
20231103 2926
20231110 2899
20231111 2899
20231112 2897
20231111 2899
20231113 2893
20231111 2899
20231114 2892
20231111 2899
20231115 2891
20231111 2899
20231116 2890
20231111 2899
20231117 2896
20231118 2896
20231120 2887
20231118 2896
20231121 2884
20231118 2896
20231122 2874
20231118 2896
20231123 2873
20231118 2896
20231124 2862
20231118 2896
20231125 2861
20231118 2896
20231126 2856
20231128 2856
20231129 2855
20231128 2856
20231130 2858
20231128 2856
20231201 2876
20231128 2856
20231202 2875
20231128 2856
20231203 2898
20231128 2856
20231204 2897
20231128 2856
20231205 2888
20231128 2856
20231206 2890
20231128 2856
20231207 2888
20231128 2856
20231208 2882
20231128 2856
20231209 2877
20231128 2856
20231210 2876
20231128 2856
20231211 2874
20231128 2856
20231212 2875
20231128 2856
20231213 2876
20231215 2876
20231216 2877
20231215 2876
20231217 2872
20231215 2876
20231218 2868
20231215 2876
20231219 2860
20231220 2860
20231221 2844
20231222 2844
20231223 2843
20231222 2844
20231224 2842
20231225 2842
20231226 2840
20231225 2842
20231227 2836
20231225 2842
20231230 2828
20231225 2842
20231231 2824
20231225 2842
20240101 2825
20231225 2842
20240102 2823
20231225 2842
20240103 2815
20231225 2842
20240104 2811
20240105 2811
20240106 2834
20240105 2811
20240107 2832
20240105 2811
20240108 2833
20240109 2833
20240110 2837
20240109 2833
20240111 2864
20240109 2833
20240112 2863
20240113 2863
20240114 2860
20240113 2863
20240115 2846
20240113 2863
20240116 2841
20240117 2841
20240118 2844
20240119 2841
20240117 2841
20240120 2832
20240117 2841
20240121 2826
20240117 2841
20240122 2820
20240117 2841
20240124 2813
20240117 2841
20240125 2806
20240117 2841
20240126 2797
20240117 2841
20240127 2793
20240117 2841
20240128 2791
20240117 2841
20240129 2785
20240117 2841
20240130 2779
20240117 2841
20240131 2769
20240117 2841
20240201 2770
20240117 2841
20240202 2769
20240117 2841
20240203 2756
20240117 2841
20240204 2748
20240117 2841
20240205 2742
20240206 2742
20240207 2741
20240208 2742
20240212 2742
20240213 2739
20240212 2742
20240214 2737
20240212 2742
20240215 2738
20240212 2742
20240216 2731
20240212 2742
20240217 2712
20240212 2742
20240218 2706
20240212 2742
20240219 2704
20240212 2742
20240220 2683
20240212 2742
20240221 2674
20240222 2674
20240223 2668
20240222 2674
20240224 2666
20240222 2674
20240225 2662
20240222 2674
20240226 2654
20240222 2674
20240227 2653
20240222 2674
20240228 2654
20240222 2674
20240229 2656
20240222 2674
20240301 2644
20240222 2674
20240302 2646
20240222 2674
20240303 2642
20240222 2674
20240304 2640
20240222 2674
20240305 2637
20240222 2674
20240306 2630
20240222 2674
20240307 2629
20240222 2674
20240308 2628
20240222 2674
20240309 2620
20240222 2674
20240310 2615
20240222 2674
20240311 2611
20240222 2674
20240312 2600
20240313 2600
20240314 2599
20240313 2600
20240315 2586
20240313 2600
20240316 2582
20240313 2600
20240317 2584
20240313 2600
20240318 2583
20240313 2600
20240319 2580
20240313 2600
20240320 2578
20240313 2600
20240321 2579
20240313 2600
20240322 2580
20240313 2600
20240323 2577
20240313 2600
20240324 2572
20240313 2600
20240325 2563
20240313 2600
20240326 2556
20240313 2600
20240327 2557
20240329 2557
20240330 2556
20240331 2556
20240401 2552
20240331 2556
20240402 2551
20240403 2551
20240404 2545
20240405 2545
20240406 2542
20240405 2545
20240407 2536
20240405 2545
20240408 2530
20240405 2545
20240409 2524
20240405 2545
20240410 2513
20240405 2545
20240411 2505
20240405 2545
20240412 2498
20240413 2498
20240415 2487
20240413 2498
20240416 2486
20240413 2498
20240417 2472
20240413 2498
20240418 2473
20240413 2498
20240419 2471
20240413 2498
20240420 2460
20240413 2498
20240421 2448
20240413 2498
20240422 2444
20240413 2498
20240423 2442
20240413 2498
20240424 2440
20240413 2498
20240425 2437
20240426 2437
20240427 2429
20240426 2437
20240428 2415
20240426 2437
20240429 2396
20240430 2396
20240501 2386
20240430 2396
20240503 2358
20240430 2396
20240504 2349
20240430 2396
20240505 2346
20240430 2396
20240506 2338
20240430 2396
20240507 2329
20240508 2329
20240509 2326
20240508 2329
20240510 2325
20240508 2329
20240511 2319
20240508 2329
20240512 2314
20240508 2329
20240513 2309
20240508 2329
20240514 2299
20240508 2329
20240515 2289
20240508 2329
20240516 2281
20240508 2329
20240517 2283
20240508 2329
20240518 2282
20240508 2329
20240519 2279
20240508 2329
20240520 2277
20240508 2329
20240521 2276
20240508 2329
20240522 2257
20240508 2329
20240523 2247
20240508 2329
20240524 2187
20240508 2329
20240525 2184
20240526 2184
20240527 2185
20240528 2184
20240526 2184
20240529 2181
20240526 2184
20240530 2177
20240526 2184
20240531 2176
20240526 2184
20240601 2172
20240526 2184
20240602 2173
20240526 2184
20240603 2171
20240526 2184
20240604 2169
20240605 2169
20240606 2141
20240605 2169
20240609 2140
20240605 2169
20240611 2125
20240605 2169
20240612 2122
20240613 2122
20240614 2120
20240613 2122
20240615 2118
20240617 2118
20240618 2115
20240617 2118
20240620 2117
20240617 2118
20240621 2115
20240617 2118
20240622 2111
20240617 2118
20240623 2110
20240617 2118
20240624 2106
20240617 2118
20240626 2101
20240617 2118
20240627 2098
20240617 2118
20240628 2099
20240617 2118
20240629 2098
20240617 2118
20240630 2095
20240617 2118
20240701 2090
20240617 2118
20240702 2091
20240617 2118
20240703 2085
20240617 2118
20240704 2084
20240617 2118
20240705 2080
20240617 2118
20240706 2074
20240617 2118
20240707 2069
20240710 2069
20240711 2073
20240712 2069
20240710 2069
20240713 2066
20240710 2069
20240714 2060
20240710 2069
20240715 2064
20240710 2069
20240716 2065
20240710 2069
20240717 2062
20240710 2069
20240718 2058
20240710 2069
20240719 2054
20240710 2069
20240720 2055
20240722 2055
20240723 2048
20240724 2048
20240725 2049
20240724 2048
20240726 2046
20240724 2048
20240727 2041
20240724 2048
20240728 2032
20240724 2048
20240729 2028
20240730 2028
20240731 2030
20240730 2028
20240801 2026
20240803 2026
20240804 2021
20240805 2021
20240806 2016
20240805 2021
20240807 2010
20240808 2010
20240809 2008
20240808 2010
20240810 2005
20240808 2010
20240811 2003
20240808 2010
20240812 2001
20240808 2010
20240813 1993
20240808 2010
20240814 1988
20240808 2010
20240815 1978
20240808 2010
20240816 1976
20240817 1976
20240818 1973
20240817 1976
20240819 1971
20240817 1976
20240820 1965
20240817 1976
20240821 1962
20240817 1976
20240822 1964
20240817 1976
20240823 1966
20240824 1966
20240825 1963
20240824 1966
20240826 1958
20240824 1966
20240827 1959
20240824 1966
20240828 1951
20240824 1966
20240829 1938
20240824 1966
20240830 1933
20240831 1933
20240901 1931
20240831 1933
20240902 1925
20240831 1933
20240903 1915
20240831 1933
20240904 1912
20240831 1933
20240905 1915
20240831 1933
20240906 1914
20240831 1933
20240907 1915
20240831 1933
20240908 1905
20240831 1933
20240909 1897
20240831 1933
20240910 1884
20240831 1933
20240911 1875
20240831 1933
20240912 1869
20240831 1933
20240913 1860
20240831 1933
20240914 1861
20240831 1933
20240915 1849
20240831 1933
20240916 1843
20240831 1933
20240917 1832
20240831 1933
20240918 1831
20240831 1933
20240919 1825
20240831 1933
20240920 1826
20240831 1933
20240921 1813
20240831 1933
20240921 1824
20240831 1933
20240922 1813
20240831 1933
20240925 1804
20240831 1933
20240926 1806
20240831 1933
20240927 1807
20240831 1933
20240928 1803
20240831 1933
20240929 1804
20240930 1804
20241001 1805
20241001 1805
