20230707 8741
20230709 8737
20230710 8728
20230711 8724
20230712 8734
20230713 8742
20230714 8741
20230715 8741
20230716 8743
20230717 8736
20230718 8742
20230719 8738
20230720 8742
20230721 8732
20230722 8738
20230723 8730
20230724 8727
20230725 8729
20230726 8726
20230727 8737
20230728 8736
20230729 8758
20230730 8799
20230731 8824
20230801 8841
20230802 8837
20230803 8833
20230804 8840
20230805 8830
20230806 8837
20230807 8852
20230808 8874
20230809 8880
20230810 8886
20230811 8877
20230812 8885
