20230707 121
20230901 121
20230902 125
20230906 125
20230907 129
20230919 129
20230920 78
20240207 78
20240208 82
20240322 82
20240323 83
20240624 83
20240626 83
20240627 83
20240628 83
20240629 83
20240630 83
20240701 83
20240702 83
20240703 83
20240704 83
20240705 83
20240706 83
20240707 83
20240708 83
20240709 83
20240710 83
20240711 83
20240712 83
20240713 83
20240714 83
20240715 83
20240716 83
20240717 83
20240718 83
20240719 83
20240720 83
20240721 83
20240722 83
20240723 83
20240724 83
20240725 83
20240726 83
20240727 83
20240728 83
20240729 83
20240730 83
20240731 83
20240801 83
20240802 83
20240803 83
20240804 83
20240805 83
20240806 83
20240807 83
20240808 83
20240809 83
20240810 83
20240811 83
20240812 83
20240813 83
20240814 83
20240815 83
20240816 83
20240817 83
20240818 83
20240819 83
20240820 83
20240821 83
20240822 83
20240823 83
20240824 83
