20230707 1311
20230709 1311
20230710 1314
20230711 1314
20230712 1314
20230713 1312
20230714 1313
20230715 1312
20230716 1312
20230717 1313
20230718 1313
20230719 1313
20230720 1314
20230721 1316
20230722 1316
20230723 1316
20230724 1315
20230725 1316
20230726 1315
20230727 1315
20230728 1315
20230729 1313
20230730 1312
20230731 1312
20230801 1312
20230802 1311
20230803 1312
20230804 1313
20230805 1310
20230806 1306
20230807 1306
20230808 1310
20230809 1309
20230810 1308
20230811 1307
20230812 1309
20230813 1310
20230815 1311
20230816 1316
20230817 1317
20230818 1318
20230819 1319
20230820 1325
20230821 1325
20230822 1326
20230823 1325
20230824 1325
20230825 1326
20230826 1332
20230827 1332
20230828 1330
20230829 1330
20230830 1329
20230831 1329
20230901 1327
20230902 1328
20230903 1328
20230904 1325
20230905 1325
20230906 1325
20230907 1325
20230908 1323
20230909 1325
20230910 1321
20230911 1321
20230912 1323
20230913 1319
20230914 1318
20230915 1317
20230916 1316
20230917 1313
20230918 1313
20230919 1312
20230920 1106
20230921 1105
20230922 1107
20230923 1105
20230924 1103
20230925 1102
20230926 1103
20230927 1104
20230928 1105
20230929 1102
20230930 1103
20231001 1099
20231002 1099
20231003 1100
20231005 1100
20231007 1098
20231008 1099
20231009 1097
20231010 1095
20231011 1094
20231012 1096
20231013 1097
20231014 1095
20231015 1093
20231016 1092
20231017 1088
20231018 1085
20231019 1084
20231020 1085
20231021 1084
20231022 1081
20231023 1083
20231024 1082
20231025 1082
20231026 1083
20231027 1084
20231028 1084
20231029 1085
20231030 1083
20231031 1081
20231101 1079
20231102 1077
20231103 1078
20231104 1076
20231105 1075
20231106 1075
20231107 1074
20231108 1072
20231109 1072
20231110 1069
20231111 1067
20231112 1066
20231113 1066
20231114 1067
20231115 1066
20231116 1067
20231117 1067
20231118 1062
20231120 1065
20231121 1062
20231122 1062
20231123 1063
20231124 1064
20231125 1065
20231126 1065
20231127 1064
20231128 1062
20231129 1062
20231130 1063
20231201 1063
20231202 1063
20231203 1061
20231204 1062
20231205 1059
20231206 1062
20231207 1061
20231208 1063
20231209 1062
20231210 1064
20231211 1064
20231212 1063
20231213 1064
20231214 1063
20231215 1065
20231216 1066
20231217 1064
20231218 1064
20231219 1062
20231220 1062
20231221 1061
20231222 1054
20231223 1051
20231224 1051
20231225 1051
20231226 1047
20231227 1046
20231230 1046
20231231 1045
20240101 1044
20240102 1043
20240103 1044
20240104 1043
20240105 1043
20240106 1069
20240107 1070
20240108 1069
20240109 1069
20240110 1068
20240111 1098
20240112 1098
20240113 1097
20240114 1099
20240115 1098
20240116 1097
20240117 1099
20240118 1099
20240119 1098
20240120 1097
20240121 1097
20240122 1095
20240124 1094
20240125 1095
20240126 1098
20240127 1096
20240128 1094
20240129 1093
20240130 1093
20240131 1095
20240201 1096
20240202 1096
20240203 1094
20240204 1095
20240205 1095
20240206 1094
20240207 1092
20240208 1091
20240209 1090
20240210 1086
20240211 1085
20240212 1085
20240213 1084
20240214 1084
20240215 1085
20240216 1085
20240217 1081
20240218 1082
20240219 1081
20240220 1081
20240221 1082
20240222 1081
20240223 1081
20240224 1080
20240225 1078
20240226 1078
20240227 1079
20240228 1090
20240229 1090
20240301 1090
20240302 1090
20240303 1089
20240304 1087
20240305 1079
20240306 1078
20240307 1081
20240308 1083
20240309 1081
20240310 1081
20240311 1082
20240312 1082
20240313 1085
20240314 1085
20240315 1085
20240316 1084
20240317 1083
20240318 1080
20240319 1081
20240320 1079
20240321 1080
20240322 1076
20240323 1079
20240324 1078
20240325 1077
20240326 1078
20240327 1079
20240328 1077
20240329 1075
20240330 1077
20240331 1078
20240401 1078
20240402 1077
20240403 1077
20240404 1079
20240405 1078
20240406 1078
20240407 1077
20240408 1076
20240409 1076
20240410 1075
20240411 1074
20240412 1074
20240413 1072
20240415 1074
20240416 1070
20240417 1072
20240418 1071
20240419 1071
20240420 1072
