20230707 3077
20230709 3076
20230710 3078
20230711 3076
20230712 3077
20230713 3076
20230714 3073
20230715 3073
20230716 3072
20230717 3072
20230718 3072
20230719 3073
20230720 3073
20230721 3070
20230722 3070
20230723 3067
20230724 3065
20230725 3065
20230726 3066
20230727 3062
20230728 3061
20230729 3063
20230730 3063
20230731 3061
20230801 3063
20230802 3064
20230803 3064
20230804 3062
20230805 3060
20230806 3059
20230807 3060
20230808 3062
20230809 3063
20230810 3062
20230811 3060
20230812 3060
20230813 3060
20230815 3058
20230816 3058
20230817 3058
20230818 3058
20230819 3057
20230820 3055
20230821 3055
20230822 3054
20230823 3047
20230824 3058
20230825 3058
20230826 3062
20230827 3061
20230828 3065
20230829 3067
20230830 3068
20230831 3068
20230901 3069
20230902 3068
20230903 3064
20230904 3061
20230905 3060
20230906 3057
20230907 3060
20230908 3058
20230909 3058
20230910 3055
20230911 3054
20230912 3053
20230913 3053
20230914 3050
20230915 3050
20230916 3048
20230917 3048
20230918 3050
20230919 3054
20230920 2885
20230921 2883
20230922 2908
20230923 2908
20230924 2907
20230925 2907
20230926 2907
20230927 2908
20230928 2908
20230929 2908
20230930 2907
20231001 2908
20231002 2907
20231003 2907
20231005 2909
20231007 2908
20231008 2906
20231009 2906
20231010 2906
20231011 2907
20231012 2907
20231013 2909
20231014 2909
20231015 2908
20231016 2908
20231017 2907
20231018 2907
20231019 2907
20231020 2906
20231021 2903
20231022 2903
20231023 2902
20231024 2901
20231025 2902
20231026 2902
20231027 2902
20231028 2901
20231029 2900
20231030 2902
20231031 2901
20231101 2899
20231102 2899
20231103 2899
20231104 2901
20231105 2902
20231106 2901
20231107 2900
20231108 2899
20231109 2901
20231110 2900
20231111 2898
20231112 2898
20231113 2896
20231114 2897
20231115 2895
20231116 2899
20231117 2899
20231118 2899
20231120 2897
20231121 2896
20231122 2897
20231123 2899
20231124 2901
20231125 2897
20231126 2897
20231127 2895
20231128 2893
20231129 2893
20231130 2896
20231201 2894
20231202 2895
20231203 2897
20231204 2896
20231205 2901
20231206 2901
20231207 2901
20231208 2900
20231209 2903
20231210 2908
20231211 2893
20231212 2893
20231213 2893
20231214 2891
20231215 2892
20231216 2893
20231217 2892
20231218 2893
20231219 2892
20231220 2885
20231221 2885
20231222 2886
20231223 2884
20231224 2883
20231225 2881
20231226 2883
20231227 2884
20231230 2887
20231231 2886
20240101 2885
20240102 2884
20240103 2885
20240104 2887
20240105 2887
20240106 2915
20240107 2914
20240108 2913
20240109 2912
20240110 2909
20240111 2940
20240112 2937
20240113 2935
20240114 2937
20240115 2937
20240116 2937
20240117 2938
20240118 2938
20240119 2937
20240120 2942
20240121 2942
20240122 2941
20240124 2942
20240125 2942
20240126 2942
20240127 2943
20240128 2942
20240129 2941
20240130 2940
20240131 2943
20240201 2943
20240202 2942
20240203 2943
20240204 2943
20240205 2935
20240206 2936
20240207 2935
20240208 2934
20240209 2930
20240210 2929
20240211 2929
20240212 2928
20240213 2928
20240214 2927
20240215 2926
20240216 2926
20240217 2926
20240218 2926
20240219 2926
20240220 2924
20240221 2927
20240222 2927
20240223 2927
20240224 2926
20240225 2926
20240226 2928
20240227 2929
20240228 2928
20240229 2927
20240301 2926
20240302 2925
20240303 2924
20240304 2924
20240305 2923
20240306 2924
20240307 2924
20240308 2922
20240309 2922
20240310 2922
20240311 2922
20240312 2920
20240313 2921
20240314 2920
20240315 2920
20240316 2919
20240317 2920
20240318 2920
20240319 2920
20240320 2920
20240321 2919
20240322 2919
20240323 2919
20240324 2919
20240325 2918
20240326 2917
20240327 2916
20240328 2916
20240329 2918
20240330 2918
20240331 2919
20240401 2917
20240402 2917
20240403 2918
20240404 2919
20240405 2920
20240406 2918
20240407 2918
20240408 2923
20240409 2923
20240410 2923
20240411 2922
20240412 2922
20240413 2921
20240415 2913
20240416 2913
20240417 2913
20240418 2912
20240419 2904
20240420 2905
20240421 2904
