20230707 9666
20230709 9666
20230710 9662
20230711 9661
20230712 9665
20230713 9662
20230714 9656
20230715 9659
20230716 9660
20230717 9662
20230718 9663
20230719 9653
20230720 9649
20230721 9649
20230722 9649
20230723 9646
20230724 9651
20230725 9651
20230726 9655
20230727 9653
20230728 9655
20230729 9657
20230730 9655
20230731 9652
20230801 9652
20230802 9653
20230803 9650
20230804 9654
20230805 9653
20230806 9652
20230807 9653
20230808 9649
20230809 9651
20230810 9652
20230811 9655
20230812 9656
20230813 9655
20230815 9633
20230816 9630
20230817 9626
20230818 9630
20230819 9638
20230820 9638
20230821 9637
