20230707 124684
20230709 124639
20230710 124639
20230711 124640
20230710 124639
20230712 124661
20230710 124639
20230713 124683
20230710 124639
20230714 124703
20230710 124639
20230715 124669
20230710 124639
20230716 124633
20230710 124639
20230717 124628
20230710 124639
20230718 124644
20230710 124639
20230719 124612
20230710 124639
20230720 124622
20230710 124639
20230721 124612
20230710 124639
20230722 124629
20230710 124639
20230723 124607
20230710 124639
20230724 124590
20230710 124639
20230725 124619
20230710 124639
20230726 124622
20230710 124639
20230727 124624
20230710 124639
20230728 124607
20230710 124639
20230729 124618
20230710 124639
20230730 124592
20230710 124639
20230731 124588
20230710 124639
20230801 124620
20230710 124639
20230802 124618
20230710 124639
20230803 124627
20230710 124639
20230804 124598
20230710 124639
20230805 124624
20230710 124639
20230806 124617
20230710 124639
20230807 124599
20230710 124639
20230808 124611
20230710 124639
20230809 124676
20230710 124639
20230810 124678
20230710 124639
20230811 124692
20230710 124639
20230812 124698
20230710 124639
20230813 124685
20230710 124639
20230815 124710
20230710 124639
20230816 124762
20230710 124639
20230817 124775
20230710 124639
20230818 124735
20230710 124639
20230819 124760
20230710 124639
20230820 124727
20230710 124639
20230821 124721
20230710 124639
20230822 124734
20230710 124639
20230823 124728
20230710 124639
20230824 124744
20230825 124744
20230826 124770
20230825 124744
20230827 124763
20230825 124744
20230828 124786
20230825 124744
20230829 124819
20230825 124744
20230830 124799
20230825 124744
20230831 124804
20230825 124744
20230901 124820
20230825 124744
20230902 124807
20230825 124744
20230903 124769
20230825 124744
20230904 124761
20230825 124744
20230905 124747
20230825 124744
20230906 124766
20230825 124744
20230907 124772
20230825 124744
20230908 124745
20230825 124744
20230909 124784
20230825 124744
20230910 124750
20230825 124744
20230911 124725
20230825 124744
20230912 124751
20230825 124744
20230913 124770
20230825 124744
20230914 124771
20230825 124744
20230915 124775
20230825 124744
20230916 124795
20230825 124744
20230917 124759
20230825 124744
20230918 124762
20230825 124744
20230919 124763
20230825 124744
20230920 114200
20230825 124744
20230921 114281
20230825 124744
20230922 114283
20230825 124744
20230923 114301
20230825 124744
20230924 114267
20230825 124744
20230925 114243
20230825 124744
20230926 114286
20230825 124744
20230927 114315
20230825 124744
20230928 114361
20230825 124744
20230929 114351
20230825 124744
20230930 114365
20230825 124744
20231001 114324
20230825 124744
20231002 114316
20230825 124744
20231003 114339
20230825 124744
20231005 114288
20230825 124744
20231007 114292
20230825 124744
20231008 114210
20230825 124744
20231009 114190
20230825 124744
20231010 114181
20230825 124744
20231011 114186
20230825 124744
20231012 114174
20230825 124744
20231013 114175
20230825 124744
20231014 114150
20230825 124744
20231015 114092
20230825 124744
20231016 114050
20230825 124744
20231017 114063
20230825 124744
20231018 114067
20230825 124744
20231019 114079
20230825 124744
20231020 114075
20230825 124744
20231021 114051
20230825 124744
20231022 114034
20230825 124744
20231023 114007
20230825 124744
20231024 114040
20230825 124744
20231025 114037
20230825 124744
20231026 114055
20230825 124744
20231027 114064
20230825 124744
20231028 114042
20230825 124744
20231029 114041
20230825 124744
20231030 114026
20230825 124744
20231031 114038
20230825 124744
20231101 114047
20230825 124744
20231102 114027
20230825 124744
20231103 114021
20230825 124744
20231104 114027
20230825 124744
20231105 113965
20230825 124744
20231106 113966
20230825 124744
20231107 113976
20230825 124744
20231108 113996
20230825 124744
20231109 113938
20230825 124744
20231110 113926
20230825 124744
20231111 113930
20230825 124744
20231112 113915
20230825 124744
20231113 113889
20230825 124744
20231114 113897
20230825 124744
20231115 113921
20230825 124744
20231116 113908
20230825 124744
20231117 113878
20230825 124744
20231118 113896
20230825 124744
20231120 113812
20230825 124744
20231121 113797
20230825 124744
20231122 113827
20230825 124744
20231123 113824
20230825 124744
20231124 113786
20230825 124744
20231125 113753
20230825 124744
20231126 113716
20230825 124744
20231127 113708
20230825 124744
20231128 113727
20230825 124744
20231129 113713
20230825 124744
20231130 113724
20230825 124744
20231201 113708
20230825 124744
20231202 113667
20230825 124744
20231203 113639
20230825 124744
20231204 113588
20230825 124744
20231205 113606
20230825 124744
20231206 113639
20230825 124744
20231207 113594
20230825 124744
20231208 113593
20230825 124744
20231209 113561
20230825 124744
20231210 113523
20230825 124744
20231211 113512
20230825 124744
20231212 113521
20230825 124744
20231213 113517
20230825 124744
20231214 113525
20230825 124744
20231215 113526
20230825 124744
20231216 113520
20230825 124744
20231217 113448
20230825 124744
20231218 113432
20230825 124744
20231219 113402
20230825 124744
20231220 113359
20230825 124744
20231221 113342
20230825 124744
20231222 113323
20230825 124744
20231223 113316
20230825 124744
20231224 113271
20230825 124744
20231225 113234
20230825 124744
20231226 113138
20230825 124744
20231227 113027
20230825 124744
20231230 113144
20230825 124744
20231231 113112
20230825 124744
20240101 113093
20230825 124744
20240102 113054
20230825 124744
20240103 113043
20240104 113043
20240105 113038
20240104 113043
20240106 113027
20240104 113043
20240107 113029
20240104 113043
20240108 113037
20240104 113043
20240109 113083
20240104 113043
20240110 113086
20240104 113043
20240111 113075
20240104 113043
20240112 113095
20240104 113043
20240113 113085
20240104 113043
20240114 113053
20240104 113043
20240115 113023
20240104 113043
20240116 113052
20240104 113043
20240117 113065
20240104 113043
20240118 113051
20240104 113043
20240119 113066
20240104 113043
20240120 113008
20240104 113043
20240121 112977
20240104 113043
20240122 112953
20240104 113043
20240124 112971
20240104 113043
20240125 112973
20240104 113043
20240126 112963
20240104 113043
20240127 112958
20240104 113043
20240128 112985
20240104 113043
20240129 112990
20240104 113043
20240130 112996
20240104 113043
20240131 113018
20240104 113043
20240201 113064
20240104 113043
20240202 113092
20240104 113043
20240203 113025
20240104 113043
20240204 113009
20240104 113043
20240205 113034
20240104 113043
20240206 113068
20240104 113043
20240207 113100
20240104 113043
20240208 113108
20240104 113043
20240209 113106
20240104 113043
20240210 113100
20240104 113043
20240211 113082
20240104 113043
20240212 113059
20240104 113043
20240213 113055
20240104 113043
20240214 113077
20240104 113043
20240215 113052
20240104 113043
20240216 112965
20240104 113043
20240217 112977
20240104 113043
20240218 112968
20240104 113043
20240219 113094
20240104 113043
20240220 113145
20240104 113043
20240221 113196
20240104 113043
20240222 113241
20240104 113043
20240223 113268
20240104 113043
20240224 113291
20240104 113043
20240225 113285
20240104 113043
20240226 113288
20240104 113043
20240227 113247
20240104 113043
20240228 113303
20240104 113043
20240229 113322
20240104 113043
20240301 113281
20240104 113043
20240302 113235
20240104 113043
20240303 113193
20240104 113043
20240304 113143
20240104 113043
20240305 113092
20240104 113043
20240306 113080
20240104 113043
20240307 113113
20240104 113043
20240308 113044
20240104 113043
20240309 113040
20240104 113043
20240310 112991
20240104 113043
20240311 112974
20240104 113043
20240312 112961
20240104 113043
20240313 112945
20240104 113043
20240314 112939
20240104 113043
20240315 112896
20240316 112896
20240317 112806
20240316 112896
20240318 112798
20240316 112896
20240319 112687
20240316 112896
20240320 112700
20240316 112896
20240321 112689
20240316 112896
20240322 112656
20240316 112896
20240323 112686
20240316 112896
20240324 112655
20240316 112896
20240325 112631
20240316 112896
20240326 112650
20240316 112896
20240327 112654
20240316 112896
20240328 112620
20240316 112896
20240329 112604
20240316 112896
20240330 112599
20240316 112896
20240331 112565
20240316 112896
20240401 112556
20240316 112896
20240402 112650
20240316 112896
20240403 112663
20240316 112896
20240404 112670
20240316 112896
20240405 112738
20240316 112896
20240406 112755
20240316 112896
20240407 112829
20240316 112896
20240408 112836
20240316 112896
20240409 112871
20240316 112896
20240410 112883
20240316 112896
20240411 112906
20240316 112896
20240412 112912
20240316 112896
20240413 112872
20240316 112896
20240415 112689
20240316 112896
20240416 112680
20240316 112896
20240417 112595
20240316 112896
20240418 112549
20240316 112896
20240419 112529
20240316 112896
20240420 112495
20240316 112896
20240421 112477
20240316 112896
20240422 112402
20240316 112896
20240423 112370
20240316 112896
20240424 112373
20240316 112896
20240425 112339
20240316 112896
20240426 112323
20240316 112896
20240427 112330
20240316 112896
20240428 112313
20240316 112896
20240429 112271
20240316 112896
20240430 112268
20240316 112896
20240501 112200
20240316 112896
20240503 112203
20240316 112896
20240504 112175
20240316 112896
20240505 112162
20240316 112896
20240506 112114
20240316 112896
20240507 112084
20240316 112896
20240508 112096
20240316 112896
20240509 112243
20240316 112896
20240510 112262
20240316 112896
20240511 112257
20240316 112896
20240512 112203
20240316 112896
20240513 112206
20240316 112896
20240514 112218
20240316 112896
20240515 112216
20240316 112896
20240516 112202
20240316 112896
20240517 112207
20240316 112896
20240518 112258
20240316 112896
20240519 112235
20240316 112896
20240520 112203
20240316 112896
20240521 112175
20240316 112896
20240522 112153
20240316 112896
20240523 112199
20240316 112896
20240524 112161
20240316 112896
20240525 112195
20240316 112896
20240526 112156
20240316 112896
20240527 112063
20240316 112896
20240528 112034
20240316 112896
20240529 112032
20240316 112896
20240530 111994
20240316 112896
20240531 111991
20240316 112896
20240601 111962
20240316 112896
20240602 111914
20240316 112896
20240603 111898
20240316 112896
20240604 111891
20240316 112896
20240605 111874
20240316 112896
20240606 111859
20240316 112896
20240609 111766
20240316 112896
20240611 111791
20240316 112896
20240612 111785
20240316 112896
20240613 111741
20240316 112896
20240614 111689
20240316 112896
20240615 111663
20240316 112896
20240616 111567
20240316 112896
20240617 111520
20240316 112896
20240618 111472
20240316 112896
20240620 111445
20240316 112896
20240621 111427
20240316 112896
20240622 111440
20240316 112896
20240623 111354
20240316 112896
20240624 111274
20240316 112896
20240626 111214
20240316 112896
20240627 111192
20240316 112896
20240628 111179
20240316 112896
20240629 111135
20240316 112896
20240630 111087
20240316 112896
20240701 111031
20240316 112896
20240702 111022
20240316 112896
20240703 111012
20240316 112896
20240704 110980
20240316 112896
20240705 110943
20240316 112896
20240706 110938
20240316 112896
20240707 110906
20240316 112896
20240708 110908
20240316 112896
20240709 110894
20240316 112896
20240710 110899
20240316 112896
20240711 110903
20240316 112896
20240712 110889
20240316 112896
20240713 110890
20240316 112896
20240714 110840
20240316 112896
20240715 110819
20240316 112896
20240716 110789
20240316 112896
20240717 110780
20240316 112896
20240718 110772
20240316 112896
20240719 110776
20240316 112896
20240720 110736
20240316 112896
20240721 110698
20240316 112896
20240722 110668
20240316 112896
20240723 110663
20240724 110663
20240725 110635
20240724 110663
20240726 110605
20240724 110663
20240727 110619
20240724 110663
20240728 110578
20240724 110663
20240729 110530
20240724 110663
20240730 110528
20240724 110663
20240731 110513
20240724 110663
20240801 110522
20240724 110663
20240802 110516
20240724 110663
20240803 110482
20240724 110663
20240804 110447
20240724 110663
20240805 110384
20240724 110663
20240806 110386
20240724 110663
20240807 110412
20240724 110663
20240808 110371
20240724 110663
20240809 110404
20240724 110663
20240810 110418
20240724 110663
20240811 110397
20240724 110663
20240812 110352
20240724 110663
20240813 110335
20240724 110663
20240814 110324
20240724 110663
20240815 110315
20240724 110663
20240816 110294
20240724 110663
20240817 110273
20240724 110663
20240818 110238
20240724 110663
20240819 110206
20240724 110663
20240820 110222
20240724 110663
20240821 110229
20240724 110663
20240822 110233
20240724 110663
20240823 110227
20240724 110663
20240824 110226
20240724 110663
20240825 110187
20240724 110663
20240826 110167
20240724 110663
20240827 110154
20240724 110663
20240828 110147
20240724 110663
20240829 110167
20240724 110663
20240830 110155
20240724 110663
20240831 110119
20240724 110663
20240901 110085
20240724 110663
20240902 110114
20240724 110663
20240903 110149
20240724 110663
20240904 110226
20240724 110663
20240905 110283
20240724 110663
20240906 110300
20240724 110663
20240907 110302
20240724 110663
20240908 110291
20240724 110663
20240909 110316
20240724 110663
20240910 110374
20240724 110663
20240911 110459
20240724 110663
20240912 110551
20240724 110663
20240913 110623
20240914 110623
20240915 110648
20240914 110623
20240916 110662
20240914 110623
20240917 110676
20240914 110623
20240918 110724
20240914 110623
20240919 110745
20240914 110623
20240920 110783
20240914 110623
20240921 110701
20240914 110623
20240921 110779
20240914 110623
20240922 110701
20240914 110623
20240925 110793
20240914 110623
20240926 110831
20240926 110831
