20230707 1163
20230709 1163
20230710 1163
20230711 1163
20230712 1163
20230714 1163
20230715 1163
20230716 1163
20230717 1163
20230718 1163
20230719 1163
20230720 1163
20230721 1163
20230722 1163
20230723 1163
20230724 1163
20230725 1163
20230726 1163
20230727 1163
20230728 1163
20230729 1163
20230730 1163
20230731 1163
20230801 1163
20230802 1163
20230803 1163
20230804 1163
20230805 1163
20230806 1163
20230807 1163
20230808 1163
20230809 1163
20230810 1163
20231114 1852
20231115 1852
20231116 1852
20231117 1852
20231118 1852
20231120 1852
20231121 1852
20231122 1852
20231123 1852
20231124 1852
20231125 1852
20231126 1852
20231127 1852
20231128 1852
20231129 1852
20231130 1852
20231201 1852
20231202 1852
20231203 1852
20231204 1852
20231205 1852
20231206 1852
20231207 1852
