20230707 72
20230709 72
20230710 72
20230711 72
20230712 72
20230714 73
20230715 73
20230716 73
20230717 73
20230718 73
20230719 73
20230720 73
20230721 73
20230722 73
20230723 73
20230724 73
20230725 73
20230726 73
20230727 73
20230728 73
20230729 73
20230730 73
20230731 73
20230801 73
20230802 73
20230803 73
20230804 74
20230805 74
20230806 74
20230807 74
20230808 74
20230809 74
20230810 74
20230811 74
20230812 74
20230813 74
20230815 74
20230816 74
20230817 74
20230818 74
20230819 74
20230820 74
20230821 74
20230822 74
20230823 74
20230824 74
20230825 74
20230826 74
20230827 74
