20230707 2696
20230709 2696
20230710 2697
20230711 2708
20230712 2707
20230713 2710
20230714 2712
20230715 2711
20230716 2711
20230717 2712
20230718 2711
20230719 2708
20230720 2707
20230721 2705
20230722 2702
20230723 2704
20230724 2701
20230725 2701
20230726 2701
20230727 2700
20230728 2698
20230729 2698
20230730 2700
20230731 2700
20230801 2702
20230802 2701
20230803 2701
20230804 2705
20230805 2705
20230806 2704
20230807 2703
20230808 2705
20230809 2702
20230810 2703
20230811 2702
20230812 2704
20230813 2703
20230815 2700
20230816 2700
20230817 2699
20230818 2701
20230819 2701
20230820 2699
20230821 2701
20230822 2703
20230823 2702
20230824 2701
20230825 2700
20230826 2703
20230827 2703
20230828 2706
20230829 2706
20230830 2706
20230831 2702
20230901 2707
20230902 2702
20230903 2702
20230904 2703
20230905 2709
20230906 2705
20230907 2705
20230908 2703
20230909 2704
20230910 2703
20230911 2703
20230912 2704
20230913 2704
20230914 2705
20230915 2704
20230916 2703
20230917 2699
20230918 2698
20230919 2696
20230920 2517
20230921 2517
20230922 2518
20230923 2517
20230924 2517
20230925 2516
20230926 2515
20230927 2514
20230928 2514
20230929 2511
20230930 2510
20231001 2509
20231002 2509
20231003 2509
20231005 2516
20231007 2520
20231008 2520
20231009 2515
20231010 2515
20231011 2510
20231012 2510
20231013 2510
20231014 2508
20231015 2508
20231016 2506
20231017 2503
20231018 2501
20231019 2500
20231020 2501
20231021 2501
20231022 2499
20231023 2499
20231024 2500
20231025 2501
20231026 2501
20231027 2502
20231028 2496
20231029 2495
20231030 2499
20231031 2499
20231101 2497
20231102 2497
20231103 2498
20231104 2499
20231105 2499
20231106 2498
20231107 2498
20231108 2498
20231109 2499
20231110 2497
20231111 2498
20231112 2498
20231113 2498
20231114 2498
20231115 2498
20231116 2498
20231117 2498
20231118 2496
20231120 2496
20231121 2498
20231122 2492
20231123 2491
20231124 2490
20231125 2486
20231126 2483
20231127 2485
20231128 2483
20231129 2481
20231130 2482
20231201 2482
20231202 2482
20231203 2483
20231204 2483
20231205 2479
20231206 2476
20231207 2473
