20230707 1248
20230709 1248
20230710 1248
20230711 1248
20230712 1248
20230713 1249
20230714 1247
20230715 1248
20230716 1249
20230717 1249
20230718 1249
20230719 1248
20230720 1247
20230721 1246
20230722 1245
20230723 1243
20230724 1244
20230725 1243
20230726 1243
20230727 1243
20230728 1243
20230729 1244
20230730 1244
20230731 1243
20230801 1241
20230802 1241
20230803 1241
20230804 1241
20230805 1241
20230806 1240
20230807 1240
20230808 1240
20230809 1240
20230810 1240
20230811 1240
20230812 1238
20230813 1237
20230815 1238
20230816 1238
20230817 1237
20230818 1239
20230819 1239
20230820 1239
20230821 1239
20230822 1239
20230823 1239
20230824 1239
20230825 1239
20230826 1238
20230827 1239
20230828 1238
20230829 1237
20230830 1237
20230831 1235
20230901 1234
20230902 1236
20230903 1237
20230904 1236
20230905 1236
20230906 1237
20230907 1237
20230908 1239
20230909 1239
20230910 1239
20230911 1238
20230912 1238
20230913 1238
20230914 1238
20230915 1238
20230916 1242
20230917 1242
20230918 1242
20230919 1243
20230920 1243
20230921 1243
20230922 1242
