20230707 127043
20230709 126991
20230710 126967
20230711 126987
20230712 126963
20230713 127037
20230714 126991
20230715 127043
20230716 126959
20230717 126923
20230718 126935
20230719 126935
20230720 126876
20230721 126892
20230722 126874
20230723 126789
20230724 126746
20230725 126798
20230726 126808
20230727 126804
20230728 126704
20230729 126721
20230730 126673
20230731 126667
20230801 126722
20230802 126709
20230803 126850
20230804 126778
20230805 126745
20230806 126762
20230807 126761
20230808 126831
20230809 126919
20230810 126963
20230811 127008
20230812 126996
20230813 126945
20230815 126944
20230816 126924
20230817 127057
20230818 127212
20230819 127269
20230820 127240
