20230707 13265
20230709 13257
20230710 13254
20230711 13256
20230712 13253
20230713 13242
20230714 13239
20230715 13247
20230716 13242
20230717 13241
20230718 13232
20230719 13233
20230720 13225
20230721 13218
20230722 13218
20230723 13212
20230722 13218
20230724 13192
20230722 13218
20230725 13184
20230722 13218
20230726 13187
20230722 13218
20230727 13174
20230722 13218
20230728 13165
20230722 13218
20230729 13132
20230722 13218
20230730 13107
20230722 13218
20230731 13097
20230722 13218
20230801 13098
20230802 13098
20230803 13095
20230802 13098
20230804 13100
20230802 13098
20230805 13208
20230802 13098
20230806 13201
20230802 13098
20230807 13206
20230802 13098
20230808 13209
20230802 13098
20230809 13212
20230802 13098
20230810 13210
20230802 13098
20230811 13216
20230802 13098
20230812 13219
20230802 13098
20230813 13205
20230815 13205
20230816 13221
20230815 13205
20230817 13222
20230815 13205
20230818 13223
20230815 13205
20230819 13221
20230815 13205
20230820 13222
20230815 13205
20230821 13212
20230815 13205
20230822 13211
20230815 13205
20230823 13215
20230815 13205
20230824 13225
20230815 13205
20230825 13235
20230815 13205
20230826 13224
20230815 13205
20230827 13222
20230815 13205
20230828 13223
20230815 13205
20230829 13221
20230815 13205
20230830 13215
20230815 13205
20230831 13218
20230815 13205
20230901 13225
20230815 13205
20230902 13218
20230815 13205
20230903 13220
20230815 13205
20230904 13193
20230815 13205
20230905 13197
20230815 13205
20230906 13214
20230815 13205
20230907 13224
20230815 13205
20230908 13230
20230815 13205
20230909 13234
20230815 13205
20230910 13229
20230815 13205
20230911 13222
20230815 13205
20230912 13216
20230815 13205
20230913 13223
20230815 13205
20230914 13219
20230815 13205
20230915 13218
20230815 13205
20230916 13214
20230815 13205
20230917 13213
20230815 13205
20230918 13210
20230815 13205
20230919 13213
20230815 13205
20230920 12423
20230815 13205
20230921 12422
20230815 13205
20230922 12407
20230815 13205
20230923 12410
20230815 13205
20230924 12406
20230815 13205
20230925 12389
20230815 13205
20230926 12394
20230815 13205
20230927 12400
20230815 13205
20230928 12402
20230815 13205
20230929 12397
20230815 13205
20230930 12383
20230815 13205
20231001 12384
20230815 13205
20231002 12381
20230815 13205
20231003 12363
20230815 13205
20231005 12361
20230815 13205
20231007 12381
20230815 13205
20231008 12384
20230815 13205
20231009 12385
20230815 13205
20231010 12377
20231011 12377
20231012 12371
20231011 12377
20231013 12368
20231011 12377
20231014 12370
20231011 12377
20231015 12368
20231011 12377
20231016 12363
20231011 12377
20231017 12361
20231011 12377
20231018 12359
20231011 12377
20231019 12360
20231011 12377
20231020 12358
20231011 12377
20231021 12344
20231011 12377
20231022 12349
20231011 12377
20231023 12347
20231011 12377
20231024 12349
20231025 12349
20231026 12345
20231027 12349
20231025 12349
20231028 12356
20231025 12349
20231029 12350
20231025 12349
20231030 12342
20231025 12349
20231031 12340
20231025 12349
20231101 12338
20231025 12349
20231102 12347
20231025 12349
20231103 12351
20231025 12349
20231104 12346
20231025 12349
20231105 12340
20231025 12349
20231106 12339
20231025 12349
20231107 12341
20231025 12349
20231108 12335
20231025 12349
20231109 12333
20231025 12349
20231110 12329
20231113 12329
20231114 12330
20231113 12329
20231115 12328
20231113 12329
20231116 12325
20231113 12329
20231117 12334
20231113 12329
20231118 12328
20231113 12329
20231120 12320
20231121 12320
20231122 12317
20231121 12320
20231123 12313
20231121 12320
20231124 12312
20231121 12320
20231125 12309
20231121 12320
20231126 12301
20231121 12320
20231127 12289
20231121 12320
20231128 12290
20231121 12320
20231129 12335
20231121 12320
20231130 12326
20231121 12320
20231201 12318
20231121 12320
20231202 12319
20231121 12320
20231203 12314
20231121 12320
20231204 12306
20231121 12320
20231205 12310
20231206 12310
20231207 12313
20231208 12313
20231209 12310
20231208 12313
20231210 12306
20231208 12313
20231211 12307
20231208 12313
20231212 12312
20231208 12313
20231213 12311
20231208 12313
20231214 12308
20231208 12313
20231215 12309
20231208 12313
20231216 12306
20231208 12313
20231217 12298
20231218 12298
20231219 12300
20231220 12298
20231218 12298
20231221 12297
20231218 12298
20231222 12303
20231218 12298
20231223 12299
20231218 12298
20231224 12291
20231218 12298
20231225 12279
20231218 12298
20231226 12273
20231218 12298
20231227 12251
20231218 12298
20231230 12271
20231218 12298
20231231 12190
20231218 12298
20240101 12183
20231218 12298
20240102 12180
20231218 12298
20240103 12202
20231218 12298
20240104 12199
20231218 12298
20240105 12200
20231218 12298
20240106 12217
20231218 12298
20240107 12223
20231218 12298
20240108 12230
20231218 12298
20240109 12228
20231218 12298
20240110 12229
20231218 12298
20240111 12254
20231218 12298
20240112 12257
20231218 12298
20240113 12251
20231218 12298
20240114 12243
20231218 12298
20240115 12235
20231218 12298
20240116 12241
20231218 12298
20240117 12243
20231218 12298
20240118 12246
20240119 12246
20240120 12244
20240119 12246
20240121 12239
20240119 12246
20240122 12236
20240119 12246
20240124 12238
20240125 12238
20240126 12242
20240125 12238
20240127 12243
20240125 12238
20240128 12247
20240129 12247
20240130 12240
20240129 12247
20240131 12245
20240129 12247
20240201 12246
20240129 12247
20240202 12242
20240129 12247
20240203 12244
20240129 12247
20240204 12234
20240129 12247
20240205 12224
20240129 12247
20240206 12230
20240129 12247
20240207 12235
20240129 12247
20240208 12231
20240129 12247
20240209 12232
20240129 12247
20240210 12234
20240129 12247
20240211 12235
20240129 12247
20240212 12227
20240129 12247
20240213 12231
20240129 12247
20240214 12239
20240129 12247
20240215 12235
20240129 12247
20240216 12244
20240129 12247
20240217 12224
20240129 12247
20240218 12219
20240129 12247
20240219 12221
20240129 12247
20240220 12222
20240129 12247
20240221 12215
20240129 12247
20240222 12203
20240129 12247
20240223 12196
20240129 12247
20240224 12189
20240129 12247
20240225 12190
20240129 12247
20240226 12185
20240129 12247
20240227 12191
20240129 12247
20240228 12193
20240129 12247
20240229 12202
20240129 12247
20240301 12197
20240129 12247
20240302 12199
20240129 12247
20240303 12194
20240129 12247
20240304 12192
20240129 12247
20240305 12205
20240129 12247
20240306 12206
20240129 12247
20240307 12207
20240129 12247
20240308 12204
20240129 12247
20240309 12202
20240129 12247
20240310 12196
20240129 12247
20240311 12189
20240129 12247
20240312 12179
20240129 12247
20240313 12175
20240129 12247
20240314 12171
20240129 12247
20240315 12174
20240129 12247
20240316 12170
20240129 12247
20240317 12167
20240129 12247
20240318 12160
20240129 12247
20240319 12153
20240129 12247
20240320 12151
20240129 12247
20240321 12152
20240129 12247
20240322 12145
20240129 12247
20240323 12148
20240129 12247
20240324 12141
20240129 12247
20240325 12144
20240129 12247
20240326 12153
20240129 12247
20240327 12158
20240129 12247
20240328 12160
20240129 12247
20240329 12157
20240129 12247
20240330 12162
20240129 12247
20240331 12158
20240129 12247
20240401 12157
20240129 12247
20240402 12154
20240129 12247
20240403 12155
20240129 12247
20240404 12177
20240129 12247
20240405 12179
20240406 12179
20240407 12182
20240406 12179
20240408 12181
20240409 12179
20240406 12179
20240410 12178
20240406 12179
20240411 12180
20240412 12180
20240413 12179
20240412 12180
20240415 12165
20240412 12180
20240416 12167
20240412 12180
20240417 12163
20240412 12180
20240418 12164
20240412 12180
20240419 12163
20240412 12180
20240420 12150
20240412 12180
20240421 12143
20240412 12180
20240422 12131
20240412 12180
20240423 12132
20240412 12180
20240424 12137
20240412 12180
20240425 12138
20240426 12138
20240427 12137
20240426 12138
20240428 12143
20240426 12138
20240429 12136
20240426 12138
20240430 12126
20240426 12138
20240501 12120
20240426 12138
20240503 12121
20240426 12138
20240504 12116
20240426 12138
20240505 12109
20240426 12138
20240506 12095
20240426 12138
20240507 12096
20240426 12138
20240508 12100
20240426 12138
20240509 12102
20240426 12138
20240510 12111
20240426 12138
20240511 12116
20240426 12138
20240512 12113
20240513 12113
20240514 12109
20240513 12113
20240515 12117
20240516 12117
20240517 12123
20240516 12117
20240518 12127
20240519 12127
20240520 12122
20240519 12127
20240521 12115
20240519 12127
20240522 12113
20240519 12127
20240523 12120
20240519 12127
20240524 12116
20240519 12127
20240525 12122
20240519 12127
20240526 12125
20240519 12127
20240527 12121
20240528 12121
20240529 12127
20240528 12121
20240530 12126
20240528 12121
20240531 12122
20240528 12121
20240601 12130
20240528 12121
20240602 12127
20240528 12121
20240603 12125
20240604 12125
20240605 12126
20240604 12125
20240606 12131
20240604 12125
20240609 12136
20240604 12125
20240611 12117
20240604 12125
20240612 12112
20240604 12125
20240613 12116
20240614 12116
20240615 12107
20240614 12116
20240616 12103
20240614 12116
20240617 12105
20240614 12116
20240618 12104
20240614 12116
20240620 12105
20240614 12116
20240621 12104
20240614 12116
20240622 12103
20240614 12116
20240623 12092
20240614 12116
20240624 12095
20240614 12116
20240626 12092
20240614 12116
20240627 12077
20240614 12116
20240628 12069
20240614 12116
20240629 12067
20240614 12116
20240630 12068
20240614 12116
20240701 12066
20240614 12116
20240702 12059
20240614 12116
20240703 12064
20240614 12116
20240704 12067
20240705 12067
20240706 12063
20240705 12067
20240707 12056
20240705 12067
20240708 12051
20240705 12067
20240709 12054
20240705 12067
20240710 12055
20240705 12067
20240711 12051
20240705 12067
20240712 12053
20240705 12067
20240713 12051
20240705 12067
20240714 12046
20240705 12067
20240715 12040
20240705 12067
20240716 12043
20240705 12067
20240717 12044
20240705 12067
20240718 12052
20240705 12067
20240719 12040
20240705 12067
20240720 12042
20240705 12067
20240721 12036
20240705 12067
20240722 12031
20240705 12067
20240723 12030
20240724 12030
20240725 12037
20240724 12030
20240726 12034
20240724 12030
20240727 12029
20240724 12030
20240728 12027
20240724 12030
20240729 12029
20240724 12030
20240730 12025
20240724 12030
20240731 12020
20240724 12030
20240801 12022
20240724 12030
20240802 12023
20240724 12030
20240803 12019
20240724 12030
20240804 12012
20240724 12030
20240805 11994
20240724 12030
20240806 11990
20240724 12030
20240807 12098
20240724 12030
20240808 12105
20240724 12030
20240809 12097
20240724 12030
20240810 12104
20240724 12030
20240811 12101
20240724 12030
20240812 12091
20240724 12030
20240813 12088
20240724 12030
20240814 12100
20240724 12030
20240815 12098
20240724 12030
20240816 12102
20240724 12030
20240817 12099
20240724 12030
20240818 12101
20240724 12030
20240819 12096
20240724 12030
20240820 12095
20240724 12030
20240821 12094
20240724 12030
20240822 12098
20240724 12030
20240823 12101
20240724 12030
20240824 12105
20240724 12030
20240825 12100
20240724 12030
20240826 12096
20240724 12030
20240827 12098
20240724 12030
20240828 12095
20240724 12030
20240829 12098
20240724 12030
20240830 12099
20240724 12030
20240831 12108
20240724 12030
20240901 12109
20240724 12030
20240902 12104
20240724 12030
20240903 12123
20240724 12030
20240904 12122
20240724 12030
20240905 12114
20240724 12030
20240906 12115
20240724 12030
20240907 12118
20240908 12118
20240909 12105
20240908 12118
20240910 12100
20240908 12118
20240911 12105
20240912 12105
20240913 12102
20240914 12105
20240912 12105
20240915 12101
20240912 12105
20240916 12018
20240912 12105
20240917 12017
20240912 12105
20240918 12011
20240912 12105
20240919 12014
20240912 12105
20240920 12013
20240912 12105
20240921 12006
20240912 12105
20240921 12008
20240912 12105
20240922 12006
20240912 12105
20240925 11998
20240912 12105
20240926 12012
20240912 12105
20240927 12040
20240929 12040
20240930 12046
20240930 12046
