20230707 3523
20230709 3523
20230710 3527
20230711 3527
20230712 3526
20230713 3529
20230714 3531
20230715 3533
20230716 3532
20230717 3533
20230718 3529
20230719 3529
20230720 3532
20230721 3537
20230722 3536
20230724 3536
20230725 3539
20230726 3538
20230727 3536
20230728 3538
20230729 3539
20230730 3539
20230731 3542
20230801 3545
20230802 3547
20230803 3546
20230804 3548
20230805 3548
20230806 3546
20230807 3547
20230808 3539
20230809 3537
20230810 3541
20230811 3547
20230812 3547
20230813 3546
20230815 3545
20230816 3543
20230817 3542
20230818 3544
20230819 3548
20230820 3551
20230821 3552
20230822 3544
20230823 3544
20230824 3546
20230825 3545
20230826 3546
20230827 3544
20230828 3535
20230829 3533
20230830 3534
20230831 3534
20230901 3538
20230902 3539
20230903 3540
20230904 3533
20230905 3536
20230906 3537
20230907 3539
20230908 3537
20230909 3539
20230910 3540
20230911 3538
20230912 3539
20230913 3540
20230914 3539
20230915 3538
20230916 3538
20230917 3536
20230918 3537
20230919 3538
20230920 3345
20230921 3347
20230922 3352
20230923 3350
20230924 3346
20230925 3344
20230926 3331
20230927 3328
20230928 3327
20230929 3329
20230930 3328
20231001 3327
20231002 3326
20231003 3327
20231005 3327
20231007 3325
20231008 3326
20231009 3326
20231010 3319
20231011 3298
20231012 3297
20231013 3298
20231014 3296
20231015 3297
20231016 3296
20231017 3294
20231018 3292
20231019 3293
20231020 3216
20231021 3176
20231022 3176
20231023 3175
20231024 3176
20231025 3174
20231026 3174
20231027 3172
20231028 3174
20231029 3175
20231030 3175
20231031 3174
20231101 3174
20231102 3175
20231103 3175
20231104 3177
20231105 3175
20231106 3177
20231108 3177
20231109 3180
20231110 3177
20231111 3178
20231112 3177
20231113 3175
20231114 3177
20231115 3179
20231116 3180
20231117 3182
20231118 3182
20231120 3181
20231121 3184
20231122 3183
20231123 3181
20231124 3182
20231125 3181
20231126 3181
20231127 3179
20231128 3177
20231129 3252
20231130 3250
20231201 3247
20231202 3247
20231203 3248
20231204 3244
20231205 3244
20231206 3246
20231207 3247
20231208 3248
20231209 3250
20231210 3255
20231211 3251
20231212 3250
20231213 3250
20231214 3246
20231215 3243
20231216 3246
20231217 3243
20231218 3241
20231221 3241
20231222 3247
20231223 3249
20231224 3247
20231225 3246
20231226 3245
20231227 3240
20231231 3240
20240101 3242
20240102 3244
20240103 3244
20240104 3246
20240105 3245
20240106 3262
20240108 3262
20240109 3261
20240110 3260
20240111 3290
20240112 3287
20240113 3281
20240114 3283
20240115 3280
20240116 3281
20240117 3278
20240118 3279
20240119 3276
20240120 3282
20240121 3279
20240122 3276
20240124 3275
20240125 3274
20240126 3274
20240127 3276
20240128 3276
20240129 3278
20240130 3276
20240131 3276
20240201 3277
20240202 3280
20240203 3281
20240204 3281
20240205 3279
20240206 3278
20240207 3279
20240208 3275
20240209 3275
20240210 3271
20240211 3272
20240212 3272
20240213 3267
20240214 3264
20240215 3263
20240216 3267
20240217 3269
20240218 3266
20240219 3267
20240220 3266
20240221 3266
20240222 3264
20240223 3268
20240224 3269
20240225 3271
20240226 3273
20240227 3273
20240228 3272
20240229 3273
20240301 3274
20240302 3276
20240303 3273
20240304 3272
20240305 3273
20240306 3272
20240307 3269
20240308 3263
20240310 3263
20240311 3260
20240312 3259
20240313 3258
20240314 3259
20240315 3256
20240316 3255
20240317 3255
20240318 3254
20240319 3254
20240320 3249
20240321 3251
20240323 3251
20240324 3250
20240325 3252
20240326 3250
20240327 3250
20240328 3251
20240329 3252
20240330 3247
20240331 3244
20240401 3244
20240402 3243
20240403 3235
20240404 3232
20240405 3231
20240406 3232
20240407 3232
20240408 3231
20240409 3232
20240410 3232
20240411 3229
20240412 3233
20240413 3239
20240415 3240
20240416 3243
20240417 3243
20240418 3242
20240419 3244
20240420 3247
20240421 3247
20240422 3248
20240423 3250
20240424 3252
20240425 3251
20240427 3251
20240428 3252
20240429 3253
20240430 3250
20240501 3254
20240503 3251
20240504 3250
20240505 3251
20240506 3250
20240507 3251
20240508 3250
20240509 3249
20240510 3250
20240511 3250
20240512 3245
20240513 3247
20240514 3247
20240515 3249
20240516 3248
20240517 3248
20240518 3252
20240519 3254
20240520 3252
20240521 3256
20240522 3259
20240523 3261
20240524 3265
20240525 3266
20240526 3267
20240527 3267
20240528 3265
20240529 3263
20240530 3264
20240531 3263
20240601 3260
20240602 3258
20240603 3256
20240604 3257
20240605 3255
20240606 3253
20240609 3254
20240611 3255
20240612 3259
20240613 3256
20240614 3255
20240615 3255
20240616 3254
20240617 3257
20240618 3252
20240620 3248
20240621 3246
20240622 3248
20240623 3249
20240624 3250
20240626 3249
20240627 3253
20240628 3254
20240629 3251
20240630 3251
20240701 3251
20240702 3254
20240703 3258
20240704 3255
20240705 3253
20240706 3253
20240707 3256
20240708 3260
20240709 3261
20240710 3257
20240711 3255
20240712 3253
20240713 3252
20240714 3252
20240715 3251
20240716 3226
20240717 3226
20240718 3231
20240719 3231
