20230707 2
20230709 2
20230710 2
20230711 2
20230712 2
20230714 2
20230715 2
20230716 2
20230717 2
20230718 2
20230719 2
20230720 2
20230721 2
20230722 2
20230723 2
20230724 2
20230725 2
20230726 2
20230727 2
20230728 2
20230729 2
20230730 2
20230731 2
20230801 2
20230802 2
20230803 2
20230804 2
20230805 2
20230806 2
20230807 2
20230808 2
20230809 2
20230810 2
20230811 2
20230812 2
20230813 2
20230815 2
20230816 2
20230817 2
20230818 2
20230819 2
20230820 2
20230821 2
20230822 2
20230823 2
20230824 2
20230825 2
20230826 2
20230827 2
20230828 2
20230829 2
20230830 2
20230831 2
20230901 2
20230902 2
20230903 2
20230904 2
20230905 2
20230906 2
20230907 2
20230908 2
20230909 2
20230910 2
20230911 2
20230912 2
20230913 2
20230914 2
20230915 2
20230916 2
20230917 2
20230918 2
20230919 2
20230920 1
20230921 1
20230922 1
20230923 1
20230924 1
20230925 1
20230926 1
20230927 1
20230928 1
20230929 1
20230930 1
20231001 1
20231002 1
20231003 1
20231005 1
20231007 1
20231008 1
20231009 1
20231010 1
20231011 1
20231012 1
20231013 1
20231014 1
20231015 1
20231016 1
20231017 1
20231018 1
20231019 1
20231020 1
20231021 1
20231022 1
20231023 1
20231024 1
20231025 1
20231026 1
20231027 1
20231028 1
20231029 1
20231030 1
20231031 1
20231101 1
20231102 1
20231103 1
20231104 1
20231105 1
20231106 1
20231107 1
20231108 1
20231109 1
20231110 1
20231111 1
20231112 1
20231113 1
20231114 1
20231115 1
20231116 1
20231117 1
20231118 1
20231120 1
20231121 1
20231122 1
20231123 1
20231124 1
20231125 1
20231126 1
20231127 1
20231128 1
20231129 1
20231130 1
20231201 1
20231202 1
20231203 1
20231204 1
20231205 1
20231206 1
20231207 1
20231208 1
20231209 1
20231210 1
20231211 1
20231212 1
20231213 1
20231214 1
20231215 1
20231216 1
20231217 1
20231218 1
20231219 1
20231220 1
20231221 1
20231222 1
20231223 1
20231224 1
20231225 1
20231226 1
20231227 1
20231230 1
20231231 1
20240101 1
20240102 1
20240103 1
20240104 1
20240105 1
20240106 1
20240107 1
20240108 1
20240109 1
20240110 1
20240111 1
20240112 1
20240113 1
20240114 1
20240115 1
20240116 1
20240117 1
20240118 1
20240119 1
20240120 1
20240121 1
20240122 1
20240124 1
20240125 3
20240126 4
20240127 5
20240128 5
20240129 5
20240130 5
20240131 5
20240201 6
20240202 6
20240203 6
20240204 6
20240205 6
20240206 6
20240207 7
20240208 7
20240209 12
20240210 12
20240211 12
20240212 12
20240213 12
20240214 12
20240215 13
20240216 13
20240217 14
20240218 14
20240219 14
20240220 14
20240221 14
20240222 15
20240223 15
20240224 15
20240225 15
20240226 15
20240227 15
20240228 20
20240229 24
20240301 24
20240302 24
20240303 24
20240304 24
20240305 24
20240306 29
20240307 153
20240308 170
20240309 196
20240310 212
20240311 217
20240312 234
20240313 242
20240314 255
20240315 261
20240316 274
20240317 280
20240318 282
20240319 291
20240320 295
20240321 299
20240322 307
20240323 310
20240324 312
20240325 316
20240326 319
20240327 318
20240328 325
20240329 331
20240330 333
20240331 338
20240401 340
20240402 345
20240403 351
20240404 354
20240405 361
20240406 362
20240407 365
20240408 367
20240409 376
20240410 386
20240411 393
20240412 399
20240413 401
20240415 405
20240416 414
