20230922 8360
20230926 8360
20230927 8361
20230928 8361
20230929 8365
20231005 8365
20231007 8370
20231008 8372
20231011 8372
20231012 8373
20231013 8374
20231017 8374
20231018 8378
20231022 8378
20231023 8384
20231024 8384
20231025 8385
20231029 8385
20231030 8386
20231101 8386
20231102 8387
20231105 8387
20231106 8388
20231109 8388
20231110 8389
20231114 8389
20231115 8392
20231116 8395
20231121 8395
20231122 8396
20231126 8396
20231127 8397
20231129 8397
20231130 8401
20231203 8401
20231204 8402
20231205 8404
20231211 8404
20231212 8405
20231214 8405
20231215 8407
20231221 8407
20231222 8408
20231224 8408
20231225 8409
20231227 8409
20231230 8408
20231231 8409
20240101 8410
20240102 8410
20240103 8411
20240104 8413
20240105 8414
20240107 8414
20240108 8415
20240117 8415
20240118 8416
20240119 8417
20240120 8422
20240124 8422
20240125 8423
20240128 8423
20240129 8425
20240130 8426
20240131 8426
20240201 8427
20240202 8427
20240203 8429
20240205 8429
20240206 8430
20240210 8430
20240211 8435
20240213 8435
20240214 8436
20240215 8436
20240216 8439
20240222 8439
20240223 8440
20240224 8441
20240302 8441
20240303 8444
20240304 8444
20240305 8445
20240309 8445
20240310 8451
20240315 8451
20240316 8453
20240318 8453
20240319 8454
20240321 8454
20240322 8455
20240324 8455
20240325 8457
20240331 8457
20240401 8466
20240406 8466
20240407 8467
20240408 8468
20240417 8468
20240418 8472
20240420 8472
20240421 8474
20240425 8474
20240426 8476
20240429 8476
20240430 8477
20240505 8477
20240506 8479
20240508 8479
20240509 8482
20240512 8482
20240513 8483
20240515 8483
20240516 8484
20240517 8484
20240518 8490
20240520 8490
20240521 8491
20240524 8491
20240525 8493
20240528 8493
20240529 8498
20240530 8499
20240601 8499
20240602 8502
20240603 8502
20240604 8503
20240606 8503
20240609 8507
20240614 8507
20240615 8508
20240624 8508
20240626 8508
20240627 8518
20240628 8518
20240629 8518
20240630 8518
20240701 8519
20240702 8519
20240703 8520
20240704 8520
20240705 8520
20240706 8519
20240707 8519
20240708 8519
20240709 8520
20240710 8518
20240711 8519
20240712 8521
20240713 8522
20240714 8522
20240715 8520
20240716 8524
20240717 8524
20240718 8523
20240719 8522
20240720 8526
20240721 8525
20240722 8524
20240723 8524
20240724 8524
20240725 8524
20240726 8526
20240727 8529
20240728 8529
20240729 8531
20240730 8527
20240731 8528
20240801 8529
20240802 8529
20240803 8528
20240804 8528
20240805 8529
20240806 8526
20240807 8526
20240808 8526
20240809 8532
20240810 8528
20240811 8528
20240812 8526
20240813 8526
20240814 8527
20240815 8527
20240816 8531
20240817 8531
20240818 8529
20240819 8529
20240820 8530
20240821 8534
20240822 8531
20240823 8531
20240824 8534
20240825 8534
20240826 8532
20240827 8532
20240828 8535
20240829 8535
20240830 8535
20240831 8535
20240901 8534
20240902 8533
20240903 8533
20240904 8534
20240905 8534
20240906 8531
20240907 8536
20240908 8531
20240909 8535
20240910 8529
20240911 8538
20240912 8538
20240913 8537
20240914 8537
20240915 8533
20240916 8536
20240917 8536
20240918 8536
20240919 8535
20240920 8539
20240921 8541
20240922 8541
20240925 8544
20240926 8545
20240927 8545
20240928 8545
20240929 8545
20240930 8545
20241001 8545
20241002 8546
20241003 8546
20241004 8554
20241005 8554
20241006 8554
20241007 8554
20241008 8554
20241009 8554
20241010 8555
20241011 8555
20241012 8555
20241013 8555
20241014 8555
20241015 8555
20241016 8557
20241017 8557
20241018 8557
20241019 8557
20241020 8559
20241021 8562
20241022 8562
20241023 8562
20241024 8562
20241025 8562
20241026 8562
20241027 8566
20241028 8566
20241029 8566
20241030 8566
20241031 8566
20241101 8566
20241102 8566
20241103 8566
20241104 8566
20241105 8566
20241106 8567
20241107 8571
20241108 8571
20241109 8572
20241110 8572
20241111 8573
20241112 8574
20241113 8574
20241114 8574
20241115 8575
20241116 8575
20241117 8576
20241118 8576
20241119 8576
20241120 8576
20241121 8576
20241122 8579
20241123 8579
20241124 8579
20241125 8580
20241126 8580
20241127 8580
20241128 8580
20241129 8580
20241130 8580
20241201 8580
20241202 8580
20241203 8580
20241204 8580
20241205 8580
20241206 8580
20241207 8581
20241208 8581
20241209 8581
20241210 8581
20241211 8581
20241212 8586
20241213 8586
20241214 8586
20241215 8586
20241216 8587
20241217 8587
20241218 8587
20241219 8587
20241220 8589
20241221 8563
20241222 8568
20241223 8569
20241224 8573
20241225 8568
20241226 8567
20241227 8568
20241228 8591
20241229 8592
20241230 8592
20241231 8592
20250101 8592
20250102 8592
20250103 8592
20250104 8593
20250105 8593
20250106 8593
20250107 8593
20250108 8593
20250109 8595
20250110 8598
20250111 8598
20250112 8599
20250113 8599
20250114 8599
20250115 8599
20250116 8601
20250117 8601
20250118 8601
20250119 8601
20250120 8601
20250121 8601
20250122 8602
20250123 8602
20250124 8603
20250125 8604
20250126 8604
20250127 8604
20250128 8604
20250129 8604
20250130 8604
20250131 8604
20250201 8606
20250202 8608
20250203 8613
20250204 8614
20250205 8615
20250206 8615
20250207 8615
20250208 8615
20250210 8616
20250211 8617
20250212 8617
20250213 8617
20250214 8617
20250215 8617
20250216 8617
20250217 8617
20250218 8617
20250219 8617
20250220 8617
20250221 8617
20250222 8617
20250223 8617
20250224 8617
20250225 8618
20250226 8618
20250227 8618
20250228 8618
20250301 8618
20250302 8619
20250303 8624
20250304 8625
20250305 8626
20250306 8627
20250307 8628
20250308 8628
20250309 8628
20250310 8631
20250311 8631
20250312 8631
20250313 8631
20250314 8632
20250315 8632
20250316 8638
20250317 8640
20250318 8640
20250319 8640
20250320 8640
20250321 8640
20250322 8640
20250323 8640
20250324 8640
20250326 8640
20250327 8640
20250328 8643
20250329 8644
20250330 8644
20250331 8644
20250401 8646
20250402 8646
20250403 8646
20250404 8647
20250405 8654
20250406 8654
20250407 8658
20250408 8658
20250409 8658
20250410 8659
20250411 8659
20250412 8659
20250413 8660
20250414 8660
20250415 8661
20250416 8661
20250417 8663
20250418 8664
20250419 8664
20250420 8664
20250421 8664
20250422 8664
20250423 8664
20250424 8664
20250425 8669
20250426 8669
20250427 8669
20250428 8670
20250429 8670
20250430 8670
20250501 8671
20250502 8671
20250503 8671
20250504 8672
20250505 8672
20250506 8672
20250507 8672
20250508 8672
20250509 8672
20250510 8672
20250511 8674
20250512 8675
20250513 8677
20250514 8677
20250515 8678
20250516 8678
20250517 8678
20250518 8678
20250519 8678
20250520 8678
20250521 8678
20250522 8678
20250523 8678
20250524 8679
20250525 8679
20250526 8680
20250527 8680
20250528 8681
20250529 8681
20250530 8681
20250531 8682
20250601 8682
20250602 8682
20250603 8682
20250604 8693
20250605 8695
20250606 8695
20250607 8696
20250608 8697
20250609 8697
20250610 8697
20250611 8698
20250612 8698
20250613 8699
20250614 8703
20250615 8704
20250616 8705
20250617 8705
20250618 8707
20250619 8708
20250620 8708
20250621 8708
20250622 8708
20250623 8708
20250624 8708
20250625 8710
20250626 8711
20250627 8711
20250628 8711
20250629 8712
20250630 8712
20250701 8712
20250702 8726
20250703 8726
20250704 8727
20250705 8727
20250706 8727
20250707 8727
20250708 8727
20250709 8727
20250710 8727
20250711 8727
20250712 8727
20250713 8727
20250714 8727
20250715 8727
20250716 8727
20250717 8728
20250718 8729
20250719 8730
20250720 8733
20250722 8733
20250723 8734
20250724 8734
20250725 8735
20250726 8735
20250727 8738
20250728 8740
20250729 8740
20250730 8740
20250731 8752
20250801 8752
20250802 8752
20250803 8752
20250804 8752
20250805 8752
20250806 8752
20250807 8752
20250808 8752
20250810 8752
20250811 8752
20250812 8752
20250813 8752
20250814 8754
20250815 8754
20250816 8756
20250817 8758
20250818 8759
20250819 8760
20250820 8761
20250821 8761
20250822 8761
20250823 8762
20250824 8762
20250825 8762
20250826 8762
20250827 8763
20250828 8763
20250829 8764
20250830 8766
20250831 8767
20250901 8767
20250902 8767
20250903 8767
20250904 8767
20250905 8776
20250906 8776
20250907 8778
20250908 8779
20250909 8779
20250910 8779
20250911 8781
20250912 8781
20250913 8781
20250914 8781
20250915 8781
20250916 8781
20250917 8781
20250918 8781
20250919 8781
20250920 8781
20250921 8785
20250922 8785
20250923 8785
20250924 8786
20250925 8786
20250926 8787
20250927 8788
20250928 8788
20250929 8788
20250930 8788
20251001 8788
20251002 8788
20251003 8788
20251004 8788
20251005 8789
20251006 8789
20251007 8790
20251008 8791
20251009 8792
20251010 8797
20251011 8797
20251012 8797
20251013 8799
20251014 8800
20251015 8800
20251016 8800
20251017 8800
20251018 8801
20251019 8803
20251020 8803
20251021 8803
20251022 8803
20251023 8803
20251024 8803
20251025 8803
20251026 8803
20251027 8803
20251028 8803
20251029 8805
20251030 8805
20251031 8805
20251101 8808
20251102 8811
20251103 8813
20251104 8814
20251105 8817
20251106 8817
20251107 8818
20251108 8818
20251109 8818
20251110 8818
20251111 8818
20251112 8818
20251113 8818
20251114 8818
20251115 8819
20251116 8820
20251117 8821
20251118 8821
20251119 8820
20251120 8820
20251121 8821
20251122 8821
20251123 8822
20251124 8822
20251125 8822
20251126 8822
20251127 8822
20251128 8822
20251129 8822
20251130 8822
20251202 8822
20251203 8822
20251204 8822
20251206 8829
20251207 8830
20251208 8830
20251209 8830
20251210 8830
20251212 8832
20251213 8832
20251214 8833
20251217 8834
20260103 8850
20260104 8850
20260105 8850
20260107 8854
