20230707 1356024
20230710 1356895
20230712 1350407
20230715 1345802
20230717 1346204
20230719 1346780
20230720 1347141
20230723 1347910
20230724 1348413
20230730 1349853
20230809 1353239
20230819 1345146
20230822 1345146
20230825 1348335
20230828 1348335
20230829 1349698
20230830 1350210
20230903 1352044
20230908 1353978
20230917 1346446
20230918 1346655
20230920 1347340
20230925 1349304
20230927 1350069
20231012 1343457
20231014 1344649
20231018 1346361
20231027 1349969
20231031 1350873
20231103 1352018
20231106 1353495
20231108 1354167
20231113 1356103
20231129 1347115
20231130 1347602
20231206 1348952
20231214 1341732
20231217 1342949
20231219 1343324
20231230 1346411
20240107 1349096
20240108 1349371
20240110 1350154
20240201 1346285
20240207 1348773
20240215 1352388
20240221 1352567
20240227 1342751
20240305 1345951
20240307 1346922
20240308 1347456
20240315 1338318
20240320 1339406
20240403 1341630
20240408 1341419
20240422 1334071
20240501 1335585
20240507 1332008
20240509 1328936
20240511 1329212
20240515 1329418
20240516 1329218
20240603 1332190
20240618 1327913
20240622 1328408
20240627 1328519
20240702 1328913
20240708 1323699
20240724 1324610
20240729 1325125
20240731 1325409
20240803 1326113
20241003 1323712
20241118 1317251
20241119 1317400
20241216 1314939
20250204 1313044
