20230922 1018
20230925 1018
20230926 1019
20231001 1019
20231002 1020
20231005 1020
20231007 1019
20231012 1019
20231013 1018
20231014 1018
20231015 1017
20231026 1017
20231027 1016
20231030 1016
20231031 1017
20231121 1017
20231122 1018
20231201 1018
20231202 1020
20231210 1020
20231211 1019
20231212 1019
20231213 1020
20231220 1020
20231221 1021
20231222 1020
20240108 1020
20240109 1019
20240110 1020
20240112 1020
20240113 1021
20240116 1021
20240117 1020
20240118 1020
20240119 1043
20240120 1020
20240126 1020
20240127 1018
20240128 1019
20240203 1019
20240204 1020
20240205 1020
20240206 1021
20240208 1021
20240209 1020
20240210 1020
20240211 1019
20240223 1019
20240224 1020
20240225 1020
20240226 1019
20240301 1019
20240302 1018
20240303 1016
20240304 1017
20240309 1017
20240310 1018
20240321 1018
20240322 1014
20240323 1014
20240324 1013
20240325 1013
20240326 1012
20240327 1012
20240328 1011
20240329 1011
20240330 1010
20240331 1009
20240402 1009
20240403 1008
20240407 1008
20240408 1010
20240411 1010
20240412 1009
20240419 1009
20240420 1010
20240506 1010
20240507 1011
20240509 1011
20240510 1010
20240516 1010
20240517 1009
20240518 1007
20240524 1007
20240525 1008
20240526 1007
20240601 1007
20240602 1006
20240617 1006
20240618 1007
20240621 1007
20240622 1006
20240623 1005
20240630 1005
20240701 996
20240707 996
20240708 997
20240713 997
20240714 998
20240719 998
20240720 997
20240801 997
20240802 998
20240804 998
20240805 999
20240806 1000
20240813 1000
20240814 998
20240829 998
20240830 997
20240904 997
20240905 996
20240909 996
20240910 997
20240926 997
20240927 996
20240928 994
20240929 994
20240930 993
20241004 993
20241005 994
20241011 994
20241012 995
20241013 996
20241023 996
20241024 995
20241025 994
20241026 994
20241027 993
20241031 993
20241101 994
20241110 994
20241111 995
20241112 994
20241113 994
20241114 993
20241115 994
20241124 994
20241125 995
20241129 995
20241130 996
20241201 996
20241202 997
20241211 997
20241212 998
20241213 998
20241214 999
20241222 999
20241223 1000
20250111 1000
20250112 998
20250115 998
20250116 999
20250130 999
20250131 1000
20250201 999
20250203 999
20250204 1000
20250211 1000
20250212 1001
20250219 1001
20250220 1002
20250221 1000
20250222 1000
20250223 1002
20250227 1002
20250228 1003
20250304 1003
20250305 1002
20250313 1002
20250314 1003
20250315 1002
20250317 1002
20250318 1004
20250320 1004
20250321 1005
20250324 1005
20250326 1004
20250327 1002
20250402 1002
20250403 1001
20250404 1002
20250405 1002
20250406 1003
20250410 1003
20250411 1004
20250417 1004
20250418 1002
20250422 1002
20250423 1003
20250508 1003
20250509 1002
20250606 1002
20250607 1003
20250618 1003
20250619 1001
20250702 1001
20250703 1000
20250705 1000
20250706 999
20250708 999
20250709 998
20250711 998
20250712 999
20250713 999
20250714 998
20250718 998
20250719 1000
20250804 1000
20250805 1001
20250808 1001
20250810 1000
20250811 999
20250812 1000
20250905 1000
20250906 999
20250915 999
20250916 998
20250918 998
20250919 999
20251017 999
20251018 998
20251031 998
20251101 997
20251102 998
20251108 998
20251109 997
20251110 996
20251111 997
20251112 996
20251115 996
20251116 997
20251117 998
20251122 998
20251123 997
20251126 997
20251127 996
20251128 995
20251206 995
20251207 996
20251208 996
20251209 994
20260107 994
20260108 995
20260109 995
20260110 994
20260114 994
20260115 993
20260116 993
20260117 992
20260118 992
20260119 990
20260121 990
20260123 989
20260202 989
20260203 990
20260205 990
20260206 989
20260208 987
20260209 988
20260213 988
20260214 987
20260222 987
20260223 986
20260224 984
20260304 984
