20230707 5
20230709 5
20230710 5
20230711 5
20230712 5
20230714 5
20230715 5
20230716 5
20230717 5
20230718 5
20230719 5
20230720 5
20230721 5
20230722 5
20230723 5
20230724 5
20230725 5
20230726 5
20230727 5
20230728 5
20230729 5
20230730 5
20230731 5
20230801 5
20230802 5
20230803 5
20230804 5
20230805 5
20230806 5
20230807 5
20230808 5
20230809 5
20230810 5
20230811 5
20230812 5
20230813 5
20230815 5
20230816 5
20230817 5
20230818 5
20230819 5
20230820 5
20230821 5
20230822 5
20230823 5
20230824 5
20230825 5
20230826 5
20230827 5
20230828 5
20230829 5
20230830 5
20230831 5
20230901 5
20230902 5
20230903 5
20230904 5
20230905 5
20230906 5
20230907 5
20230908 5
20230909 5
20230910 5
20230911 5
20230912 5
20230913 5
20230914 5
20230915 5
20230916 5
20230917 5
20230918 5
20230919 5
20230920 4
20230921 4
20230922 4
20230923 4
20230924 4
20230925 4
20230926 4
20230927 4
20230928 4
20230929 4
20230930 4
20231001 4
20231002 4
20231003 4
20231005 4
20231007 4
20231008 4
20231009 4
20231010 4
20231011 4
20231012 4
20231013 4
20231014 4
20231015 4
20231016 4
20231017 4
20231018 4
20231019 4
20231020 4
20231021 4
20231022 4
20231023 4
20231024 4
20231025 4
20231026 4
20231027 4
20231028 4
20231029 4
20231030 4
20231031 4
20231101 4
20231102 4
20231103 4
20231104 4
20231105 4
20231106 4
20231107 4
20231108 4
20231109 4
20231110 4
20231111 4
20231112 4
20231113 4
20231114 4
20231115 4
20231116 4
20231117 4
20231118 4
20231120 4
20231121 4
20231122 4
20231123 4
20231124 4
