20230707 38175
20230710 38147
20230711 38187
20230712 38187
20230713 38168
20230714 38196
20230715 38190
20230716 38193
20230717 38193
20230718 38215
20230719 38228
20230720 38270
20230721 38265
20230722 38326
20230723 38331
20230724 38301
20230725 38325
20230726 38351
20230727 38364
20230728 38376
20230729 38414
20230730 38407
20230731 38391
20230801 38416
20230802 38449
20230803 38464
20230804 38465
20230805 38478
20230806 38464
20230807 38455
20230808 38458
20230809 38470
20230810 38466
20230811 38471
20230812 38481
20230813 38483
20230815 38523
20230816 38551
20230817 38548
20230818 38554
20230819 38598
20230820 38599
20230821 38599
20230822 38618
20230823 38634
20230824 38634
20230825 38666
20230826 38707
20230827 38718
20230828 38717
20230829 38731
20230830 38718
20230831 38735
20230901 38742
20230902 38745
20230903 38745
20230904 38754
20230905 38748
20230906 38759
20230907 38786
20230908 38807
20230909 38817
20230910 38826
20230911 38810
20230912 38786
20230913 38786
20230914 38765
20230915 38777
20230916 38780
20230917 38801
20230918 38794
20230919 38829
20230920 38835
20230921 38838
20230922 38838
20230923 38870
20230924 38899
