20230707 6382
20230709 6374
20230710 6376
20230711 6370
20230712 6367
20230713 6371
20230714 6371
20230715 6368
20230714 6371
20230716 6374
20230714 6371
20230717 6375
20230714 6371
20230718 6382
20230714 6371
20230719 6384
20230714 6371
20230720 6387
20230714 6371
20230721 6388
20230714 6371
20230722 6384
20230714 6371
20230723 6378
20230714 6371
20230724 6379
20230714 6371
20230725 6377
20230714 6371
20230726 6380
20230714 6371
20230727 6381
20230714 6371
20230728 6380
20230714 6371
20230729 6364
20230714 6371
20230730 6359
20230714 6371
20230731 6361
20230714 6371
20230801 6365
20230714 6371
20230802 6353
20230714 6371
20230803 6351
20230714 6371
20230804 6348
20230714 6371
20230805 6342
20230714 6371
20230806 6338
20230714 6371
20230807 6337
20230714 6371
20230808 6344
20230714 6371
20230809 6350
20230714 6371
20230810 6353
20230714 6371
20230811 6357
20230714 6371
20230812 6349
20230714 6371
20230813 6353
20230815 6353
20230816 6356
20230815 6353
20230817 6361
20230815 6353
20230818 6362
20230815 6353
20230819 6359
20230815 6353
20230820 6364
20230815 6353
20230821 6363
20230815 6353
20230822 6365
20230815 6353
20230823 6363
20230815 6353
20230824 6361
20230815 6353
20230825 6368
20230815 6353
20230826 6374
20230815 6353
20230827 6378
20230815 6353
20230828 6377
20230815 6353
20230829 6378
20230815 6353
20230830 6379
20230815 6353
20230831 6377
20230815 6353
20230901 6361
20230815 6353
20230902 6333
20230815 6353
20230903 6325
20230815 6353
20230904 6314
20230815 6353
20230905 6304
20230815 6353
20230906 6286
20230815 6353
20230907 6273
20230815 6353
20230908 6244
20230815 6353
20230909 6214
20230815 6353
20230910 6202
20230815 6353
20230911 6181
20230815 6353
20230912 6164
20230815 6353
20230913 6128
20230815 6353
20230914 6126
20230815 6353
20230915 6088
20230815 6353
20230916 6085
20230815 6353
20230917 6049
20230815 6353
20230918 6008
20230815 6353
20230919 5985
20230815 6353
20230920 5613
20230815 6353
20230921 5563
20230815 6353
20230922 5562
20230815 6353
20230923 5556
20230815 6353
20230924 5555
20230815 6353
20230925 5554
20230815 6353
20230926 5555
20230815 6353
20230927 5551
20230815 6353
20230928 5552
20230815 6353
20230929 5550
20230815 6353
20230930 5549
20230815 6353
20231001 5544
20230815 6353
20231002 5540
20231003 5540
20231005 5528
20231003 5540
20231007 5526
20231003 5540
20231008 5518
20231003 5540
20231009 5517
20231003 5540
20231010 5513
20231003 5540
20231011 5509
20231003 5540
20231012 5512
20231003 5540
20231013 5509
20231003 5540
20231014 5506
20231003 5540
20231015 5503
20231003 5540
20231016 5497
20231003 5540
20231017 5491
20231018 5491
20231019 5490
20231018 5491
20231020 5492
20231018 5491
20231021 5489
20231022 5491
20231018 5491
20231023 5492
20231018 5491
20231024 5488
20231025 5491
20231026 5491
20231027 5497
20231026 5491
20231028 5496
20231026 5491
20231029 5495
20231026 5491
20231030 5492
20231026 5491
20231031 5494
20231026 5491
20231101 5489
20231026 5491
20231102 5484
20231026 5491
20231103 5480
20231104 5480
20231105 5477
20231106 5477
20231107 5475
20231108 5477
20231106 5477
20231109 5476
20231106 5477
20231110 5475
20231106 5477
20231111 5473
20231106 5477
20231112 5474
20231106 5477
20231113 5471
20231106 5477
20231114 5466
20231106 5477
20231115 5462
20231106 5477
20231116 5457
20231106 5477
20231117 5459
20231106 5477
20231118 5462
20231106 5477
20231120 5459
20231106 5477
20231121 5455
20231106 5477
20231122 5460
20231106 5477
20231123 5453
20231106 5477
20231124 5451
20231106 5477
20231125 5445
20231106 5477
20231126 5443
20231106 5477
20231127 5440
20231106 5477
20231128 5442
20231106 5477
20231129 5441
20231106 5477
20231130 5439
20231106 5477
20231201 5437
20231106 5477
20231202 5434
20231106 5477
20231203 5426
20231106 5477
20231204 5408
20231106 5477
20231205 5399
20231106 5477
20231206 5392
20231106 5477
20231207 5391
20231106 5477
20231208 5389
20231106 5477
20231209 5342
20231106 5477
20231210 5332
20231106 5477
20231211 5327
20231106 5477
20231212 5311
20231106 5477
20231213 5303
20231106 5477
20231214 5298
20231106 5477
20231215 5273
20231106 5477
20231216 5275
20231106 5477
20231217 5266
20231106 5477
20231218 5262
20231106 5477
20231219 5265
20231106 5477
20231220 5264
20231106 5477
20231221 5266
20231106 5477
20231222 5265
20231223 5265
20231224 5263
20231223 5265
20231225 5261
20231223 5265
20231226 5262
20231223 5265
20231227 5252
20231223 5265
20231230 5263
20231223 5265
20231231 5260
20231223 5265
20240101 5263
20231223 5265
20240102 5260
20231223 5265
20240103 5258
20231223 5265
20240104 5259
20231223 5265
20240105 5258
20231223 5265
20240106 5280
20231223 5265
20240107 5272
20231223 5265
20240108 5276
20231223 5265
20240109 5263
20231223 5265
20240110 5266
20231223 5265
20240111 5306
20231223 5265
20240112 5307
20231223 5265
20240113 5306
20231223 5265
20240114 5307
20231223 5265
20240115 5310
20231223 5265
20240116 5311
20231223 5265
20240117 5312
20231223 5265
20240118 5321
20231223 5265
20240119 5322
20231223 5265
20240120 5329
20231223 5265
20240121 5333
20231223 5265
20240122 5338
20231223 5265
20240124 5341
20231223 5265
20240125 5342
20231223 5265
20240126 5345
20231223 5265
20240127 5352
20231223 5265
20240128 5353
20231223 5265
20240129 5352
20231223 5265
20240130 5353
20231223 5265
20240131 5356
20231223 5265
20240201 5351
20240202 5351
20240203 5353
20240202 5351
20240204 5359
20240202 5351
20240205 5358
20240202 5351
20240206 5364
20240202 5351
20240207 5365
20240202 5351
20240208 5355
20240209 5355
20240210 5338
20240209 5355
20240211 5342
20240209 5355
20240212 5341
20240209 5355
20240213 5343
20240209 5355
20240214 5348
20240215 5348
20240216 5344
20240215 5348
20240217 5342
20240215 5348
20240218 5340
20240215 5348
20240219 5342
20240215 5348
20240220 5344
20240215 5348
20240221 5346
20240215 5348
20240222 5351
20240215 5348
20240223 5352
20240215 5348
20240224 5347
20240225 5348
20240215 5348
20240226 5350
20240215 5348
20240227 5346
20240228 5346
20240229 5349
20240228 5346
20240301 5351
20240228 5346
20240302 5350
20240303 5350
20240304 5349
20240303 5350
20240305 5345
20240303 5350
20240306 5343
20240303 5350
20240307 5349
20240303 5350
20240308 5346
20240303 5350
20240309 5349
20240303 5350
20240310 5348
20240303 5350
20240311 5339
20240303 5350
20240312 5338
20240303 5350
20240313 5341
20240303 5350
20240314 5343
20240303 5350
20240315 5340
20240303 5350
20240316 5344
20240303 5350
20240317 5345
20240303 5350
20240318 5343
20240303 5350
20240319 5337
20240303 5350
20240320 5342
20240303 5350
20240321 5346
20240303 5350
20240322 5349
20240323 5350
20240303 5350
20240324 5348
20240303 5350
20240325 5354
20240327 5354
20240328 5351
20240327 5354
20240329 5353
20240327 5354
20240330 5351
20240331 5351
20240401 5352
20240402 5352
20240403 5355
20240402 5352
20240404 5359
20240402 5352
20240405 5356
20240402 5352
20240406 5351
20240402 5352
20240407 5349
20240402 5352
20240408 5353
20240402 5352
20240409 5360
20240402 5352
20240410 5358
20240402 5352
20240411 5362
20240402 5352
20240412 5363
20240402 5352
20240413 5366
20240402 5352
20240415 5353
20240402 5352
20240416 5359
20240402 5352
20240417 5358
20240402 5352
20240418 5359
20240419 5359
20240420 5355
20240419 5359
20240421 5349
20240419 5359
20240422 5353
20240419 5359
20240423 5356
20240424 5356
20240425 5360
20240424 5356
20240426 5363
20240424 5356
20240427 5362
20240428 5356
20240424 5356
20240429 5364
20240430 5364
20240501 5370
20240430 5364
20240503 5369
20240504 5369
20240505 5372
20240504 5369
20240506 5365
20240508 5365
20240509 5364
20240508 5365
20240510 5370
20240508 5365
20240511 5371
20240508 5365
20240512 5372
20240508 5365
20240513 5370
20240508 5365
20240514 5369
20240508 5365
20240515 5370
20240516 5370
20240517 5371
20240516 5370
20240518 5373
20240516 5370
20240519 5368
20240516 5370
20240520 5363
20240516 5370
20240521 5366
20240522 5366
20240523 5369
20240524 5369
20240525 5371
20240524 5369
20240526 5377
20240527 5369
20240528 5369
20240529 5363
20240528 5369
20240530 5357
20240528 5369
20240531 5350
20240528 5369
20240601 5354
20240602 5354
20240603 5358
20240602 5354
20240604 5361
20240606 5361
20240609 5356
20240606 5361
20240611 5358
20240606 5361
20240612 5355
20240613 5355
20240614 5357
20240613 5355
20240615 5356
20240616 5356
20240617 5359
20240616 5356
20240618 5354
20240616 5356
20240620 5353
20240621 5353
20240622 5355
20240621 5353
20240623 5358
20240621 5353
20240624 5361
20240621 5353
20240626 5369
20240621 5353
20240627 5372
20240621 5353
20240628 5369
20240621 5353
20240629 5373
20240621 5353
20240630 5378
20240621 5353
20240701 5379
20240621 5353
20240702 5375
20240621 5353
20240703 5373
20240621 5353
20240704 5380
20240621 5353
20240705 5377
20240621 5353
20240706 5379
20240621 5353
20240707 5377
20240621 5353
20240708 5380
20240621 5353
20240709 5382
20240621 5353
20240710 5380
20240621 5353
20240711 5381
20240621 5353
20240712 5376
20240621 5353
20240713 5380
20240621 5353
20240714 5382
20240621 5353
20240715 5381
20240621 5353
20240716 5375
20240621 5353
20240717 5377
20240621 5353
20240718 5376
20240719 5376
20240720 5375
20240719 5376
20240721 5372
20240719 5376
20240722 5373
20240724 5373
20240725 5369
20240726 5369
20240727 5368
20240726 5369
20240728 5367
20240729 5369
20240726 5369
20240730 5372
20240731 5372
20240801 5369
20240802 5369
20240803 5370
20240802 5369
20240804 5367
20240802 5369
20240805 5372
20240806 5372
20240807 5371
20240806 5372
20240808 5380
20240806 5372
20240809 5378
20240806 5372
20240810 5376
20240806 5372
20240811 5382
20240812 5382
20240813 5376
20240812 5382
20240814 5375
20240812 5382
20240815 5370
20240812 5382
20240816 5365
20240812 5382
20240817 5370
20240812 5382
20240818 5367
20240812 5382
20240819 5369
20240812 5382
20240820 5365
20240812 5382
20240821 5364
20240812 5382
20240822 5363
20240812 5382
20240823 5364
20240824 5364
20240825 5365
20240826 5365
20240827 5368
20240826 5365
20240828 5366
20240826 5365
20240829 5364
20240826 5365
20240830 5363
20240826 5365
20240831 5362
20240826 5365
20240901 5360
20240902 5360
20240903 5359
20240902 5360
20240904 5363
20240902 5360
20240905 5371
20240906 5371
20240907 5368
20240906 5371
20240908 5369
20240906 5371
20240909 5360
20240906 5371
20240910 5363
20240906 5371
20240911 5365
20240906 5371
20240912 5370
20240906 5371
20240913 5376
20240906 5371
20240914 5374
20240915 5374
20240916 5375
20240915 5374
20240917 5376
20240915 5374
20240918 5377
20240915 5374
20240919 5384
20240920 5384
20240921 5381
20240920 5384
20240921 5382
20240920 5384
20240922 5381
20240920 5384
20240925 5376
20240920 5384
20240926 5379
20240920 5384
20240927 5382
20240920 5384
20240928 5391
20240920 5384
20240929 5392
20240920 5384
20240930 5394
20240920 5384
20241001 5389
20241002 5389
