20230707 18119
20230709 18125
20230710 18117
20230711 18133
20230712 18125
20230713 18128
20230714 18128
20230715 18134
20230716 18130
20230717 18155
20230718 18159
20230719 18166
20230720 18176
20230721 18184
20230722 18185
20230723 18149
20230724 18139
20230725 18148
20230726 18189
20230727 18195
20230728 18209
20230729 18236
20230730 18241
20230731 18257
20230801 18270
20230802 18270
20230803 18280
20230804 18301
20230805 18315
20230806 18315
20230807 18325
20230808 18338
20230809 18346
20230810 18353
20230811 18364
20230812 18385
20230813 18379
20230815 18386
20230816 18389
20230817 18400
20230818 18400
20230819 18412
20230820 18404
20230821 18406
20230822 18421
20230823 18428
20230824 18448
20230825 18458
20230826 18457
20230827 18451
20230828 18469
20230829 18479
20230830 18508
20230831 18521
20230901 18520
20230902 18524
20230903 18524
20230904 18531
20230905 18532
20230906 18541
20230907 18544
20230908 18537
20230909 18529
20230910 18518
20230911 18517
20230912 18530
20230913 18530
20230914 18539
20230915 18545
20230916 18544
20230917 18537
20230918 18539
20230919 18559
20230920 16931
20230921 16931
20230922 16941
20230923 16955
20230924 16953
20230925 16955
20230926 16947
20230927 16928
20230928 16892
20230929 16805
20230930 16781
20231001 16741
20231002 16726
20231003 16719
20231005 16691
20231007 16684
20231008 16677
20231009 16669
20231010 16645
20231011 16626
20231012 16618
20231013 16619
20231014 16632
20231015 16624
20231016 16622
20231017 16611
20231018 16599
20231019 16591
20231020 16596
20231021 16594
20231022 16587
20231023 16605
20231024 16606
20231025 16612
20231026 16622
20231027 16621
20231028 16613
20231029 16602
20231030 16589
20231031 16576
20231101 16574
20231102 16570
20231103 16573
20231104 16563
20231105 16562
20231106 16567
20231107 16583
20231108 16590
20231109 16581
20231110 16597
20231111 16601
20231112 16608
20231113 16606
20231114 16612
20231115 16609
20231116 16608
20231117 16643
20231118 16636
20231120 16633
20231121 16631
20231122 16626
20231123 16624
20231124 16631
20231125 16629
20231126 16616
20231127 16630
20231128 16633
20231129 16629
20231130 16636
20231201 16633
20231202 16630
20231203 16629
20231204 16629
20231205 16646
20231206 16651
20231207 16660
20231208 16656
20231209 16659
20231210 16678
20231211 16675
20231212 16687
20231213 16708
20231214 16708
20231215 16697
20231216 16708
20231217 16704
20231218 16705
20231219 16711
20231220 16718
20231221 16711
20231222 16739
20231223 16733
20231224 16730
20231225 16732
20231226 16718
20231227 16681
20231230 16719
20231231 16712
20240101 16719
20240102 16725
20240103 16731
20240104 16734
20240105 16744
20240106 16751
20240107 16763
20240108 16761
20240109 16759
20240110 16759
20240111 16760
20240112 16758
20240113 16754
20240114 16764
20240115 16757
20240116 16756
20240117 16755
20240118 16762
20240119 16752
20240120 16766
20240121 16761
20240122 16757
20240124 16779
20240125 16786
20240126 16792
20240127 16800
20240128 16802
20240129 16804
20240130 16805
20240131 16812
20240201 16798
20240202 16795
20240203 16804
20240204 16812
20240205 16826
20240206 16826
20240207 16832
20240208 16833
20240209 16828
20240210 16837
20240211 16845
20240212 16841
20240213 16853
20240214 16855
20240215 16850
20240216 16840
20240217 16838
20240218 16853
20240219 16847
20240220 16858
20240221 16865
20240222 16872
20240223 16865
20240224 16855
20240225 16858
20240226 16861
20240227 16871
20240228 16876
20240229 16885
20240301 16893
20240302 16897
20240303 16894
20240304 16903
20240305 16899
20240306 16907
20240307 16921
20240308 16929
20240309 16918
20240310 16920
20240311 16909
20240312 16903
20240313 16901
20240314 16920
20240315 16928
20240316 16929
20240317 16928
20240318 16933
20240319 16936
20240320 16943
20240321 16941
20240322 16940
20240323 16940
20240324 16943
20240325 16947
20240326 16946
20240327 16950
20240328 16947
20240329 16954
20240330 16958
20240331 16946
20240401 16945
20240402 16948
20240403 16947
20240404 16940
20240405 16948
20240406 16950
20240407 16937
20240408 16933
20240409 16939
20240410 16909
20240411 16911
20240412 16914
20240413 16911
20240415 16904
20240416 16904
20240417 16911
20240418 16909
20240419 16915
20240420 16926
20240421 16925
20240422 16927
20240423 16941
20240424 16950
20240425 16961
20240426 16971
20240427 16979
20240428 16987
20240429 16986
20240430 17000
20240501 16997
20240503 16987
20240504 16989
20240505 16998
20240506 16995
20240507 16998
20240508 16997
20240509 16996
20240510 17000
20240511 17005
20240512 17008
20240513 17017
20240514 17021
20240515 17026
20240516 17022
20240517 17034
20240518 17049
20240519 17046
20240520 17043
20240521 17044
20240522 17038
20240523 17050
20240524 16944
20240525 16929
20240526 16929
20240527 16919
20240528 16926
20240529 16933
20240530 16937
20240531 16927
20240601 16917
20240602 16920
20240603 16924
20240604 16930
20240605 16928
20240606 16936
20240609 16924
20240611 16926
20240612 16921
20240613 16910
20240614 16911
20240615 16911
