20230707 8999
20230709 9003
20230710 8996
20230711 8978
20230712 8974
20230713 8976
20230714 8973
20230715 8970
20230716 8974
20230717 8974
20230718 8975
20230719 8975
20230720 8967
20230721 8964
20230722 8967
20230723 8969
20230724 8966
20230725 8965
20230726 8965
20230727 8957
20230728 8959
20230729 8960
20230730 8957
20230731 8961
20230801 8961
20230802 8959
20230803 8964
20230804 8963
20230805 8962
20230806 8961
20230807 8955
20230808 8957
20230809 8953
20230810 8956
20230811 8953
20230812 8960
20230813 8957
20230815 8948
20230816 8950
20230817 8946
20230818 8955
20230819 8950
20230820 8952
20230821 8955
20230822 8958
20230823 8963
20230824 8962
20230825 8967
20230826 8982
20230827 8978
20230828 8986
20230829 8986
20230830 8987
20230831 8991
20230901 8988
20230902 8985
20230903 8988
20230904 8982
20230905 8979
20230906 8976
20230907 8968
20230908 8964
20230909 8963
20230910 8960
20230911 8957
20230912 8949
20230913 8952
20230914 8956
20230915 8957
20230916 8960
20230917 8953
20230918 8956
20230919 8958
20230920 8267
20230921 8268
20230922 8277
20230923 8274
20230924 8263
20230925 8261
20230926 8259
20230927 8256
20230928 8256
20230929 8252
20230930 8249
20231001 8233
20231002 8228
20231003 8232
20231005 8241
20231007 8240
20231008 8237
20231009 8236
20231010 8233
20231011 8234
20231012 8230
20231013 8229
20231014 8226
20231015 8216
20231016 8217
20231017 8220
20231018 8219
20231019 8211
20231020 8209
20231021 8207
20231022 8209
20231023 8206
20231024 8199
20231025 8202
20231026 8203
20231027 8201
20231028 8194
20231029 8192
20231030 8184
20231031 8185
20231101 8181
20231102 8175
20231103 8170
20231104 8167
20231105 8161
20231106 8157
20231107 8155
20231108 8154
20231109 8151
20231110 8146
20231111 8149
20231112 8148
20231113 8145
20231114 8149
20231115 8145
20231116 8142
20231117 8154
20231118 8147
20231120 8131
20231121 8132
20231122 8136
20231123 8139
20231124 8126
20231125 8122
20231126 8095
20231127 8097
20231128 8087
20231129 8105
20231130 8100
20231201 8098
20231202 8080
20231203 8075
20231204 7985
20231205 7962
20231206 7927
20231207 7914
20231208 7908
20231209 7909
20231210 7758
20231211 7749
20231212 7742
20231213 7725
20231214 7723
20231215 7714
20231216 7713
20231217 7707
20231218 7710
20231219 7708
20231220 7705
20231221 7701
20231222 7707
20231223 7699
20231224 7691
20231225 7683
20231226 7685
20231227 7678
20231230 7679
20231231 7677
20240101 7680
20240102 7680
20240103 7679
20240104 7673
20240105 7673
20240106 7680
20240107 7679
20240108 7676
20240109 7676
20240110 7683
20240111 7706
20240112 7711
20240113 7711
20240114 7704
20240115 7703
20240116 7708
20240117 7710
20240118 7715
20240119 7712
20240120 7707
20240121 7708
20240122 7701
20240124 7698
20240125 7696
20240126 7699
20240127 7699
20240128 7697
20240129 7696
20240130 7697
20240131 7701
20240201 7698
20240202 7695
20240203 7713
20240204 7716
20240205 7710
20240206 7710
20240207 7722
20240208 7725
20240209 7720
20240210 7722
20240211 7720
20240212 7721
20240213 7721
20240214 7721
20240215 7723
20240216 7721
20240217 7721
20240218 7726
20240219 7723
20240220 7723
20240221 7721
20240222 7723
