20230707 7576
20230709 7575
20230710 7572
20230711 7583
20230712 7570
20230713 7560
20230714 7565
20230715 7576
20230716 7583
20230717 7591
20230718 7574
20230719 7575
20230720 7572
20230721 7579
20230722 7586
20230723 7581
20230724 7581
20230725 7573
20230726 7579
20230727 7571
20230728 7578
20230729 7590
20230730 7604
20230731 7606
20230801 7617
20230802 7625
20230803 7624
20230804 7633
20230805 7630
20230806 7640
20230807 7644
20230808 7639
20230809 7639
20230810 7639
20230811 7632
20230812 7637
20230813 7638
20230815 7640
