20230707 13
20230709 13
20230710 13
20230711 13
20230712 13
20230714 13
20230715 13
20230716 13
20230717 13
20230718 13
20230719 13
20230720 13
20230721 13
20230722 13
20230723 13
20230724 13
20230725 13
20230726 13
20230727 13
20230728 13
20230729 13
20230730 13
20230731 13
20230801 13
20230802 13
20230803 13
20230804 13
20230805 13
20230806 13
20230807 13
20230808 13
20230809 13
20230810 13
20230811 13
20230812 13
20230813 13
20230815 13
20230816 13
20230817 13
20230818 13
20230819 13
20230820 13
20230821 13
20230822 13
20230823 13
20230824 13
20230825 13
20230826 13
20230827 13
20230828 13
20230829 13
20230830 13
20230831 13
20230901 13
20230902 13
20230903 13
20230904 13
20230905 13
20230906 13
20230907 13
20230908 13
20230909 13
20230910 13
20230911 13
20230912 13
20230913 13
20230914 13
20230915 13
20230916 13
20230917 13
20230918 13
20230919 13
20230920 11
20230921 11
20230922 11
20230923 11
20230924 11
20230925 11
20230926 11
20230927 11
20230928 11
20230929 11
20230930 11
20231001 11
20231002 11
20231003 11
20231005 11
20231007 11
20231008 11
20231009 11
20231010 11
20231011 11
20231012 11
20231013 11
20231014 11
20231015 11
20231016 11
20231017 11
20231018 11
20231019 11
20231020 11
20231021 11
20231022 11
20231023 11
20231024 11
20231025 11
20231026 11
20231027 11
20231028 11
20231029 11
20231030 11
20231031 11
20231101 11
20231102 11
20231103 11
20231104 11
20231105 11
20231106 11
20231107 11
20231108 11
20231109 11
20231110 11
20231111 11
20231112 11
20231113 11
20231114 11
20231115 11
20231116 11
20231117 11
20231118 11
20231120 11
20231121 11
20231122 11
20231123 11
20231124 11
20231125 11
20231126 11
20231127 11
20231128 11
20231129 11
20231130 11
20231201 11
20231202 11
20231203 11
20231204 11
20231205 11
20231206 11
20231207 11
20231208 11
20231209 11
20231210 11
20231211 11
20231212 11
20231213 11
20231214 11
20231215 11
20231216 11
20231217 11
20231218 11
20231219 11
20231220 11
20231221 11
20231222 11
20231223 11
20231224 11
20231225 11
20231226 11
20231227 11
20231230 11
20231231 11
20240101 11
20240102 11
20240103 11
20240104 11
20240105 11
20240106 11
20240107 11
20240108 11
20240109 11
20240110 11
20240111 11
20240112 11
20240113 11
20240114 11
20240115 11
20240116 11
20240117 11
20240118 11
20240119 11
20240120 11
20240121 11
20240122 11
20240124 11
20240125 11
20240126 11
20240127 11
20240128 11
20240129 11
20240130 11
20240131 11
20240201 11
20240202 11
20240203 11
20240204 11
20240205 11
20240206 11
20240207 11
20240208 11
20240209 11
20240210 11
20240211 11
20240212 11
20240213 11
20240214 11
20240215 11
20240216 11
20240217 11
20240218 11
20240219 11
20240220 11
20240221 11
20240222 11
20240223 11
20240224 11
20240225 11
20240226 11
20240227 11
20240228 11
20240229 11
20240301 11
20240302 11
20240303 11
20240304 11
20240305 11
20240306 11
20240307 11
20240308 11
20240309 11
20240310 11
20240311 11
20240312 11
20240313 11
20240314 11
20240315 11
20240316 11
20240317 11
20240318 11
20240319 11
20240320 11
20240321 11
20240322 11
20240323 11
20240324 11
20240325 11
20240326 11
20240327 11
20240328 11
20240329 11
20240330 11
20240331 11
20240401 11
20240402 11
20240403 11
20240404 11
20240405 11
20240406 11
20240407 11
20240408 11
20240409 11
20240410 11
20240411 11
20240412 11
20240413 11
20240415 11
20240416 11
20240417 11
20240418 11
20240419 11
20240420 11
20240421 11
20240422 11
20240423 11
20240424 11
20240425 11
20240426 11
20240427 11
20240428 11
20240429 11
20240430 11
20240501 11
20240503 11
20240504 11
20240505 11
20240506 11
20240507 11
20240508 11
20240509 11
20240510 11
20240511 11
20240512 11
20240513 11
20240514 11
20240515 11
20240516 11
20240517 11
20240518 11
20240519 11
20240520 11
20240521 11
20240522 11
20240523 11
20240524 11
20240525 11
20240526 11
20240527 11
20240528 11
