20230707 8
20230709 8
20230710 8
20230711 8
20230712 8
20230714 8
20230715 8
20230716 8
20230717 8
20230718 8
20230719 8
20230720 8
20230721 8
20230722 8
20230723 8
20230724 8
20230725 8
20230726 8
20230727 8
20230728 8
20230729 8
20230730 8
20230731 8
20230801 8
20230802 8
20230803 9
20230804 9
20230805 9
20230806 9
20230807 9
20230808 9
20230809 9
20230810 9
20230811 9
20230812 9
20230813 9
20230815 9
20230816 9
20230817 9
20230818 9
20230819 9
20230820 9
20230821 9
20230822 9
20230823 9
20230824 9
20230825 9
20230826 9
20230827 9
20230828 9
20230829 9
20230830 9
20230831 9
20230901 9
20230902 9
20230903 9
20230904 9
20230905 9
20230906 9
20230907 9
20230908 9
20230909 9
20230910 9
20230911 9
20230912 9
20230913 9
