20230707 2300
20230709 2298
20230710 2297
20230711 2288
20230712 2288
20230713 2287
20230714 2288
20230715 2288
20230716 2288
20230717 2286
20230718 2284
20230719 2284
20230720 2283
20230721 2283
20230722 2286
20230723 2286
20230724 2285
20230725 2284
20230726 2285
20230727 2286
20230728 2285
20230729 2284
20230730 2282
20230731 2284
20230801 2286
20230802 2288
20230803 2286
20230804 2286
20230805 2289
20230806 2292
20230807 2289
20230808 2288
20230809 2287
20230810 2286
20230811 2285
20230812 2286
20230813 2285
20230815 2195
20230816 2195
20230817 2195
20230818 2198
20230819 2200
20230820 2189
20230821 2174
20230822 2162
20230823 2161
20230824 2162
20230825 2159
20230826 2160
20230827 2161
20230828 2160
20230829 2161
20230830 2161
20230831 2160
20230901 2160
20230902 2162
20230903 2161
20230904 2156
20230905 2155
20230906 2156
20230907 2158
20230908 2158
20230909 2157
20230910 2156
20230911 2153
20230912 2153
