20230707 5239
20230709 5239
20230710 5241
20230709 5239
20230711 5247
20230709 5239
20230712 5252
20230709 5239
20230713 5254
20230709 5239
20230714 5260
20230709 5239
20230715 5263
20230709 5239
20230716 5264
20230717 5264
20230718 5268
20230717 5264
20230719 5276
20230717 5264
20230720 5280
20230717 5264
20230721 5282
20230717 5264
20230722 5284
20230717 5264
20230723 5283
20230724 5283
20230725 5285
20230724 5283
20230726 5291
20230724 5283
20230727 5296
20230724 5283
20230728 5301
20230724 5283
20230729 5306
20230731 5306
20230801 5310
20230731 5306
20230802 5318
20230731 5306
20230803 5324
20230731 5306
20230804 5334
20230731 5306
20230805 5336
20230806 5336
20230807 5337
20230806 5336
20230808 5343
20230809 5343
20230810 5348
20230809 5343
20230811 5353
20230809 5343
20230812 5354
20230809 5343
20230813 5355
20230809 5343
20230815 5361
20230809 5343
20230816 5364
20230809 5343
20230817 5366
20230809 5343
20230818 5369
20230819 5369
20230820 5368
20230819 5369
20230821 5370
20230819 5369
20230822 5372
20230819 5369
20230823 5374
20230819 5369
20230824 5376
20230819 5369
20230825 5382
20230819 5369
20230826 5386
20230828 5386
20230829 5388
20230828 5386
20230830 5391
20230828 5386
20230831 5396
20230828 5386
20230901 5398
20230828 5386
20230902 5400
20230828 5386
20230903 5404
20230904 5404
20230905 5405
20230904 5404
20230906 5411
20230904 5404
20230907 5420
20230904 5404
20230908 5428
20230904 5404
20230909 5429
20230911 5429
20230912 5435
20230911 5429
20230913 5438
20230911 5429
20230914 5443
20230911 5429
20230915 5449
20230911 5429
20230916 5455
20230918 5455
20230919 5461
20230918 5455
20230920 5459
20230918 5455
20230921 5463
20230918 5455
20230922 5467
20230918 5455
20230923 5472
20230918 5455
20230924 5473
20230925 5473
20230926 5477
20230925 5473
20230927 5481
20230925 5473
20230928 5483
20230925 5473
20230929 5486
20230925 5473
20230930 5489
20231001 5489
20231002 5490
20231001 5489
20231003 5493
20231001 5489
20231005 5505
20231001 5489
20231007 5512
20231001 5489
20231008 5513
20231001 5489
20231009 5516
20231001 5489
20231010 5521
20231001 5489
20231011 5523
20231001 5489
20231012 5532
20231001 5489
20231013 5536
20231001 5489
20231014 5542
20231001 5489
20231015 5544
20231016 5544
20231017 5549
20231016 5544
20231018 5553
20231016 5544
20231019 5559
20231016 5544
20231020 5564
20231021 5564
20231022 5565
20231021 5564
20231023 5567
20231021 5564
20231024 5571
20231021 5564
20231025 5573
20231021 5564
20231026 5574
20231021 5564
20231027 5580
20231021 5564
20231028 5583
20231021 5564
20231029 5584
20231030 5584
20231031 5590
20231030 5584
20231101 5594
20231030 5584
20231102 5596
20231030 5584
20231103 5604
20231030 5584
20231104 5606
20231030 5584
20231105 5607
20231030 5584
20231106 5610
20231030 5584
20231107 5613
20231030 5584
20231108 5617
20231030 5584
20231109 5618
20231030 5584
20231110 5621
20231030 5584
20231111 5628
20231030 5584
20231112 5629
20231030 5584
20231113 5630
20231030 5584
20231114 5631
20231030 5584
20231115 5635
20231030 5584
20231116 5642
20231030 5584
20231117 5648
20231030 5584
20231118 5650
20231030 5584
20231120 5651
20231030 5584
20231121 5658
20231030 5584
20231122 5663
20231030 5584
20231123 5664
20231030 5584
20231124 5668
20231030 5584
20231125 5672
20231030 5584
20231126 5674
20231127 5674
20231128 5678
20231127 5674
20231129 5683
20231127 5674
20231130 5684
20231127 5674
20231201 5687
20231127 5674
20231202 5690
20231205 5690
20231206 5692
20231205 5690
20231207 5695
20231205 5690
20231208 5697
20231205 5690
20231209 5701
20231205 5690
20231210 5704
20231211 5704
20231212 5708
20231211 5704
20231213 5712
20231211 5704
20231214 5718
20231211 5704
20231215 5726
20231211 5704
20231216 5730
20231217 5730
20231218 5729
20231219 5729
20231220 5732
20231219 5729
20231221 5736
20231219 5729
20231222 5739
20231219 5729
20231223 5741
20231225 5741
20231226 5742
20231227 5742
20231230 5747
20231227 5742
20231231 5748
20240101 5748
20240102 5750
20240101 5748
20240103 5754
20240101 5748
20240104 5757
20240101 5748
20240105 5761
20240101 5748
20240106 5764
20240101 5748
20240107 5766
20240101 5748
20240108 5767
20240101 5748
20240109 5768
20240101 5748
20240110 5770
20240101 5748
20240111 5774
20240101 5748
20240112 5780
20240101 5748
20240113 5784
20240101 5748
20240114 5785
20240101 5748
20240115 5786
20240101 5748
20240116 5791
20240101 5748
20240117 5797
20240101 5748
20240118 5800
20240101 5748
20240119 5804
20240101 5748
20240120 5807
20240101 5748
20240121 5808
20240101 5748
20240122 5809
20240101 5748
20240124 5815
20240101 5748
20240125 5818
20240101 5748
20240126 5822
20240101 5748
20240127 5826
20240101 5748
20240128 5827
20240129 5827
20240130 5829
20240129 5827
20240131 5832
20240129 5827
20240201 5836
20240129 5827
20240202 5845
20240129 5827
20240203 5852
20240205 5852
20240206 5861
20240205 5852
20240207 5863
20240205 5852
20240208 5870
20240205 5852
20240209 5873
20240205 5852
20240210 5877
20240212 5877
20240213 5880
20240212 5877
20240214 5884
20240212 5877
20240215 5888
20240212 5877
20240216 5893
20240212 5877
20240217 5895
20240212 5877
20240218 5896
20240219 5896
20240220 5900
20240219 5896
20240221 5906
20240219 5896
20240222 5910
20240219 5896
20240223 5919
20240219 5896
20240224 5924
20240219 5896
20240225 5927
20240219 5896
20240226 5929
20240219 5896
20240227 5933
20240219 5896
20240228 5938
20240219 5896
20240229 5943
20240219 5896
20240301 5945
20240219 5896
20240302 5955
20240219 5896
20240303 5957
20240304 5957
20240305 5960
20240304 5957
20240306 5965
20240304 5957
20240307 5971
20240304 5957
20240308 5976
20240304 5957
20240309 5980
20240304 5957
20240310 5982
20240304 5957
20240311 5983
20240304 5957
20240312 5991
20240304 5957
20240313 5997
20240304 5957
20240314 6001
20240304 5957
20240315 6007
20240304 5957
20240316 6009
20240304 5957
20240317 6010
20240318 6010
20240319 6013
20240318 6010
20240320 6015
20240318 6010
20240321 6018
20240318 6010
20240322 6024
20240318 6010
20240323 6026
20240318 6010
20240324 6028
20240318 6010
20240325 6029
20240318 6010
20240326 6034
20240318 6010
20240327 6037
20240318 6010
20240328 6041
20240318 6010
20240329 6046
20240318 6010
20240330 6047
20240331 6047
20240401 6050
20240331 6047
20240402 6052
20240331 6047
20240403 6058
20240331 6047
20240404 6067
20240331 6047
20240405 6071
20240331 6047
20240406 6073
20240331 6047
20240407 6075
20240331 6047
20240408 6076
20240331 6047
20240409 6080
20240331 6047
20240410 6085
20240331 6047
20240411 6089
20240331 6047
20240412 6092
20240331 6047
20240413 6094
20240331 6047
20240415 6095
20240331 6047
20240416 6105
20240331 6047
20240417 6109
20240331 6047
20240418 6112
20240331 6047
20240419 6118
20240331 6047
20240420 6121
20240331 6047
20240421 6123
20240331 6047
20240422 6125
20240331 6047
20240423 6131
20240331 6047
20240424 6137
20240331 6047
20240425 6140
20240331 6047
20240426 6145
20240331 6047
20240427 6149
20240331 6047
20240428 6151
20240429 6151
20240430 6155
20240429 6151
20240501 6158
20240429 6151
20240503 6162
20240429 6151
20240504 6164
20240429 6151
20240505 6165
20240429 6151
20240506 6166
20240429 6151
20240507 6168
20240429 6151
20240508 6177
20240429 6151
20240509 6179
20240429 6151
20240510 6180
20240429 6151
20240511 6178
20240429 6151
20240512 6179
20240429 6151
20240513 6181
20240429 6151
20240514 6187
20240429 6151
20240515 6191
20240429 6151
20240516 6194
20240429 6151
20240517 6197
20240429 6151
20240518 6199
20240519 6199
20240520 6202
20240519 6199
20240521 6203
20240519 6199
20240522 6207
20240523 6207
20240524 6213
20240525 6213
20240526 6215
20240525 6213
20240527 6216
20240525 6213
20240528 6219
20240525 6213
20240529 6220
20240525 6213
20240530 6224
20240525 6213
20240531 6225
20240525 6213
20240601 6230
20240525 6213
20240602 6231
20240525 6213
20240603 6232
20240525 6213
20240604 6235
20240525 6213
20240605 6242
20240525 6213
20240606 6246
20240525 6213
20240609 6257
20240525 6213
20240611 6260
20240525 6213
20240612 6262
20240613 6262
20240614 6273
20240617 6273
20240618 6279
20240617 6273
20240620 6285
20240617 6273
20240621 6288
20240617 6273
20240622 6292
20240623 6292
20240624 6294
20240623 6292
20240626 6302
20240627 6302
20240628 6310
20240627 6302
20240629 6312
20240701 6312
20240702 6319
20240701 6312
20240703 6322
20240701 6312
20240704 6326
20240701 6312
20240705 6329
20240701 6312
20240706 6331
20240701 6312
20240707 6332
20240708 6332
20240709 6338
20240708 6332
20240710 6341
20240708 6332
20240711 6342
20240708 6332
20240712 6345
20240708 6332
20240713 6347
20240715 6347
20240716 6348
20240715 6347
20240717 6352
20240715 6347
20240718 6353
20240715 6347
20240719 6356
20240720 6356
20240721 6358
20240720 6356
20240722 6359
20240720 6356
20240723 6366
20240724 6366
20240725 6375
20240724 6366
20240726 6379
20240724 6366
20240727 6380
20240724 6366
20240728 6382
20240724 6366
20240729 6384
20240724 6366
20240730 6390
20240724 6366
20240731 6396
20240724 6366
20240801 6401
20240724 6366
20240802 6409
20240724 6366
20240803 6410
20240804 6410
20240805 6412
20240804 6410
20240806 6421
20240804 6410
20240807 6425
20240804 6410
20240808 6433
20240809 6433
20240810 6436
20240812 6436
20240813 6440
20240812 6436
20240814 6441
20240812 6436
20240815 6442
20240812 6436
20240816 6447
20240812 6436
20240817 6448
20240812 6436
20240818 6449
20240812 6436
20240819 6451
20240812 6436
20240820 6455
20240812 6436
20240821 6457
20240812 6436
20240822 6460
20240812 6436
20240823 6461
20240812 6436
20240824 6464
20240825 6464
20240826 6465
20240825 6464
20240827 6470
20240825 6464
20240828 6474
20240825 6464
20240829 6476
20240825 6464
20240830 6477
20240825 6464
20240831 6479
20240902 6479
20240903 6483
20240902 6479
20240904 6487
20240902 6479
20240905 6488
20240902 6479
20240906 6494
20240902 6479
20240907 6496
20240902 6479
20240908 6498
20240902 6479
20240909 6500
20240902 6479
20240910 6506
20240902 6479
20240911 6512
20240902 6479
20240912 6516
20240902 6479
20240913 6522
20240902 6479
20240914 6524
20240915 6524
20240916 6525
20240915 6524
20240917 6528
20240915 6524
20240918 6529
20240915 6524
20240919 6532
20240915 6524
20240920 6536
20240915 6524
20240921 6540
20240922 6540
20240925 6549
20240922 6540
20240926 6553
20240922 6540
20240927 6557
20240922 6540
20240928 6559
20240922 6540
20240929 6561
20240930 6561
20241001 6563
20241001 6563
