20230707 16261
20230710 16268
20230711 16275
20230712 16290
20230713 16296
20230714 16296
20230715 16296
20230716 16300
20230717 16302
20230718 16310
20230719 16310
20230720 16310
20230721 16318
20230722 16318
20230723 16322
20230724 16324
20230725 16330
20230726 16337
20230727 16342
20230728 16352
20230729 16352
20230730 16352
20230731 16357
20230801 16361
20230802 16366
20230803 16373
20230804 16380
20230805 16380
20230806 16386
20230807 16391
20230808 16393
20230809 16393
20230810 16401
20230811 16408
20230812 16408
20230813 16408
20230815 16426
20230816 16427
20230817 16428
20230818 16432
20230819 16432
20230820 16432
20230821 16439
20230822 16455
20230823 16455
20230824 16456
20230825 16456
20230826 16456
20230827 16456
20230828 16456
20230829 16454
20230830 16467
20230831 16468
20230901 16468
20230902 16468
20230903 16468
20230904 16476
20230905 16482
20230906 16482
20230907 16482
20230908 16493
20230909 16493
20230910 16493
20230911 16498
20230912 16514
20230913 16519
20230914 16527
20230915 16527
20230916 16527
20230917 16527
20230918 16537
20230919 16545
20230920 16549
