20230707 41195
20230709 41178
20230710 41173
20230711 41179
20230712 41195
20230713 41209
20230714 41219
20230715 41209
20230716 41202
20230717 41192
20230718 41210
20230719 41222
20230720 41238
20230721 41225
20230722 41220
20230723 41215
20230724 41193
20230725 41183
20230726 41192
20230727 41183
20230728 41198
20230729 41197
20230730 41187
20230731 41192
20230801 41206
20230802 41213
20230803 41213
20230804 41200
20230805 41222
20230806 41219
20230807 41227
20230808 41230
20230809 41229
20230810 41240
20230811 41248
20230812 41235
20230813 41216
20230815 41230
20230816 41243
20230817 41249
20230818 41244
20230819 41239
20230820 41227
20230821 41234
20230822 41247
