20230707 49340
20230710 49340
20230711 49340
20230712 49340
20230714 49340
20230715 49340
20230716 49340
20230717 49340
20230718 49340
20230719 49340
20230720 50041
20230721 50041
20230722 50041
20230723 50041
20230724 50041
20230725 49340
20230726 50041
20230727 50041
20230728 50041
20230729 50041
20230730 50041
20230731 50041
20230801 50041
20230802 50041
20230803 50041
20230804 50041
20230805 49564
20230806 49564
20230807 49564
20230808 49564
20230809 49564
20230810 49564
20230811 49564
20230812 49564
20230813 49564
20230815 49564
20230816 49564
20230817 49564
20230818 49564
20230819 49564
20230822 49564
20230823 49564
20230824 49564
20230825 49564
20230826 49564
20230827 49564
20230828 49564
20230829 49564
20230830 49564
20230831 49564
20230901 49564
20230902 49564
20230903 49564
20230904 49564
20230905 49564
20230906 49564
20230907 49564
20230908 49564
20230909 49564
