20230707 7030
20230709 7028
20230710 7029
20230711 7024
20230712 7024
20230713 7037
20230714 7042
20230715 7040
20230716 7041
20230717 7042
20230718 7046
20230719 7053
20230720 7060
20230721 7061
20230722 7063
20230723 7061
20230724 7059
20230725 7063
20230726 7065
20230727 7067
20230728 7068
20230729 7063
20230730 7066
20230731 7065
20230801 7065
20230802 7069
20230803 7074
20230804 7074
20230805 7078
20230806 7078
20230807 7077
20230808 7078
20230809 7079
20230810 7079
20230811 7082
20230812 7083
20230813 7079
20230815 7069
20230816 7071
20230817 7075
20230818 7077
20230819 7076
20230820 7071
20230821 7069
20230822 7069
20230823 7075
20230824 7078
20230825 7076
20230826 7077
20230827 7078
20230828 7079
20230829 7083
20230830 7089
20230831 7085
20230901 7093
20230902 7099
20230903 7098
20230904 7096
20230905 7097
