20230707 96
20230709 96
20230710 96
20230711 96
20230712 96
20230714 96
20230715 96
20230716 96
20230717 96
20230718 96
20230719 96
20230720 96
20230721 96
20230722 96
20230723 96
20230724 96
20230725 96
20230726 97
20230727 97
20230728 97
20230729 97
20230730 97
20230731 97
20230801 97
20230802 97
20230803 97
20230804 97
20230805 97
20230806 97
20230807 97
20230808 97
20230809 97
20230810 97
20230811 97
20230812 97
20230813 97
20230815 97
20230816 97
20230817 97
20230818 97
20230819 97
20230820 97
20230821 97
20230822 97
20230823 97
20230824 97
20230825 97
20230826 97
20230827 97
20230828 97
20230829 97
20230830 97
20230831 97
20230901 97
20230902 97
20230903 97
20230904 97
20230905 97
20230906 97
20230907 97
20230908 97
20230909 97
20230910 97
20230911 97
20230912 97
20230913 97
20230914 97
20230915 97
20230916 97
20230917 97
20230918 97
20230919 97
20230920 95
20230921 95
20230922 95
20230923 95
20230924 95
20230925 95
20230926 95
20230927 95
20230928 95
20230929 95
20230930 95
20231001 95
20231002 95
20231003 95
20231005 95
20231007 95
20231008 95
20231009 95
20231010 95
20231011 95
20231012 95
20231013 95
20231014 95
20231015 95
20231016 95
20231017 95
20231018 95
20231019 95
20231020 95
20231021 95
20231022 95
20231023 95
20231024 95
20231025 95
20231026 95
20231027 95
20231028 95
20231029 95
20231030 95
20231031 95
20231101 95
20231102 95
20231103 95
20231104 95
20231105 95
20231106 95
20231107 95
20231108 95
20231109 95
20231110 95
20231111 95
20231112 95
20231113 95
20231114 95
20231115 95
20231116 95
20231117 95
20231118 95
20231120 95
20231121 95
20231122 95
20231123 95
20231124 95
20231125 95
20231126 95
20231127 95
20231128 95
20231129 95
20231130 95
20231201 95
20231202 95
20231203 95
20231204 95
20231205 95
20231206 96
20231207 96
20231208 96
20231209 96
20231210 96
20231211 96
20231212 96
20231213 96
20231214 96
20231215 96
20231216 96
20231217 96
20231218 96
20231219 96
20231220 96
20231221 96
20231222 96
20231223 96
20231224 96
20231225 96
20231226 96
20231227 96
20231230 96
20231231 96
20240101 96
20240102 96
20240103 96
20240104 96
20240105 96
20240106 96
20240107 96
20240108 96
20240109 96
20240110 96
20240111 96
20240112 96
20240113 96
20240114 96
20240115 96
20240116 96
20240117 96
