20230922 7337
20230924 7339
20230925 7339
20230926 7341
20230927 7341
20230928 7341
20230929 7341
20230930 7341
20231001 7345
20231002 7345
20231003 7345
20231005 7345
20231007 7345
20231008 7346
20231009 7347
20231010 7349
20231011 7349
20231012 7349
20231013 7348
20231014 7347
20231015 7349
20231016 7350
20231017 7350
20231018 7350
20231019 7350
20231020 7351
20231021 7351
20231022 7352
20231023 7352
20231024 7353
20231025 7353
20231026 7353
20231027 7353
20231028 7353
20231029 7353
20231030 7355
20231031 7356
20231101 7357
20231102 7357
20231103 7342
20231104 7344
20231105 7344
20231106 7345
20231107 7345
20231108 7345
20231109 7345
20231110 7345
20231111 7345
20231112 7346
20231113 7346
20231114 7346
20231115 7346
20231116 7345
20231117 7346
20231118 7249
20231120 7267
20231121 7269
20231122 7269
20231123 7270
20231124 7271
20231125 7272
20231126 7273
20231127 7273
20231128 7274
20231129 7274
20231130 7274
20231201 7274
20231202 7275
20231203 7278
20231204 7281
20231205 7281
20231206 7281
20231207 7281
20231208 7281
20231209 7283
20231210 7283
20231211 7283
20231212 7284
20231213 7284
20231214 7284
20231215 7283
20231216 7286
20231217 7286
20231218 7286
20231219 7287
20231220 7288
20231221 7288
20231222 7288
20231223 7288
20231224 7288
20231225 7288
20231226 7288
20231227 7288
20231230 7288
20231231 7289
20240101 7289
20240102 7289
20240103 7289
20240104 7289
20240105 7289
20240106 7289
20240107 7291
20240108 7292
20240109 7292
20240110 7292
20240111 7292
20240112 7292
20240113 7292
20240114 7291
20240115 7287
20240116 7288
20240117 7289
20240118 7289
20240119 7383
20240120 7274
20240121 7260
20240122 7264
20240124 7264
20240125 7262
20240126 7262
20240127 7262
20240128 7264
20240129 7264
20240130 7264
20240131 7264
20240201 7263
20240202 7263
20240203 7263
20240204 7264
20240205 7264
20240206 7264
20240207 7264
20240208 7264
20240209 7264
20240210 7264
20240211 7265
20240212 7266
20240213 7266
20240214 7266
20240215 7266
20240216 7266
20240217 7266
20240218 7266
20240219 7266
20240220 7267
20240221 7268
20240222 7268
20240223 7268
20240224 7269
20240225 7270
20240226 7271
20240227 7271
20240228 7271
20240229 7271
20240301 7271
20240302 7271
20240303 7271
20240304 7271
20240305 7272
20240306 7272
20240307 7271
20240308 7272
20240309 7273
20240310 7273
20240311 7273
20240312 7273
20240313 7273
20240314 7273
20240315 7273
20240316 7273
20240317 7275
20240318 7276
20240319 7277
20240320 7277
20240321 7277
20240322 7277
20240323 7277
20240324 7277
20240325 7277
20240326 7278
20240327 7281
20240328 7281
20240329 7282
20240330 7283
20240331 7283
20240401 7283
20240402 7283
20240403 7283
20240404 7283
20240405 7283
20240406 7283
20240407 7284
20240408 7284
20240409 7285
20240410 7286
20240411 7286
20240412 7286
20240413 7286
20240415 7288
20240416 7289
20240417 7289
20240418 7289
20240419 7289
20240420 7289
20240421 7289
20240422 7289
20240423 7289
20240424 7289
20240425 7289
20240426 7289
20240427 7289
20240428 7289
20240429 7290
20240430 7290
20240501 7290
20240503 7291
20240504 7291
20240505 7291
20240506 7293
20240507 7293
20240508 7294
20240509 7295
20240510 7295
20240511 7296
20240512 7297
