20230707 35045
20230709 35032
20230710 35025
20230711 35016
20230712 35026
20230713 35029
20230714 35025
20230715 35042
20230716 35031
20230717 35036
20230718 35030
20230719 35042
20230720 35029
20230721 35030
20230722 35032
20230723 35035
20230724 35036
20230725 35039
20230726 35044
20230727 35048
20230728 35059
20230729 35055
20230730 35029
20230731 35022
20230801 35018
20230802 35023
20230803 35048
20230804 35077
20230805 35074
20230806 35058
20230807 35044
20230808 35068
20230809 35077
20230810 35092
20230811 35090
20230812 35086
