20230707 156775
20230709 156753
20230711 156748
20230712 156790
20230713 156842
20230714 156842
20230716 156863
20230724 156863
20230725 156957
20230730 156957
20230731 157018
20230801 157071
20230802 157131
20230803 157131
20230804 157255
20230805 157255
20230806 157250
20230807 157252
20230808 157294
20230809 157359
20230907 157359
20230908 158215
20230911 158215
20230912 158292
20230913 158344
20230915 158344
20230916 158401
20230917 158316
20230918 158303
20231012 158303
20231013 158865
20231014 158879
20231017 158879
20231018 158962
20231019 158962
20231020 158999
20231101 158999
20231102 159358
20231103 159402
20231104 159436
20231106 159436
20231107 159440
20231111 159440
20231112 159566
20231120 159566
20231121 159736
20231207 159736
20231208 159839
20231209 159820
20231210 159820
20231210 159840
20231215 159840
20231216 159911
20231218 159911
20231219 159876
20231220 159876
20231221 159900
20231222 159900
20231223 159878
20231230 159878
20231231 159860
20240103 159860
20240104 159928
20240129 159928
20240130 161053
20240131 161053
20240201 161099
20240207 161099
20240208 161281
20240211 161281
20240212 161336
20240410 161336
20240411 164783
20240412 164783
20240413 164993
20240415 165021
20240418 165021
20240419 165727
20240420 165766
20240429 165766
20240430 165871
20240511 165871
20240512 166072
20240601 166072
20240602 166295
20240603 166254
20240624 166254
20240626 166254
20240627 166254
20240628 166254
20240629 166254
20240630 166254
20240701 166254
20240702 166254
20240703 166254
20240704 166254
20240705 166254
20240706 166254
20240707 166254
20240708 166254
20240709 166254
20240710 166254
20240711 166254
20240712 166806
20240713 166806
20240714 166806
20240715 166806
20240716 166806
20240717 166806
20240718 166806
20240719 166806
20240720 166806
20240721 166806
20240722 166806
20240723 166806
20240724 166806
20240725 166806
20240726 166806
20240727 166806
20240728 166806
20240729 166806
20240730 166806
20240731 166806
20240801 166806
20240802 166806
20240803 166806
20240804 166806
20240805 166806
20240806 166806
20240807 166806
20240808 167754
20240809 167754
20240810 167754
20240811 167754
20240812 167754
20240813 167754
20240814 167754
20240815 167754
20240816 167754
20240817 167754
20240818 167754
20240819 167754
20240820 167754
20240821 167754
20240822 167754
20240823 167754
20240824 167754
20240825 167754
20240826 167754
20240827 167754
20240828 167754
20240829 167754
20240830 167754
20240831 167754
20240901 167754
20240902 167754
20240903 167754
20240904 168175
20240905 168175
20240906 168175
20240907 168255
20240908 168255
20240909 168190
20240910 168190
20240911 168190
20240912 168190
20240913 168190
20240914 168429
20240915 168429
