20230922 8060
20230924 8068
20230925 8079
20230926 8055
20230927 8023
20230928 8029
20230929 8027
20230930 8032
20231001 8039
20231002 8039
20231003 8035
20231005 8044
20231007 8064
20231008 8065
20231009 8059
20231010 8063
20231011 8063
20231012 8045
20231013 8060
20231014 8062
20231015 8065
20231016 8067
20231017 8067
20231018 8062
20231019 8062
20231020 8055
20231021 8069
20231022 8069
20231023 8071
20231024 8068
20231025 8057
20231026 8064
20231027 8074
20231028 8074
20231029 8077
20231030 8078
20231031 8075
20231101 8079
20231102 8078
20231103 8081
20231104 8090
20231105 8091
20231106 8092
20231107 8090
20231108 8090
20231109 8095
20231110 8096
20231111 8097
20231112 8106
20231113 8105
20231114 8102
20231115 8102
20231116 8104
20231117 8060
20231118 8065
