20230707 123584
20230709 123583
20230710 123573
20230711 123498
20230712 123479
20230713 123503
20230714 123536
20230715 123522
20230716 123496
20230717 123508
20230718 123534
20230719 123535
20230720 123561
20230721 123575
20230722 123577
20230723 123480
20230724 123426
20230725 123397
20230726 123466
20230727 123448
20230728 123424
20230729 123233
20230730 123176
20230731 123129
20230801 123085
20230802 123102
20230803 123134
20230804 123184
20230805 123101
20230806 123112
20230807 123144
20230808 122794
20230809 122821
20230810 122890
20230811 122902
20230812 122882
20230813 122798
20230815 122708
20230816 122733
20230817 122765
20230818 122759
20230819 122795
20230820 122724
20230821 122714
20230822 122759
20230823 122813
20230824 122924
20230825 122953
20230826 122962
20230827 122952
20230828 122991
20230829 123000
20230830 123053
20230831 123243
20230901 123243
20230902 123356
20230903 123333
20230904 123330
20230905 123397
20230906 123498
20230907 123552
20230908 123544
20230909 123558
20230910 123571
20230911 123542
20230912 123592
20230913 123544
20230914 123604
20230915 123867
20230916 123893
20230917 123906
20230918 123883
20230919 123949
20230920 114423
20230921 114443
20230922 114525
20230923 114551
20230924 114538
20230925 114535
20230926 114588
20230927 114617
20230928 114586
20230929 114596
20230930 114595
