20230707 12
20230709 12
20230710 12
20230711 12
20230712 12
20230714 12
20230715 12
20230716 12
20230717 12
20230718 12
20230719 12
20230720 12
20230721 12
20230722 12
20230723 12
20230724 12
20230725 12
20230726 12
20230727 12
20230728 12
20230729 12
20230730 12
20230731 12
20230801 12
20230802 12
20230803 12
20230804 12
20230805 12
20230806 12
20230807 12
20230808 12
20230809 12
20230810 12
20230811 12
20230812 12
20230813 12
20230815 12
20230816 12
20230817 12
20230818 12
20230819 12
20230820 12
20230821 12
20230822 12
20230823 12
20230824 12
20230825 12
20230826 12
20230827 12
20230828 12
20230829 12
20230830 12
20230831 12
20230901 12
20230902 12
20230903 12
20230904 12
20230905 12
20230906 12
20230907 12
20230908 12
20230909 12
20230910 12
20230911 12
20230912 12
20230913 12
20230914 12
20230915 12
20230916 12
20230917 12
20230918 12
20230919 12
20230920 10
20230921 10
20230922 10
20230923 10
20230924 10
20230925 10
20230926 10
20230927 10
20230928 10
20230929 10
20230930 10
20231001 10
20231002 10
20231003 10
20231005 10
20231007 10
20231008 10
20231009 10
20231010 10
20231011 10
20231012 10
20231013 10
20231014 10
20231015 10
20231016 10
20231017 10
20231018 10
20231019 10
20231020 10
20231021 10
20231022 10
20231023 10
20231024 10
20231025 10
20231026 10
20231027 10
20231028 10
20231029 10
20231030 10
20231031 10
20231101 10
