20230707 7493
20230709 7492
20230710 7490
20230711 7478
20230712 7477
20230713 7480
20230714 7476
20230715 7468
20230716 7475
20230717 7471
20230718 7470
20230719 7469
20230720 7473
20230721 7473
20230722 7476
20230723 7469
20230724 7466
20230725 7471
20230726 7475
20230727 7468
20230728 7477
20230729 7470
20230730 7496
20230731 7509
20230801 7513
20230802 7519
20230803 7518
20230804 7515
20230805 7511
20230806 7508
20230807 7506
20230808 7505
20230809 7500
20230810 7502
20230811 7499
20230812 7498
20230813 7498
20230815 7500
20230816 7497
20230817 7503
20230818 7511
20230819 7512
20230820 7515
20230821 7512
20230822 7507
20230823 7502
20230824 7501
20230825 7503
20230826 7505
20230827 7502
20230828 7505
20230829 7516
20230830 7515
20230831 7530
20230901 7529
20230902 7529
20230903 7525
20230904 7516
20230905 7510
20230906 7515
20230907 7512
20230908 7512
20230909 7504
20230910 7494
20230911 7492
20230912 7491
20230913 7489
20230914 7489
20230915 7481
20230917 7481
20230918 7477
20230919 7472
20230920 6499
20230921 6504
20230922 6517
20230923 6518
20230924 6516
20230925 6517
20230926 6505
20230927 6501
20230928 6498
20230929 6491
20230930 6498
20231001 6498
20231002 6501
20231003 6506
20231005 6511
20231007 6512
20231008 6511
20231009 6527
20231010 6531
20231011 6540
20231012 6545
20231013 6543
20231014 6542
20231015 6543
20231016 6533
20231017 6534
20231018 6531
20231019 6528
20231020 6527
20231021 6526
20231022 6521
20231023 6521
20231024 6517
20231025 6516
20231026 6515
20231027 6510
20231028 6507
20231029 6497
20231030 6496
20231031 6499
20231101 6494
20231102 6493
20231103 6486
20231104 6482
20231105 6483
20231106 6482
20231107 6476
20231108 6481
20231109 6479
20231110 6481
20231111 6473
20231112 6470
20231113 6466
20231114 6464
20231115 6457
20231116 6459
20231117 6460
20231118 6463
20231120 6454
20231121 6450
20231122 6450
20231123 6461
20231124 6455
20231125 6459
20231126 6451
20231127 6447
20231128 6447
20231129 6449
20231130 6450
20231201 6454
20231202 6446
20231203 6434
20231204 6435
20231205 6428
20231206 6424
20231207 6423
20231208 6416
20231209 6409
20231210 6410
20231211 6401
20231212 6393
20231213 6397
20231214 6397
20231215 6398
20231216 6396
20231217 6388
20231218 6379
20231219 6375
20231220 6370
20231221 6371
20231222 6374
20231223 6371
20231224 6377
20231226 6377
20231227 6366
20231230 6379
20231231 6376
20240101 6373
20240102 6366
20240103 6362
20240104 6359
20240105 6362
20240106 6388
20240107 6378
20240108 6377
20240109 6378
20240110 6370
20240111 6397
20240112 6393
20240113 6389
20240114 6386
20240115 6384
20240116 6386
20240117 6384
20240118 6385
20240119 6383
20240120 6389
20240121 6392
20240122 6398
20240124 6392
20240125 6393
20240126 6399
20240127 6397
20240128 6389
20240129 6388
20240130 6391
20240131 6388
20240201 6390
20240202 6386
20240203 6389
20240204 6390
20240205 6393
20240206 6388
20240207 6390
20240208 6390
20240209 6395
20240210 6391
20240211 6384
20240212 6375
20240213 6375
20240214 6378
20240215 6373
20240216 6372
20240217 6367
20240218 6368
20240219 6372
20240220 6364
20240221 6359
20240222 6359
20240223 6358
20240224 6358
20240225 6363
20240226 6363
20240227 6364
20240228 6367
20240229 6361
20240301 6367
20240302 6368
20240303 6375
20240304 6369
20240305 6363
20240306 6365
20240307 6368
20240308 6366
20240309 6372
20240310 6369
20240311 6363
20240312 6363
20240313 6358
20240314 6352
20240315 6342
20240316 6347
20240317 6337
20240318 6336
20240319 6323
20240320 6324
20240321 6320
20240322 6317
20240323 6315
20240324 6310
20240325 6306
20240326 6306
20240327 6298
20240328 6295
20240329 6298
20240330 6296
20240331 6296
20240401 6293
20240402 6294
20240403 6289
20240404 6301
20240405 6299
20240406 6304
20240407 6302
20240408 6298
20240409 6296
20240410 6303
20240411 6292
20240412 6292
20240413 6288
20240415 6286
20240416 6285
20240417 6273
20240418 6267
20240419 6270
20240422 6270
20240423 6265
20240424 6263
20240425 6259
20240426 6262
20240427 6263
20240428 6258
20240429 6253
20240430 6254
20240501 6244
20240503 6242
20240504 6236
20240505 6234
20240506 6225
20240507 6222
20240508 6216
20240509 6217
20240510 6211
20240511 6201
20240512 6201
20240513 6198
20240514 6197
20240515 6197
20240516 6204
20240517 6201
20240518 6210
20240519 6208
20240520 6211
20240521 6206
20240522 6211
20240523 6213
20240524 6216
20240525 6220
20240526 6227
20240527 6220
20240528 6223
20240529 6234
20240530 6237
20240531 6241
20240601 6243
20240602 6243
20240603 6245
20240604 6241
20240605 6245
20240606 6252
20240609 6261
20240611 6268
20240612 6269
20240613 6263
20240614 6263
20240615 6264
20240616 6257
20240617 6260
20240618 6265
20240620 6262
20240621 6261
20240622 6265
20240623 6265
20240624 6261
20240626 6264
20240627 6264
20240628 6268
20240629 6264
20240630 6265
20240701 6258
20240702 6263
20240703 6266
20240704 6269
20240705 6271
20240706 6272
20240707 6267
20240708 6262
20240709 6267
20240710 6269
20240711 6269
20240712 6272
20240713 6276
20240714 6272
20240715 6269
20240716 6277
20240717 6276
20240718 6282
20240719 6297
20240720 6300
20240721 6301
20240722 6305
20240723 6301
20240724 6301
20240725 6299
20240726 6297
20240727 6302
20240728 6300
20240729 6302
20240730 6306
20240731 6311
20240801 6311
20240802 6313
20240803 6311
20240804 6306
20240805 6294
20240806 6293
20240807 6290
20240808 6290
20240809 6273
20240810 6277
20240811 6295
20240812 6297
20240813 6296
20240814 6307
20240815 6317
20240816 6318
20240817 6321
20240818 6320
20240819 6322
20240820 6319
20240821 6320
20240822 6331
20240823 6337
20240824 6338
20240825 6341
20240826 6341
20240827 6334
20240828 6331
20240829 6335
20240830 6341
20240831 6335
20240901 6342
20240902 6358
20240903 6361
20240904 6368
20240905 6370
20240906 6369
20240907 6363
20240908 6360
20240909 6340
20240910 6308
20240911 6304
20240912 6302
20240913 6300
20240914 6298
20240915 6302
20240916 6300
20240917 6305
20240918 6307
20240919 6310
20240920 6310
20240921 6316
20240922 6318
20240925 6316
20240926 6323
20240927 6326
20240928 6326
20240929 6317
20240930 6319
20241001 6317
20241002 6328
20241003 6325
20241004 6337
20241005 6341
20241006 6342
20241007 6345
20241008 6349
20241009 6350
20241010 6344
20241011 6339
20241012 6340
20241013 6328
20241014 6335
20241015 6339
20241016 6341
20241017 6338
20241018 6340
20241019 6339
20241020 6345
20241021 6346
20241022 6352
20241023 6358
20241024 6365
20241025 6366
20241026 6374
20241027 6377
20241028 6375
20241029 6375
20241030 6373
20241031 6382
20241101 6381
20241102 6384
20241103 6383
20241104 6377
20241105 6373
20241106 6376
20241107 6376
20241108 6372
20241109 6375
20241110 6380
20241111 6376
20241112 6378
20241113 6380
20241114 6377
20241115 6369
20241116 6361
20241117 6362
20241118 6359
20241119 6356
20241120 6354
20241121 6342
20241122 6332
20241123 6324
20241124 6321
20241125 6321
20241126 6315
20241128 6315
20241129 6319
20241130 6318
20241201 6319
20241202 6318
20241203 6308
20241204 6320
20241205 6318
20241206 6327
20241207 6324
20241208 6323
20241209 6321
20241210 6317
20241211 6321
20241212 6322
20241213 6329
20241214 6326
20241215 6322
20241216 6324
20241217 6319
20241218 6321
20241219 6333
20241220 6328
20241221 6323
20241222 6327
20241223 6326
20241224 6328
20241225 6327
20241226 6325
20241227 6322
20241228 6327
20241229 6325
20241230 6323
20241231 6323
20250101 6325
20250102 6325
20250103 6326
20250104 6326
20250105 6313
20250106 6311
20250107 6309
20250108 6319
20250109 6321
20250110 6326
20250111 6327
20250112 6324
20250113 6329
20250114 6339
20250115 6347
20250117 6347
20250118 6345
20250119 6348
20250120 6348
20250121 6350
20250122 6353
20250123 6359
20250124 6364
20250125 6361
20250126 6358
20250127 6362
20250128 6356
20250129 6351
20250130 6355
20250131 6377
20250201 6375
20250202 6372
20250203 6373
20250204 6378
20250205 6377
20250206 6380
20250207 6378
20250208 6381
20250210 6380
20250211 6383
20250212 6381
20250213 6388
20250214 6396
20250215 6376
20250216 6380
20250217 6379
20250218 6381
20250219 6380
20250220 6348
20250221 6356
20250222 6347
20250223 6348
20250224 6349
20250225 6339
20250226 6338
20250227 6337
20250228 6339
20250301 6351
20250302 6354
20250303 6363
20250304 6360
20250305 6352
20250306 6359
20250307 6359
20250308 6365
20250309 6370
20250310 6371
20250311 6372
20250312 6369
20250313 6367
20250314 6370
20250315 6369
20250316 6510
20250317 6547
20250318 6545
20250319 6547
20250320 6542
20250321 6553
20250322 6548
20250323 6546
20250324 6548
20250326 6560
20250327 6564
20250328 6563
20250329 6564
20250330 6564
20250331 6571
20250401 6571
20250402 6578
20250403 6594
20250404 6596
20250405 6599
20250406 6599
20250407 6601
20250408 6603
20250409 6613
20250410 6622
20250411 6621
20250412 6619
20250413 6624
20250414 6629
20250415 6628
20250416 6628
20250417 6624
20250418 6629
20250419 6633
20250420 6646
20250421 6656
20250422 6656
20250423 6660
20250424 6661
20250425 6672
20250426 6671
20250427 6671
20250428 6672
20250429 6675
20250430 6677
20250501 6684
20250502 6684
20250503 6686
20250504 6691
20250505 6698
20250506 6700
20250507 6705
20250508 6715
20250509 6719
20250510 6721
20250511 6718
20250512 6718
20250513 6722
20250514 6727
20250515 6731
20250516 6740
20250517 6746
20250518 6750
20250519 6760
20250520 6761
20250521 6771
20250522 6777
20250523 6781
20250524 6787
20250525 6789
20250526 6792
20250527 6792
20250528 6789
20250529 6792
20250530 6793
20250531 6797
20250601 6802
20250602 6804
20250603 6807
20250604 6808
20250605 6810
20250606 6809
20250607 6807
20250608 6805
20250609 6803
20250610 6810
20250611 6810
20250612 6811
20250613 6813
20250614 6824
20250615 6826
20250616 6838
20250617 6843
20250618 6850
20250619 6858
20250620 6862
20250621 6863
20250622 6871
20250623 6877
20250624 6867
20250625 6867
20250626 6871
20250627 6867
20250628 6874
20250629 6878
20250630 6881
20250701 6876
20250702 6871
20250703 6877
20250704 6878
20250705 6880
20250706 6883
20250707 6884
20250708 6887
20250709 6893
20250710 6900
20250711 6902
20250712 6901
20250713 6901
20250714 6909
20250715 6911
20250716 6913
20250717 6910
20250718 6911
20250719 6907
20250720 6907
20250722 6911
20250723 6911
20250724 6910
20250725 6918
20250726 6921
20250727 6923
20250728 6920
20250729 6924
20250730 6927
20250731 6928
20250801 6930
20250802 6933
20250803 6930
20250804 6927
20250805 6928
20250806 6931
20250807 6936
20250808 6935
20250810 6934
20250811 6940
20250812 6940
20250813 6942
20250814 6942
20250815 6947
20250816 6953
20250817 6952
20250818 6955
20250819 6953
20250820 6947
20250821 6949
20250822 6947
20250823 6951
20250824 6949
20250825 6935
20250826 6938
20250827 6942
20250828 6941
20250829 6939
20250830 6938
20250831 6942
20250901 6926
20250902 6929
20250903 6936
20250904 6935
20250905 6942
20250906 6941
20250907 6942
20250908 6943
20250909 6947
20250910 6950
20250911 6956
20250912 6959
20250913 6959
20250914 6964
20250915 6967
20250916 6964
20250917 6967
20250918 6967
20250919 6973
20250920 6975
20250921 6973
20250922 6979
20250923 6976
20250924 6975
