20230707 8573
20230709 8572
20230710 8568
20230711 8567
20230712 8568
20230713 8564
20230714 8561
20230715 8563
20230716 8564
20230717 8562
20230718 8565
20230719 8565
20230720 8569
20230721 8566
20230722 8566
20230723 8565
20230724 8571
20230725 8565
20230726 8570
20230727 8564
20230728 8568
20230729 8568
20230730 8569
20230731 8571
20230801 8580
20230802 8588
20230803 8585
20230804 8594
20230805 8591
20230806 8588
20230807 8596
20230808 8600
20230809 8593
20230810 8595
20230811 8597
20230812 8605
20230813 8605
20230815 8603
20230816 8607
20230817 8607
20230818 8615
20230819 8616
20230820 8616
20230821 8615
20230822 8627
20230823 8634
20230824 8638
20230825 8633
20230826 8638
20230827 8634
20230828 8637
20230829 8636
20230830 8636
20230831 8634
20230901 8634
20230902 8637
20230903 8633
20230904 8628
20230905 8627
20230906 8624
20230908 8624
20230909 8620
20230910 8619
20230911 8611
20230912 8605
20230913 8607
20230914 8611
20230915 8613
20230916 8612
20230917 8608
20230918 8609
20230919 8607
20230920 7626
20230921 7629
20230922 7632
20230923 7633
20230924 7636
20230925 7638
20230926 7623
20230927 7624
20230928 7628
20230929 7627
20230930 7627
20231001 7619
20231002 7625
20231003 7633
20231005 7630
20231007 7628
20231008 7629
20231009 7627
20231010 7630
20231011 7623
20231012 7630
20231013 7631
20231014 7627
20231015 7630
20231016 7629
20231017 7632
20231018 7641
20231019 7640
20231020 7641
20231021 7645
20231022 7643
20231023 7642
20231024 7642
20231025 7641
20231026 7646
20231027 7640
20231028 7639
20231029 7637
20231030 7635
20231031 7635
20231101 7637
20231102 7638
20231103 7636
20231104 7639
20231105 7638
20231106 7632
20231107 7636
20231108 7639
20231109 7637
20231110 7640
20231111 7637
20231112 7639
20231113 7641
20231114 7641
20231115 7647
20231116 7652
20231117 7666
20231118 7662
20231120 7664
20231121 7665
20231122 7663
20231123 7661
20231124 7665
20231125 7666
20231126 7667
20231127 7668
20231128 7671
20231129 7665
20231130 7668
20231201 7663
20231202 7665
20231203 7663
20231204 7662
20231205 7667
20231206 7668
20231207 7667
20231208 7667
20231209 7669
20231210 7665
20231211 7667
20231212 7671
20231213 7669
20231214 7670
20231215 7671
20231216 7669
20231217 7667
20231218 7670
20231219 7671
20231220 7676
20231221 7681
20231222 7699
20231223 7700
20231224 7695
20231225 7689
20231226 7673
20231227 7671
20231230 7699
20231231 7699
20240101 7696
20240102 7696
20240103 7715
20240104 7735
20240105 7737
20240106 7774
20240107 7783
20240108 7783
20240109 7788
20240110 7799
20240111 7831
20240112 7833
20240113 7836
20240114 7841
20240115 7840
20240116 7841
20240117 7848
20240118 7853
20240119 7854
20240120 7863
20240121 7874
20240122 7876
20240124 7880
20240125 7875
20240126 7878
20240127 7875
20240128 7873
20240129 7877
20240130 7875
20240131 7880
20240201 7885
20240202 7892
20240203 7896
20240204 7888
20240205 7888
20240206 7885
20240207 7887
20240208 7886
20240209 7893
20240210 7895
20240211 7896
20240213 7896
20240214 7899
20240215 7905
20240216 7906
20240217 7899
20240218 7899
20240219 7892
20240220 7900
20240221 7904
20240222 7909
20240223 7909
20240224 7908
20240225 7930
20240226 7935
20240227 7947
20240228 7944
20240229 7945
20240301 7945
20240302 7950
20240303 7943
20240304 7941
20240305 7945
20240306 7951
20240307 7955
20240308 7964
20240309 7966
20240310 7974
20240311 7977
20240312 7979
20240313 7975
20240314 7980
20240315 7980
20240316 7981
20240317 7976
20240318 7973
20240319 7976
20240320 7982
20240321 7982
20240322 7981
20240323 7978
20240324 7973
20240325 7977
20240326 7979
20240327 7984
20240328 7989
20240329 7990
20240330 7992
20240331 7990
20240401 7993
20240402 7994
20240403 7994
20240404 7997
20240405 7994
20240406 7997
20240407 7993
20240408 7989
20240409 7996
20240410 7998
20240411 8003
20240412 8002
20240413 8002
20240415 7993
20240416 7993
20240417 7992
20240418 7991
20240419 7993
20240420 7993
20240421 7992
20240422 7992
20240423 7993
20240424 7987
20240425 7995
20240426 7996
20240427 7998
20240428 8001
20240429 8012
20240430 8013
20240501 8014
20240503 8024
20240504 8019
20240505 8010
20240506 8013
20240507 8016
20240508 8014
20240509 8014
20240510 8017
20240511 8017
20240512 8011
20240513 8018
20240514 8021
20240515 8019
20240516 8023
20240517 8030
20240518 8037
20240519 8036
20240520 8039
20240521 8037
20240522 8040
20240523 8051
20240524 8047
20240525 8050
20240526 8048
20240527 8047
20240528 8046
20240529 8045
20240530 8053
20240531 8056
20240601 8069
20240602 8075
20240603 8073
20240604 8079
20240605 8069
20240606 8069
20240609 8074
20240611 8065
20240612 8065
20240613 8066
20240615 8066
20240616 8058
20240617 8059
20240618 8059
20240620 8052
20240621 8060
20240622 8056
20240623 8057
20240624 8056
20240626 8053
