20230707 3
20230709 3
20230710 3
20230711 3
20230712 3
20230714 3
20230715 3
20230716 3
20230717 3
20230718 3
20230719 3
20230720 3
20230721 3
20230722 3
20230723 3
20230724 3
20230725 3
20230726 3
20230727 3
20230728 3
20230729 3
20230730 3
20230731 3
20230801 3
20230802 3
20230803 3
20230804 3
20230805 3
20230806 3
20230807 3
20230808 3
20230809 3
20230810 3
20230811 3
20230812 3
20230813 3
20230815 3
20230816 3
20230817 3
20230818 3
20230819 3
20230820 3
20230821 3
20230822 3
20230823 3
20230824 3
20230825 3
20230826 3
20230827 3
20230828 3
20230829 3
20230830 3
20230831 3
20230901 3
20230902 3
20230903 3
20230904 3
20230905 3
20230906 3
20230907 3
20230908 3
20230909 3
20230910 3
20230911 3
20230912 3
20230913 3
20230914 3
20230915 3
20230916 3
20230917 3
20230918 3
20230919 3
20230920 2
20230921 2
20230922 2
20230923 2
20230924 2
20230925 2
20230926 2
20230927 2
20230928 2
20230929 2
20230930 2
20231001 2
20231002 2
20231003 2
20231005 2
20231007 2
20231008 2
20231009 2
20231010 2
20231011 2
20231012 2
20231013 2
20231014 2
20231015 2
20231016 2
20231017 2
20231018 2
20231019 2
20231020 2
20231021 2
20231022 2
20231023 2
20231024 2
20231025 2
20231026 2
20231027 2
20231028 2
20231029 2
20231030 2
20231031 2
20231101 2
20231102 2
20231103 2
20231104 2
20231105 2
20231106 2
20231107 2
20231108 2
20231109 2
20231110 2
20231111 2
20231112 2
20231113 2
20231114 2
20231115 2
20231116 2
20231117 2
20231118 2
20231120 2
20231121 2
20231122 2
20231123 2
20231124 2
20231125 2
20231126 2
20231127 2
20231128 2
20231129 2
20231130 2
20231201 2
20231202 2
20231203 2
20231204 2
20231205 2
20231206 2
20231207 2
20231208 2
20231209 2
20231210 2
20231211 2
20231212 2
20231213 2
20231214 2
20231215 2
20231216 2
20231217 2
20231218 2
20231219 2
20231220 2
20231221 2
20231222 2
20231223 2
20231224 2
20231225 2
20231226 2
20231227 2
20231230 2
20231231 2
20240101 2
20240102 2
20240103 2
20240104 2
20240105 2
20240106 2
20240107 2
20240108 2
20240109 2
20240110 2
20240111 2
20240112 2
20240113 2
20240114 2
20240115 2
20240116 2
20240117 2
20240118 2
20240119 2
20240120 2
20240121 2
20240122 2
20240124 2
20240125 2
20240126 2
20240127 2
20240128 2
20240129 2
20240130 2
20240131 2
20240201 2
20240202 2
20240203 2
20240204 2
20240205 2
20240206 2
20240207 2
20240208 2
20240209 2
20240210 2
20240211 2
20240212 2
20240213 2
20240214 2
20240215 2
20240216 2
20240217 2
20240218 2
20240219 2
