20230707 5174
20230709 5174
20230710 5176
20230711 5172
20230712 5171
20230714 5176
20230715 5178
20230716 5178
20230717 5177
20230718 5176
20230719 5176
20230720 5163
20230721 5158
20230722 5162
20230723 5160
20230724 5160
20230725 5154
20230726 5152
20230727 5147
20230728 5150
20230729 5147
20230730 5148
20230731 5148
20230801 5147
20230802 5145
20230803 5145
20230804 5145
20230805 5145
20230806 5143
20230807 5143
20230808 5149
20230809 5136
20230810 5128
20230811 5125
20230812 5126
20230813 5127
20230815 5130
20230816 5137
20230817 5137
20230818 5137
20230819 5135
20230820 5134
20230821 5131
20230822 5133
20230823 5131
20230824 5131
20230825 5130
20230826 5131
20230827 5130
20230828 5128
20230829 5124
20230830 5126
20230831 5126
20230901 5125
20230902 5117
20230903 5109
20230904 5107
20230905 5107
20230906 5107
20230907 5105
20230908 5106
20230909 5105
20230910 5103
20230911 5103
20230912 5101
20230913 5105
20230914 5105
20230915 5104
20230916 5104
20230917 5099
20230918 5095
20230919 5094
20230920 4759
20230921 4761
20230922 4765
20230923 4766
20230924 4764
20230925 4763
20230926 4746
20230927 4745
20230928 4742
20230929 4741
20230930 4740
20231001 4738
