20230707 8
20230709 8
20230710 8
20230711 8
20230712 8
20230714 8
20230715 8
20230716 8
20230717 8
20230718 8
20230719 8
20230720 8
20230721 8
20230722 8
20230723 8
20230724 8
20230725 8
20230726 8
20230727 8
20230728 8
20230729 8
20230730 8
20230731 8
20230801 8
20230802 8
20230803 8
20230804 8
20230805 8
20230806 8
20230807 8
20230808 8
20230809 8
20230810 8
20230811 8
20230812 8
20230813 8
20230815 8
20230816 8
20230817 8
20230818 8
20230819 8
20230820 8
20230821 8
20230822 8
20230823 8
20230824 8
20230825 8
20230826 8
20230827 8
20230828 8
20230829 8
20230830 8
20230831 8
20230901 8
20230902 8
20230903 8
20230904 8
20230905 8
20230906 8
20230907 8
20230908 8
20230909 8
20230910 8
20230911 8
20230912 8
20230913 8
20230914 8
20230915 8
20230916 7
20230917 7
20230918 7
20230919 7
20230920 7
20230921 7
20230922 7
20230923 7
20230924 7
20230925 7
20230926 7
20230927 7
20230928 7
20230929 7
20230930 7
20231001 7
20231002 7
20231003 7
20231005 7
20231007 7
20231008 7
20231009 7
20231010 7
20231011 7
20231012 7
20231013 7
20231014 7
20231015 7
20231016 7
20231017 7
20231018 7
20231019 7
20231020 7
20231021 7
20231022 7
20231023 7
20231024 7
20231025 7
20231026 7
20231027 7
20231028 7
20231029 7
20231030 7
20231031 7
20231101 7
20231102 7
20231103 7
20231104 7
20231105 7
20231106 7
20231107 7
20231108 7
20231109 7
20231110 7
20231111 7
20231112 7
20231113 7
20231114 7
20231115 7
20231116 7
20231117 7
20231118 7
20231120 7
20231121 7
20231122 7
20231123 7
20231124 7
20231125 7
20231126 7
20231127 7
20231128 7
20231129 7
20231130 7
20231201 7
20231202 7
20231203 7
20231204 7
20231205 7
20231206 7
20231207 7
20231208 7
20231209 7
20231210 7
20231211 7
20231212 7
20231213 7
20231214 7
20231215 7
20231216 7
20231217 7
20231218 7
20231219 7
20231220 7
20231221 7
20231222 7
20231223 7
20231224 7
20231225 7
20231226 7
20231227 7
20231230 7
20231231 7
20240101 7
20240102 7
20240103 7
20240104 7
20240105 7
20240106 7
20240107 7
20240108 7
20240109 7
20240110 7
20240111 7
20240112 7
20240113 7
20240114 7
20240115 7
20240116 7
20240117 7
20240118 7
20240119 7
20240120 7
20240121 7
20240122 7
20240124 7
20240125 7
20240126 7
20240127 7
20240128 7
20240129 7
20240130 7
20240131 7
20240201 7
20240202 7
20240203 7
20240204 7
20240205 7
20240206 7
20240207 7
20240208 7
20240209 7
20240210 7
20240211 7
20240212 7
20240213 7
