20230707 116
20230824 116
20230825 117
20230919 117
20230920 113
20231003 113
20231005 114
20240410 114
20240411 115
20240624 115
20240626 115
20240627 115
20240628 115
20240629 115
20240630 115
20240701 115
20240702 115
20240703 115
20240704 115
20240705 115
20240706 115
20240707 115
20240708 115
20240709 115
20240710 115
20240711 115
20240712 115
20240713 115
20240714 115
20240715 115
20240716 115
20240717 115
20240718 115
20240719 115
20240720 115
20240721 115
20240722 115
20240723 115
20240724 115
20240725 115
20240726 114
20240727 114
20240728 114
20240729 114
20240730 114
20240731 114
20240801 114
20240802 114
20240803 114
20240804 114
20240805 114
20240806 114
20240807 114
20240808 114
20240809 114
20240810 114
20240811 114
20240812 114
20240813 114
20240814 114
20240815 114
20240816 114
20240817 114
20240818 114
20240819 114
20240820 114
20240821 114
20240822 114
20240823 114
20240824 114
20240825 114
20240826 114
20240827 114
20240828 114
20240829 114
20240830 114
20240831 114
20240901 114
20240902 114
20240903 114
20240904 114
20240905 114
20240906 114
20240907 114
20240908 114
20240909 114
20240910 114
20240911 114
20240912 114
20240913 114
20240914 114
20240915 114
20240916 114
20240917 114
20240918 114
20240919 114
20240920 114
20240921 114
