20230509 77
20230519 1363
20230707 2556
20230709 2555
20230710 2559
20230711 2558
20230712 2559
20230713 2561
20230714 2566
20230715 2566
20230716 2572
20230717 2573
20230718 2576
20230719 2586
20230720 2588
20230721 2591
20230722 2592
20230723 2592
20230724 2593
20230725 2599
20230726 2601
20230727 2602
20230728 2604
20230729 2606
20230730 2611
20230731 2613
20230801 2621
20230802 2622
20230803 2627
20230804 2632
20230805 2633
20230806 2635
20230807 2641
20230808 2647
20230809 2648
20230810 2646
20230811 2650
20230812 2656
20230813 2657
20230815 2657
20230816 2663
20230817 2667
20230818 2670
20230819 2681
20230820 2681
20230821 2692
20230822 2693
20230823 2693
20230824 2694
20230825 2698
20230826 2703
20230827 2703
20230828 2703
20230829 2707
20230830 2713
20230831 2715
20230901 2718
20230902 2720
20230903 2722
20230904 2720
20230905 2727
20230906 2728
