20230922 3184
20230924 3224
20230925 3228
20230926 3236
20230927 3237
20230928 3237
20230929 3245
20230930 3266
20231001 3268
20231002 3272
20231003 3287
20231005 3291
20231007 3311
20231008 3322
20231009 3327
20231010 3327
20231011 3327
20231012 3333
20231013 3333
20231014 3340
20231015 3351
20231016 3350
20231017 3350
20231018 3354
20231019 3354
20231020 3372
20231021 3375
20231022 3379
20231023 3438
20231024 3450
20231025 3450
20231026 3461
20231027 3469
20231028 3467
20231029 3483
20231030 3502
20231031 3515
20231101 3515
20231102 3527
20231103 3528
20231104 3534
20231105 3552
20231106 3553
20231107 3558
20231108 3558
20231109 3564
20231110 3574
20231111 3578
20231112 3587
20231113 3585
20231114 3594
20231115 3595
20231116 3605
20231117 3616
20231118 3617
20231120 3622
20231121 3628
20231122 3633
20231123 3645
20231124 3647
20231125 3648
20231126 3684
20231127 3709
20231128 3722
20231129 3732
