20230707 3704601
20230710 3704014
20230711 3704112
20230712 3703287
20230713 3703101
20230714 3702786
20230715 3702876
20230716 3701848
20230717 3701238
20230718 3701268
20230719 3701528
20230720 3702357
20230721 3702030
20230722 3702055
20230723 3701443
20230724 3700780
20230725 3700822
20230726 3702276
20230727 3703396
20230728 3704255
20230729 3704740
20230730 3704989
20230731 3704595
20230801 3704269
20230802 3703872
20230803 3704136
20230804 3704432
20230805 3704991
20230806 3705299
20230807 3705024
20230808 3705577
20230809 3705484
20230810 3706112
20230811 3708169
20230812 3708739
20230813 3708865
20230815 3709106
20230816 3709422
20230817 3710629
20230818 3710829
20230819 3711577
20230820 3711831
20230821 3712684
20230822 3713870
20230823 3715121
20230824 3716199
20230825 3716627
20230826 3717114
20230827 3717069
20230828 3716950
20230829 3717639
