20230707 14766
20230709 14761
20230710 14757
20230711 14764
20230712 14765
20230713 14769
20230714 14769
20230715 14768
20230714 14769
20230716 14767
20230714 14769
20230717 14764
20230714 14769
20230718 14768
20230714 14769
20230719 14765
20230714 14769
20230720 14773
20230714 14769
20230721 14770
20230714 14769
20230722 14775
20230714 14769
20230723 14782
20230714 14769
20230724 14792
20230714 14769
20230725 14800
20230714 14769
20230726 14808
20230714 14769
20230727 14807
20230714 14769
20230728 14809
20230714 14769
20230729 14818
20230714 14769
20230730 14810
20230714 14769
20230731 14813
20230714 14769
20230801 14811
20230802 14811
20230803 14814
20230802 14811
20230804 14813
20230802 14811
20230805 14819
20230802 14811
20230806 14818
20230802 14811
20230807 14815
20230802 14811
20230808 14814
20230809 14811
20230802 14811
20230810 14816
20230802 14811
20230811 14820
20230812 14820
20230813 14818
20230812 14820
20230815 14815
20230812 14820
20230816 14813
20230812 14820
20230817 14819
20230812 14820
20230818 14818
20230812 14820
20230819 14823
20230812 14820
20230820 14824
20230812 14820
20230821 14826
20230822 14826
20230823 14830
20230822 14826
20230824 14834
20230822 14826
20230825 14837
20230826 14837
20230827 14838
20230828 14838
20230829 14843
20230828 14838
20230830 14847
20230828 14838
20230831 14850
20230828 14838
20230901 14853
20230828 14838
20230902 14859
20230828 14838
20230903 14861
20230828 14838
20230904 14859
20230828 14838
20230905 14864
20230828 14838
20230906 14876
20230828 14838
20230907 14868
20230828 14838
20230908 14872
20230828 14838
20230909 14877
20230828 14838
20230910 14874
20230911 14874
20230912 14875
20230911 14874
20230913 14879
20230911 14874
20230914 14866
20230911 14874
20230915 14872
20230916 14874
20230911 14874
20230917 14868
20230911 14874
20230918 14870
20230911 14874
20230919 14875
20230911 14874
20230920 13935
20230911 14874
20230921 13944
20230911 14874
20230922 13946
20230911 14874
20230923 13948
20230911 14874
20230924 13955
20230911 14874
20230925 13951
20230911 14874
20230926 13956
20230911 14874
20230927 13961
20230911 14874
20230928 13963
20230911 14874
20230929 13971
20230911 14874
20230930 13988
20230911 14874
20231001 13990
20230911 14874
20231002 13989
20230911 14874
20231003 13997
20230911 14874
20231005 14022
20231008 14022
20231009 14021
20231008 14022
20231010 14034
20231008 14022
20231011 14039
20231008 14022
20231012 14045
20231008 14022
20231013 14041
20231008 14022
20231014 14036
20231008 14022
20231015 14034
20231016 14034
20231017 14054
20231016 14034
20231018 14067
20231016 14034
20231019 14070
20231016 14034
20231020 14083
20231016 14034
20231021 14095
20231016 14034
20231022 14090
20231016 14034
20231023 14089
20231016 14034
20231024 14101
20231016 14034
20231025 14109
20231016 14034
20231026 14117
20231016 14034
20231027 14132
20231016 14034
20231028 14151
20231016 14034
20231029 14140
20231016 14034
20231030 14130
20231016 14034
20231031 14141
20231016 14034
20231101 14163
20231016 14034
20231102 14167
20231016 14034
20231103 14190
20231016 14034
20231104 14202
20231016 14034
20231105 14199
20231016 14034
20231106 14201
20231016 14034
20231107 14238
20231016 14034
20231108 14249
20231016 14034
20231109 14257
20231016 14034
20231110 14252
20231016 14034
20231111 14247
20231016 14034
20231112 14243
20231016 14034
20231113 14244
20231016 14034
20231114 14247
20231016 14034
20231115 14246
20231016 14034
20231116 14235
20231016 14034
20231117 14239
20231016 14034
20231118 14243
20231016 14034
20231120 14229
20231016 14034
20231121 14238
20231016 14034
20231122 14246
20231016 14034
20231123 14253
20231016 14034
20231124 14254
20231016 14034
20231125 14258
20231016 14034
20231126 14254
20231016 14034
20231127 14252
20231016 14034
20231128 14254
20231016 14034
20231129 14258
20231016 14034
20231130 14227
20231201 14227
20231202 14236
20231201 14227
20231203 14230
20231201 14227
20231204 14220
20231201 14227
20231205 14232
20231201 14227
20231206 14237
20231201 14227
20231207 14236
20231201 14227
20231208 14233
20231201 14227
20231209 14225
20231201 14227
20231210 14216
20231211 14216
20231212 14222
20231211 14216
20231213 14237
20231211 14216
20231214 14241
20231211 14216
20231215 14243
20231211 14216
20231216 14247
20231211 14216
20231217 14241
20231211 14216
20231218 14231
20231211 14216
20231219 14234
20231211 14216
20231220 14237
20231211 14216
20231221 14244
20231211 14216
20231222 14240
20231211 14216
20231223 14249
20231211 14216
20231224 14246
20231211 14216
20231225 14235
20231211 14216
20231226 14227
20231211 14216
20231227 14226
20231211 14216
20231230 14221
20231211 14216
20231231 14219
20231211 14216
20240101 14211
20231211 14216
20240102 14199
20231211 14216
20240103 14193
20231211 14216
20240104 14191
20231211 14216
20240105 14188
20231211 14216
20240106 14191
20231211 14216
20240107 14193
20231211 14216
20240108 14134
20231211 14216
20240109 14141
20231211 14216
20240110 14158
20231211 14216
20240111 14156
20231211 14216
20240112 14166
20231211 14216
20240113 14188
20231211 14216
20240114 14185
20231211 14216
20240115 14180
20231211 14216
20240116 14187
20231211 14216
20240117 14193
20231211 14216
20240118 14199
20231211 14216
20240119 14222
20231211 14216
20240120 14236
20231211 14216
20240121 14230
20231211 14216
20240122 14215
20231211 14216
20240124 14224
20231211 14216
20240125 14230
20231211 14216
20240126 14243
20231211 14216
20240127 14250
20231211 14216
20240128 14247
20231211 14216
20240129 14241
20231211 14216
20240130 14243
20231211 14216
20240131 14255
20231211 14216
20240201 14257
20231211 14216
20240202 14258
20231211 14216
20240203 14265
20231211 14216
20240204 14261
20231211 14216
20240205 14258
20231211 14216
20240206 14265
20231211 14216
20240207 14266
20231211 14216
20240208 14215
20231211 14216
20240209 14220
20231211 14216
20240210 14225
20231211 14216
20240211 14223
20240212 14223
20240213 14219
20240212 14223
20240214 14210
20240212 14223
20240215 14212
20240212 14223
20240216 14222
20240212 14223
20240217 14241
20240212 14223
20240218 14246
20240212 14223
20240219 14238
20240212 14223
20240220 14244
20240212 14223
20240221 14261
20240212 14223
20240222 14242
20240212 14223
20240223 14250
20240212 14223
20240224 14255
20240212 14223
20240225 14243
20240212 14223
20240226 14246
20240212 14223
20240227 14271
20240212 14223
20240228 14268
20240212 14223
20240229 14267
20240212 14223
20240301 14286
20240212 14223
20240302 14296
20240303 14296
20240304 14295
20240303 14296
20240305 14291
20240303 14296
20240306 14305
20240303 14296
20240307 14313
20240303 14296
20240308 14326
20240303 14296
20240309 14329
20240303 14296
20240310 14325
20240311 14325
20240312 14322
20240311 14325
20240313 14326
20240311 14325
20240314 14332
20240311 14325
20240315 14336
20240311 14325
20240316 14339
20240311 14325
20240317 14335
20240311 14325
20240318 14327
20240311 14325
20240319 14319
20240311 14325
20240320 14323
20240311 14325
20240321 14303
20240311 14325
20240322 14314
20240311 14325
20240323 14316
20240311 14325
20240324 14314
20240311 14325
20240325 14310
20240311 14325
20240326 14320
20240311 14325
20240327 14322
20240311 14325
20240328 14324
20240311 14325
20240329 14320
20240311 14325
20240330 14313
20240401 14313
20240402 14308
20240403 14313
20240401 14313
20240404 14315
20240401 14313
20240405 14311
20240406 14313
20240401 14313
20240407 14311
20240401 14313
20240408 14312
20240401 14313
20240409 14311
20240401 14313
20240410 14314
20240401 14313
20240411 14265
20240401 14313
20240412 14270
20240401 14313
20240413 14273
20240401 14313
20240415 14267
20240401 14313
20240416 14272
20240417 14272
20240418 14249
20240417 14272
20240419 14256
20240417 14272
20240420 14252
20240417 14272
20240421 14251
20240422 14251
20240423 14256
20240422 14251
20240424 14261
20240422 14251
20240425 14254
20240422 14251
20240426 14261
20240422 14251
20240427 14264
20240422 14251
20240428 14263
20240422 14251
20240429 14262
20240430 14262
20240501 14269
20240430 14262
20240503 14265
20240430 14262
20240504 14270
20240430 14262
20240505 14263
20240506 14262
20240430 14262
20240507 14307
20240430 14262
20240508 14312
20240430 14262
20240509 14321
20240430 14262
20240510 14322
20240430 14262
20240511 14324
20240430 14262
20240512 14322
20240430 14262
20240513 14324
20240430 14262
20240514 14327
20240430 14262
20240515 14338
20240430 14262
20240516 14342
20240430 14262
20240517 14354
20240430 14262
20240518 14356
20240430 14262
20240519 14355
20240430 14262
20240520 14359
20240430 14262
20240521 14366
20240430 14262
20240522 14368
20240430 14262
20240523 14363
20240430 14262
20240524 14370
20240430 14262
20240525 14375
20240430 14262
20240526 14369
20240430 14262
20240527 14367
20240430 14262
20240528 14372
20240430 14262
20240529 14378
20240430 14262
20240530 14365
20240430 14262
20240531 14368
20240430 14262
20240601 14376
20240430 14262
20240602 14374
20240430 14262
20240603 14370
20240430 14262
20240604 14380
20240430 14262
20240605 14387
20240430 14262
20240606 14391
20240430 14262
20240609 14397
20240611 14397
20240612 14402
20240613 14402
20240614 14413
20240613 14402
20240615 14416
20240613 14402
20240616 14417
20240613 14402
20240617 14415
20240613 14402
20240618 14410
20240613 14402
20240620 14403
20240621 14402
20240613 14402
20240622 14405
20240623 14402
20240613 14402
20240624 14399
20240613 14402
20240626 14414
20240613 14402
20240627 14398
20240613 14402
20240628 14392
20240613 14402
20240629 14393
20240630 14393
20240701 14390
20240630 14393
20240702 14394
20240630 14393
20240703 14397
20240630 14393
20240704 14404
20240630 14393
20240705 14400
20240630 14393
20240706 14403
20240630 14393
20240707 14401
20240630 14393
20240708 14399
20240630 14393
20240709 14400
20240710 14400
20240711 14402
20240710 14400
20240712 14404
20240710 14400
20240713 14408
20240714 14408
20240715 14404
20240714 14408
20240716 14409
20240714 14408
20240717 14410
20240714 14408
20240718 14419
20240714 14408
20240719 14415
20240714 14408
20240720 14410
20240714 14408
20240721 14409
20240722 14409
20240723 14407
20240724 14407
20240725 14411
20240724 14407
20240726 14431
20240724 14407
20240727 14432
20240724 14407
20240728 14431
20240724 14407
20240729 14437
20240724 14407
20240730 14441
20240724 14407
20240731 14450
20240724 14407
20240801 14452
20240724 14407
20240802 14453
20240724 14407
20240803 14456
20240724 14407
20240804 14457
20240724 14407
20240805 14459
20240724 14407
20240806 14453
20240724 14407
20240807 14454
20240724 14407
20240808 14455
20240724 14407
20240809 14469
20240724 14407
20240810 14475
20240724 14407
20240811 14457
20240812 14457
20240813 14462
20240812 14457
20240814 14460
20240812 14457
20240815 14461
20240812 14457
20240816 14470
20240812 14457
20240817 14490
20240812 14457
20240818 14454
20240812 14457
20240819 14452
20240812 14457
20240820 14451
20240812 14457
20240821 14452
20240812 14457
20240822 14454
20240812 14457
20240823 14460
20240824 14460
20240825 14466
20240824 14460
20240826 14464
20240824 14460
20240827 14467
20240824 14460
20240828 14466
20240824 14460
20240829 14467
20240824 14460
20240830 14468
20240824 14460
20240831 14467
20240824 14460
20240901 14465
20240902 14465
20240903 14467
20240902 14465
20240904 14475
20240902 14465
20240905 14474
20240902 14465
20240906 14456
20240902 14465
20240907 14460
20240902 14465
20240908 14458
20240902 14465
20240909 14452
20240902 14465
20240910 14456
20240902 14465
20240911 14454
20240902 14465
20240912 14462
20240902 14465
20240913 14468
20240914 14465
20240902 14465
20240915 14462
20240902 14465
20240916 14460
20240902 14465
20240917 14468
20240902 14465
20240918 14473
20240919 14473
20240920 14480
20240919 14473
20240921 14484
20240922 14484
20240925 14508
20240922 14484
20240926 14511
20240922 14484
20240927 14520
20240922 14484
20240928 14516
20240922 14484
20240929 14517
20240930 14517
