20230707 18640
20230709 18633
20230710 18625
20230711 18615
20230712 18606
20230713 18587
20230714 18583
20230715 18569
20230716 18560
20230717 18554
20230718 18560
20230719 18548
20230720 18534
20230721 18528
20230722 18525
20230723 18515
20230724 18512
20230725 18499
20230726 18507
20230727 18514
20230728 18493
20230729 18488
20230730 18476
20230731 18485
20230801 18497
20230802 18492
20230803 18499
20230804 18500
20230805 18491
20230806 18482
20230807 18477
20230808 18472
20230809 18462
20230810 18465
20230811 18456
20230812 18451
20230813 18416
20230815 18409
20230816 18388
20230817 18387
20230818 18389
20230819 18392
20230820 18387
20230821 18367
20230822 18358
20230823 18370
20230824 18379
20230825 18367
20230826 18368
20230827 18361
20230828 18357
20230829 18363
20230830 18355
20230831 18352
20230901 18345
20230902 18342
20230903 18329
20230904 18307
20230905 18299
20230906 18299
20230907 18298
20230908 18287
20230909 18270
20230910 18271
20230911 18268
20230912 18269
20230913 18268
20230914 18263
20230915 18261
20230916 18260
20230917 18270
20230918 18290
20230919 18380
20230920 17224
20230921 17258
20230922 17264
20230923 17286
20230924 17279
20230925 17258
20230926 17261
20230927 17267
20230928 17266
20230929 17252
20230930 17229
20231001 17227
20231002 17224
20231003 17221
20231005 17220
20231007 17199
20231008 17201
20231009 17194
20231010 17200
20231011 17200
20231012 17191
20231013 17196
20231014 17188
20231015 17180
20231016 17167
20231017 17156
20231018 17150
20231019 17152
20231020 17152
20231021 17149
20231022 17153
20231023 17146
20231024 17139
20231025 17136
20231026 17151
20231027 17159
20231028 17152
20231029 17147
20231030 17134
20231031 17125
20231101 17078
20231102 17085
20231103 17078
20231104 17079
20231105 17059
20231106 17053
20231107 17055
20231108 17052
20231109 17045
20231110 17045
20231111 17038
20231112 17042
20231113 17040
20231114 17045
20231115 17038
20231116 17045
20231117 17076
20231118 17060
20231120 17054
20231121 17048
20231122 17051
20231123 17045
20231124 17041
20231125 17033
20231126 17032
