20230707 3728
20230709 3732
20230710 3715
20230711 3712
20230712 3711
20230713 3710
20230714 3708
20230715 3703
20230716 3704
20230717 3704
20230718 3710
20230719 3707
20230720 3706
20230721 3709
20230722 3713
20230723 3719
20230724 3719
20230725 3717
20230726 3719
20230727 3721
20230728 3718
20230729 3718
20230730 3715
20230731 3717
20230801 3716
20230802 3714
20230803 3710
20230804 3713
20230805 3714
20230806 3717
20230807 3719
20230808 3723
20230809 3724
20230810 3728
20230811 3733
20230812 3734
20230813 3734
20230815 3734
20230816 3734
20230817 3736
20230818 3748
20230819 3747
20230820 3749
20230821 3750
20230822 3757
20230823 3755
20230824 3757
20230825 3763
20230826 3768
20230827 3768
20230828 3768
20230829 3769
20230830 3766
20230831 3772
20230901 3774
20230902 3778
20230903 3777
20230904 3775
20230905 3777
20230906 3780
20230907 3783
20230908 3787
20230909 3788
20230910 3782
20230911 3785
20230912 3786
20230913 3785
20230914 3783
20230915 3780
20230916 3780
20230917 3779
20230918 3775
20230919 3778
20230920 3332
20230921 3337
20230922 3338
20230923 3337
20230924 3336
20230925 3332
