20230707 9895
20230709 9896
20230710 9902
20230711 9892
20230712 9889
20230713 9897
20230714 9894
20230715 9878
20230716 9885
20230717 9878
20230718 9866
20230719 9857
20230720 9867
20230721 9858
20230722 9849
20230723 9847
20230724 9848
20230725 9836
20230726 9841
20230727 9890
20230728 9881
20230729 9883
20230730 9886
20230731 9892
20230801 9903
20230802 9905
20230803 9906
20230804 9914
20230805 9908
20230806 9903
20230807 9903
20230808 9907
20230807 9903
20230809 9908
20230807 9903
20230810 9907
20230807 9903
20230811 9902
20230807 9903
20230812 9911
20230807 9903
20230813 9916
20230807 9903
20230815 9911
20230807 9903
20230816 9914
20230817 9903
20230807 9903
20230818 9904
20230807 9903
20230819 9899
20230807 9903
20230820 9902
20230821 9902
20230822 9908
20230821 9902
20230823 9912
20230821 9902
20230824 9911
20230821 9902
20230825 9913
20230821 9902
20230826 9925
20230821 9902
20230827 9917
20230821 9902
20230828 9915
20230821 9902
20230829 9917
20230821 9902
20230830 9910
20230821 9902
20230831 9905
20230821 9902
20230901 9910
20230821 9902
20230902 9907
20230821 9902
20230903 9911
20230821 9902
20230904 9907
20230821 9902
20230905 9905
20230821 9902
20230906 9913
20230821 9902
20230907 9918
20230821 9902
20230908 9913
20230821 9902
20230909 9917
20230821 9902
20230910 9919
20230821 9902
20230911 9917
20230821 9902
20230912 9936
20230821 9902
20230913 9938
20230821 9902
20230914 9946
20230821 9902
20230915 9948
20230821 9902
20230916 9944
20230821 9902
20230917 9948
20230821 9902
20230918 9950
20230821 9902
20230919 9952
20230821 9902
20230920 9236
20230821 9902
20230921 9237
20230821 9902
20230922 9234
20230821 9902
20230923 9224
20230821 9902
20230924 9209
20230821 9902
20230925 9205
20230821 9902
20230926 9193
20230821 9902
20230927 9195
20230821 9902
20230928 9198
20230821 9902
20230929 9191
20230821 9902
20230930 9192
20230821 9902
20231001 9190
20230821 9902
20231002 9196
20230821 9902
20231003 9210
20230821 9902
20231005 9203
20230821 9902
20231007 9211
20230821 9902
20231008 9218
20230821 9902
20231009 9214
20230821 9902
20231010 9205
20230821 9902
20231011 9212
20230821 9902
20231012 9219
20230821 9902
20231013 9216
20230821 9902
20231014 9215
20230821 9902
20231015 9214
20230821 9902
20231016 9204
20230821 9902
20231017 9203
20230821 9902
20231018 9196
20230821 9902
20231019 9197
20230821 9902
20231020 9203
20230821 9902
20231021 9201
20230821 9902
20231022 9206
20230821 9902
20231023 9208
20230821 9902
20231024 9221
20230821 9902
20231025 9220
20230821 9902
20231026 9219
20231027 9219
20231028 9212
20231027 9219
20231029 9216
20231027 9219
20231030 9221
20231027 9219
20231031 9225
20231101 9225
20231102 9207
20231101 9225
20231103 9206
20231101 9225
20231104 9207
20231101 9225
20231105 9201
20231101 9225
20231106 9198
20231101 9225
20231107 9197
20231101 9225
20231108 9193
20231101 9225
20231109 9178
20231101 9225
20231110 9187
20231101 9225
20231111 9184
20231101 9225
20231112 9185
20231101 9225
20231113 9182
20231101 9225
20231114 9177
20231101 9225
20231115 9183
20231101 9225
20231116 9181
20231101 9225
20231117 9194
20231101 9225
20231118 9197
20231101 9225
20231120 9192
20231101 9225
20231121 9199
20231101 9225
20231122 9207
20231101 9225
20231123 9223
20231101 9225
20231124 9219
20231125 9225
20231101 9225
20231126 9228
20231101 9225
20231127 9223
20231101 9225
20231128 9228
20231101 9225
20231129 9254
20231130 9254
20231201 9259
20231130 9254
20231202 9272
20231130 9254
20231203 9268
20231130 9254
20231204 9247
20231130 9254
20231205 9250
20231130 9254
20231206 9255
20231130 9254
20231207 9248
20231130 9254
20231208 9255
20231209 9255
20231210 9265
20231209 9255
20231211 9260
20231209 9255
20231212 9267
20231209 9255
20231213 9275
20231209 9255
20231214 9277
20231209 9255
20231215 9282
20231209 9255
20231216 9284
20231209 9255
20231217 9296
20231209 9255
20231218 9308
20231209 9255
20231219 9306
20231209 9255
20231220 9312
20231209 9255
20231221 9311
20231209 9255
20231222 9327
20231209 9255
20231223 9322
20231209 9255
20231224 9308
20231209 9255
20231225 9309
20231209 9255
20231226 9269
20231209 9255
20231227 9219
20231209 9255
20231230 9317
20231209 9255
20231231 9316
20231209 9255
20240101 9318
20231209 9255
20240102 9315
20231209 9255
20240103 9330
20231209 9255
20240104 9345
20231209 9255
20240105 9349
20231209 9255
20240106 9372
20231209 9255
20240107 9376
20231209 9255
20240108 9380
20231209 9255
20240109 9384
20231209 9255
20240110 9387
20231209 9255
20240111 9407
20231209 9255
20240112 9408
20231209 9255
20240113 9410
20231209 9255
20240114 9412
20231209 9255
20240115 9410
20240116 9410
20240117 9422
20240116 9410
20240118 9432
20240116 9410
20240119 9433
20240116 9410
20240120 9439
20240116 9410
20240121 9436
20240116 9410
20240122 9435
20240116 9410
20240124 9433
20240116 9410
20240125 9435
20240116 9410
20240126 9426
20240116 9410
20240127 9425
20240128 9425
20240129 9431
20240130 9425
20240128 9425
20240131 9414
20240128 9425
20240201 9413
20240128 9425
20240202 9406
20240128 9425
20240203 9416
20240128 9425
20240204 9426
20240128 9425
20240205 9424
20240206 9425
20240128 9425
20240207 9428
20240128 9425
20240208 9432
20240128 9425
20240209 9437
20240128 9425
20240210 9438
20240211 9438
20240212 9441
20240211 9438
20240213 9439
20240211 9438
20240214 9437
20240211 9438
20240215 9444
20240211 9438
20240216 9447
20240211 9438
20240217 9440
20240218 9438
20240211 9438
20240219 9444
20240211 9438
20240220 9449
20240221 9449
20240222 9446
20240221 9449
20240223 9458
20240221 9449
20240224 9455
20240221 9449
20240225 9453
20240221 9449
20240226 9456
20240221 9449
20240227 9459
20240221 9449
20240228 9468
20240301 9468
20240302 9462
20240303 9462
20240304 9464
20240303 9462
20240305 9463
20240303 9462
20240306 9469
20240303 9462
20240307 9477
20240303 9462
20240308 9474
20240303 9462
20240309 9466
20240303 9462
20240310 9465
20240303 9462
20240311 9470
20240303 9462
20240312 9469
20240303 9462
20240313 9473
20240303 9462
20240314 9468
20240303 9462
20240315 9471
20240303 9462
20240316 9470
20240303 9462
20240317 9474
20240303 9462
20240318 9467
20240303 9462
20240319 9464
20240303 9462
20240320 9472
20240321 9472
20240322 9481
20240321 9472
20240323 9474
20240321 9472
20240324 9466
20240321 9472
20240325 9468
20240321 9472
20240326 9473
20240321 9472
20240327 9449
20240321 9472
20240328 9448
20240321 9472
20240329 9446
20240321 9472
20240330 9442
20240321 9472
20240331 9445
20240321 9472
20240401 9449
20240321 9472
20240402 9448
20240321 9472
20240403 9446
20240321 9472
20240404 9447
20240321 9472
20240405 9445
20240321 9472
20240406 9451
20240321 9472
20240407 9457
20240321 9472
20240408 9464
20240321 9472
20240409 9457
20240321 9472
20240410 9459
20240321 9472
20240411 9457
20240321 9472
20240412 9471
20240321 9472
20240413 9473
20240415 9473
20240416 9468
20240415 9473
20240417 9469
20240418 9469
20240419 9468
20240418 9469
20240420 9465
20240418 9469
20240421 9461
20240418 9469
20240422 9459
20240418 9469
20240423 9460
20240418 9469
20240424 9459
20240418 9469
20240425 9464
20240418 9469
20240426 9460
20240418 9469
20240427 9461
20240418 9469
20240428 9463
20240418 9469
20240429 9464
20240430 9469
20240418 9469
20240501 9468
20240418 9469
20240503 9462
20240418 9469
20240504 9458
20240418 9469
20240505 9466
20240418 9469
20240506 9470
20240507 9469
20240418 9469
20240508 9479
20240418 9469
20240509 9480
20240418 9469
20240510 9478
20240418 9469
20240511 9486
20240418 9469
20240512 9483
20240418 9469
20240513 9462
20240514 9469
20240418 9469
20240515 9465
20240418 9469
20240516 9467
20240418 9469
20240517 9466
20240518 9469
20240418 9469
20240519 9468
20240520 9469
20240418 9469
20240521 9462
20240418 9469
20240522 9456
20240418 9469
20240523 9466
20240418 9469
20240524 9465
20240418 9469
20240525 9471
20240418 9469
20240526 9467
20240527 9467
20240528 9464
20240527 9467
20240529 9472
20240527 9467
20240530 9477
20240527 9467
20240531 9476
20240527 9467
20240601 9455
20240603 9455
20240604 9459
20240603 9455
20240605 9460
20240603 9455
20240606 9465
20240609 9455
20240603 9455
20240611 9457
20240612 9455
20240603 9455
20240613 9450
20240603 9455
20240614 9452
20240603 9455
20240615 9450
20240603 9455
20240616 9453
20240603 9455
20240617 9429
20240603 9455
20240618 9445
20240603 9455
20240620 9446
20240603 9455
20240621 9459
20240603 9455
20240622 9465
20240603 9455
20240623 9484
20240603 9455
20240624 9497
20240603 9455
20240626 9502
20240603 9455
20240627 9525
20240603 9455
20240628 9522
20240603 9455
20240629 9506
20240603 9455
20240630 9522
20240603 9455
20240701 9516
20240603 9455
20240702 9513
20240603 9455
20240703 9520
20240603 9455
20240704 9519
20240603 9455
20240705 9538
20240603 9455
20240706 9536
20240603 9455
20240707 9529
20240603 9455
20240708 9528
20240603 9455
20240709 9501
20240603 9455
20240710 9502
20240603 9455
20240711 9500
20240603 9455
20240712 9503
20240603 9455
20240713 9516
20240603 9455
20240714 9512
20240603 9455
20240715 9506
20240603 9455
20240716 9508
20240603 9455
20240717 9482
20240603 9455
20240718 9494
20240603 9455
20240719 9449
20240603 9455
20240720 9456
20240603 9455
20240721 9451
20240722 9451
20240723 9457
20240724 9457
20240725 9443
20240724 9457
20240726 9437
20240724 9457
20240727 9439
20240724 9457
20240728 9443
20240724 9457
20240729 9442
20240730 9442
20240731 9444
20240730 9442
20240801 9440
20240730 9442
20240802 9441
20240730 9442
20240803 9439
20240730 9442
20240804 9437
20240730 9442
20240805 9430
20240730 9442
20240806 9424
20240730 9442
20240807 9427
20240730 9442
20240808 9426
20240730 9442
20240809 9433
20240730 9442
20240810 9434
20240730 9442
20240811 9433
20240730 9442
20240812 9429
20240730 9442
20240813 9422
20240730 9442
20240814 9424
20240730 9442
20240815 9427
20240730 9442
20240816 9430
20240730 9442
20240817 9424
20240818 9424
20240819 9425
20240818 9424
20240820 9430
20240818 9424
20240821 9435
20240822 9435
20240823 9448
20240827 9448
20240828 9445
20240827 9448
20240829 9451
20240827 9448
20240830 9455
20240827 9448
20240831 9456
20240827 9448
20240901 9459
20240827 9448
20240902 9471
20240827 9448
20240903 9472
20240827 9448
20240904 9477
20240827 9448
20240905 9481
20240827 9448
20240906 9476
20240827 9448
20240907 9474
20240827 9448
20240908 9470
20240827 9448
20240909 9465
20240827 9448
20240910 9457
20240911 9457
20240912 9454
20240911 9457
20240913 9449
20240911 9457
20240914 9447
20240915 9447
20240916 9446
20240915 9447
20240917 9442
20240915 9447
20240918 9446
20240915 9447
20240919 9432
20240915 9447
20240920 9439
20240915 9447
20240921 9437
20240915 9447
20240921 9440
20240915 9447
20240922 9437
20240915 9447
20240925 9427
20240925 9427
