20230707 16
20230919 16
20230920 14
20240624 14
20240626 14
20240627 14
20240628 14
20240629 14
20240630 14
20240701 14
20240702 14
20240703 14
20240704 14
20240705 14
20240706 14
20240707 14
20240708 14
20240709 14
20240710 14
20240711 14
20240712 14
20240713 14
20240714 14
20240715 14
20240716 14
20240717 14
20240718 14
20240719 14
20240720 14
20240721 14
20240722 14
20240723 14
20240724 14
20240725 14
20240726 14
20240727 14
20240728 14
20240729 14
20240730 14
20240731 14
20240801 14
20240802 14
20240803 14
20240804 14
20240805 14
20240806 14
20240807 14
20240808 14
20240809 14
20240810 14
20240811 14
20240812 14
20240813 14
20240814 14
20240815 14
20240816 14
20240817 14
20240818 14
20240819 14
20240820 14
20240821 14
20240822 14
20240823 14
20240824 14
20240825 14
20240826 14
20240827 14
20240828 14
20240829 14
20240830 14
20240831 14
20240901 14
20240902 14
20240903 14
20240904 14
20240905 14
20240906 14
20240907 14
20240908 14
20240909 14
20240910 14
20240911 14
