20230707 65
20230709 65
20230710 65
20230711 65
20230712 65
20230714 65
20230715 65
20230716 65
20230717 65
20230718 65
20230719 65
20230720 65
20230721 65
20230722 65
20230723 65
20230724 65
20230725 65
20230726 65
20230727 65
20230728 65
20230729 65
20230730 65
20230731 65
20230801 65
20230802 65
20230803 65
20230804 65
20230805 65
20230806 65
20230807 65
20230808 65
20230809 65
20230810 65
20230811 65
20230812 65
20230813 65
20230815 65
20230816 65
20230817 65
20230818 65
20230819 65
20230820 65
20230821 65
20230822 65
20230823 65
