20230707 4830
20230709 4829
20230710 4828
20230711 4825
20230712 4823
20230713 4825
20230714 4824
20230715 4827
20230716 4826
20230717 4829
20230718 4828
20230719 4830
20230720 4830
20230721 4828
20230722 4829
20230723 4824
20230724 4825
20230725 4824
20230726 4826
20230727 4828
20230728 4833
20230729 4827
20230730 4828
20230731 4825
20230801 4825
20230802 4821
20230803 4822
20230804 4826
20230805 4821
20230806 4816
20230807 4816
20230808 4816
20230809 4814
20230810 4814
20230811 4817
20230812 4815
20230813 4816
20230815 4820
20230816 4823
20230817 4825
20230818 4833
20230819 4832
20230820 4833
20230821 4833
20230822 4834
20230823 4830
