20230707 41819
20230709 41785
20230710 41780
20230711 41768
20230712 41768
20230713 41767
20230712 41768
20230714 41770
20230712 41768
20230715 41760
20230712 41768
20230716 41773
20230712 41768
20230717 41771
20230712 41768
20230718 41774
20230712 41768
20230719 41767
20230712 41768
20230720 41763
20230712 41768
20230721 41773
20230712 41768
20230722 41770
20230712 41768
20230723 41758
20230712 41768
20230724 41760
20230712 41768
20230725 41751
20230712 41768
20230726 41753
20230712 41768
20230727 41752
20230712 41768
20230728 41759
20230712 41768
20230729 41761
20230712 41768
20230730 41757
20230712 41768
20230731 41760
20230712 41768
20230801 41758
20230712 41768
20230802 41753
20230712 41768
20230803 41756
20230712 41768
20230804 41771
20230712 41768
20230805 41752
20230712 41768
20230806 41740
20230712 41768
20230807 41744
20230712 41768
20230808 41756
20230712 41768
20230809 41764
20230712 41768
20230810 41766
20230712 41768
20230811 41797
20230813 41797
20230815 41794
20230813 41797
20230816 41788
20230817 41797
20230813 41797
20230818 41806
20230813 41797
20230819 41804
20230813 41797
20230820 41790
20230813 41797
20230821 41771
20230813 41797
20230822 41734
20230813 41797
20230823 41747
20230813 41797
20230824 41722
20230813 41797
20230825 41723
20230813 41797
20230826 41738
20230813 41797
20230827 41733
20230813 41797
20230828 41737
20230813 41797
20230829 41725
20230813 41797
20230830 41734
20230813 41797
20230831 41721
20230813 41797
20230901 41659
20230813 41797
20230902 41586
20230813 41797
20230903 41587
20230813 41797
20230904 41568
20230813 41797
20230905 41566
20230813 41797
20230906 41538
20230813 41797
20230907 41472
20230813 41797
20230908 41434
20230813 41797
20230909 41389
20230813 41797
20230910 41349
20230813 41797
20230911 41337
20230813 41797
20230912 41277
20230813 41797
20230913 41228
20230813 41797
20230914 41213
20230813 41797
20230915 41141
20230813 41797
20230916 41128
20230813 41797
20230917 41024
20230813 41797
20230918 41010
20230813 41797
20230919 40995
20230813 41797
20230920 34297
20230813 41797
20230921 34272
20230813 41797
20230922 34289
20230813 41797
20230923 34287
20230813 41797
20230924 34284
20230813 41797
20230925 34275
20230813 41797
20230926 34268
20230813 41797
20230927 34270
20230813 41797
20230928 34275
20230813 41797
20230929 34271
20230813 41797
20230930 34270
20230813 41797
20231001 34258
20230813 41797
20231002 34262
20230813 41797
20231003 34268
20230813 41797
20231005 34270
20230813 41797
20231007 34273
20230813 41797
20231008 34281
20230813 41797
20231009 34282
20230813 41797
20231010 34280
20230813 41797
20231011 34288
20230813 41797
20231012 34289
20230813 41797
20231013 34294
20230813 41797
20231014 34291
20230813 41797
20231015 34288
20230813 41797
20231016 34289
20230813 41797
20231017 34291
20230813 41797
20231018 34287
20230813 41797
20231019 34289
20230813 41797
20231020 34292
20230813 41797
20231021 34301
20230813 41797
20231022 34304
20230813 41797
20231023 34299
20230813 41797
20231024 34300
20230813 41797
20231025 34303
20230813 41797
20231026 34297
20230813 41797
20231027 34300
20230813 41797
20231028 34286
20231029 34286
20231030 34285
20231029 34286
20231031 34283
20231029 34286
20231101 34284
20231029 34286
20231102 34289
20231029 34286
20231103 34282
20231029 34286
20231104 34278
20231029 34286
20231105 34274
20231106 34274
20231107 34276
20231106 34274
20231108 34287
20231106 34274
20231109 34285
20231106 34274
20231110 34284
20231106 34274
20231111 34286
20231106 34274
20231112 34282
20231106 34274
20231113 34284
20231106 34274
20231114 34283
20231106 34274
20231115 34292
20231106 34274
20231116 34288
20231106 34274
20231117 34312
20231106 34274
20231118 34303
20231106 34274
20231120 34291
20231106 34274
20231121 34289
20231106 34274
20231122 34300
20231106 34274
20231123 34295
20231106 34274
20231124 34302
20231106 34274
20231125 34298
20231106 34274
20231126 34299
20231106 34274
20231127 34301
20231106 34274
20231128 34310
20231106 34274
20231129 34309
20231106 34274
20231130 34317
20231106 34274
20231201 34322
20231106 34274
20231202 34332
20231106 34274
20231203 34327
20231106 34274
20231204 34314
20231106 34274
20231205 34319
20231106 34274
20231206 34322
20231106 34274
20231207 34330
20231106 34274
20231208 34334
20231106 34274
20231209 34337
20231210 34337
20231211 34330
20231210 34337
20231212 34331
20231210 34337
20231213 34339
20231210 34337
20231214 34334
20231210 34337
20231215 34339
20231210 34337
20231216 34340
20231210 34337
20231217 34343
20231210 34337
20231218 34344
20231219 34344
20231220 34342
20231221 34342
20231222 34348
20231221 34342
20231223 34360
20231221 34342
20231224 34348
20231221 34342
20231225 34349
20231221 34342
20231226 34353
20231221 34342
20231227 34344
20231221 34342
20231230 34343
20231221 34342
20231231 34350
20240101 34350
20240102 34351
20240101 34350
20240103 34364
20240101 34350
20240104 34361
20240101 34350
20240105 34365
20240101 34350
20240106 34342
20240101 34350
20240107 34345
20240101 34350
20240108 34346
20240101 34350
20240109 34352
20240101 34350
20240110 34363
20240101 34350
20240111 34378
20240101 34350
20240112 34376
20240101 34350
20240113 34369
20240101 34350
20240114 34354
20240101 34350
20240115 34345
20240101 34350
20240116 34346
20240101 34350
20240117 34357
20240101 34350
20240118 34365
20240101 34350
20240119 34349
20240120 34349
20240121 34351
20240120 34349
20240122 34346
20240120 34349
20240124 34356
20240120 34349
20240125 34384
20240120 34349
20240126 34378
20240120 34349
20240127 34368
20240120 34349
20240128 34351
20240120 34349
20240129 34344
20240120 34349
20240130 34340
20240120 34349
20240131 34348
20240120 34349
20240201 34344
20240120 34349
20240202 34343
20240120 34349
20240203 34342
20240120 34349
20240204 34338
20240120 34349
20240205 34333
20240120 34349
20240206 34336
20240120 34349
20240207 34330
20240120 34349
20240208 34337
20240120 34349
20240209 34339
20240120 34349
20240210 34342
20240120 34349
20240211 34336
20240120 34349
20240212 34326
20240120 34349
20240213 34324
20240120 34349
20240214 34320
20240120 34349
20240215 34306
20240120 34349
20240216 34296
20240120 34349
20240217 34285
20240120 34349
20240218 34268
20240120 34349
20240219 34244
20240120 34349
20240220 34225
20240120 34349
20240221 34202
20240120 34349
20240222 34190
20240120 34349
20240223 34181
20240120 34349
20240224 34165
20240120 34349
20240225 34157
20240120 34349
20240226 34154
20240120 34349
20240227 34158
20240120 34349
20240228 34165
20240120 34349
20240229 34146
20240120 34349
20240301 34137
20240120 34349
20240302 34141
20240120 34349
20240303 34122
20240120 34349
20240304 34102
20240120 34349
20240305 34065
20240120 34349
20240306 34055
20240120 34349
20240307 34062
20240120 34349
20240308 34067
20240120 34349
20240309 34030
20240120 34349
20240310 34046
20240120 34349
20240311 34059
20240120 34349
20240312 34062
20240120 34349
20240313 34077
20240120 34349
20240314 34082
20240120 34349
20240315 34084
20240120 34349
20240316 34083
20240120 34349
20240317 34062
20240120 34349
20240318 34060
20240120 34349
20240319 34074
20240120 34349
20240320 34076
20240120 34349
20240321 34087
20240120 34349
20240322 34095
20240120 34349
20240323 34082
20240120 34349
20240324 34070
20240120 34349
20240325 34066
20240120 34349
20240326 34071
20240120 34349
20240327 34076
20240120 34349
20240328 34074
20240120 34349
20240329 34076
20240120 34349
20240330 34066
20240120 34349
20240331 34067
20240120 34349
20240401 34075
20240120 34349
20240402 34071
20240120 34349
20240403 34072
20240120 34349
20240404 34100
20240120 34349
20240405 34104
20240120 34349
20240406 34081
20240120 34349
20240407 34077
20240120 34349
20240408 34048
20240120 34349
20240409 34010
20240120 34349
20240410 34008
20240120 34349
20240411 33996
20240120 34349
20240412 33987
20240120 34349
20240413 33989
20240120 34349
20240415 34014
20240416 34014
20240417 33998
20240416 34014
20240418 33984
20240416 34014
20240419 33983
20240420 33983
20240421 33985
20240422 33983
20240423 33983
20240424 33974
20240423 33983
20240425 33973
20240423 33983
20240426 33956
20240423 33983
20240427 33965
20240423 33983
20240428 33964
20240423 33983
20240429 33993
20240430 33993
20240501 33984
20240430 33993
20240503 33994
20240430 33993
20240504 33977
20240430 33993
20240505 33975
20240430 33993
20240506 33961
20240430 33993
20240507 33950
20240430 33993
20240508 33944
20240430 33993
20240509 33936
20240430 33993
20240510 33918
20240430 33993
20240511 33915
20240430 33993
20240512 33889
20240430 33993
20240513 33903
20240430 33993
20240514 33867
20240515 33867
20240516 33880
20240515 33867
20240517 33876
20240515 33867
20240518 33881
20240515 33867
20240519 33862
20240515 33867
20240520 33871
20240521 33867
20240522 33867
20240523 33870
20240522 33867
20240524 33874
20240522 33867
20240525 33871
20240522 33867
20240526 33884
20240522 33867
20240527 33881
20240528 33881
20240529 33884
20240528 33881
20240530 33889
20240528 33881
20240531 33885
20240528 33881
20240601 33877
20240528 33881
20240602 33870
20240528 33881
20240603 33872
20240528 33881
20240604 33864
20240528 33881
20240605 33865
20240528 33881
20240606 33836
20240528 33881
20240609 33797
20240528 33881
20240611 33813
20240528 33881
20240612 33786
20240528 33881
20240613 33780
20240528 33881
20240614 33770
20240528 33881
20240615 33764
20240528 33881
20240616 33747
20240528 33881
20240617 33744
20240528 33881
20240618 33725
20240528 33881
20240620 33720
20240528 33881
20240621 33717
20240528 33881
20240622 33720
20240528 33881
20240623 33722
20240528 33881
20240624 33719
20240528 33881
20240626 33746
20240528 33881
20240627 33648
20240528 33881
20240628 33612
20240528 33881
20240629 33585
20240528 33881
20240630 33578
20240528 33881
20240701 33576
20240528 33881
20240702 33566
20240528 33881
20240703 33561
20240528 33881
20240704 33568
20240528 33881
20240705 33573
20240528 33881
20240706 33565
20240528 33881
20240707 33559
20240528 33881
20240708 33565
20240528 33881
20240709 33521
20240528 33881
20240710 33513
20240528 33881
20240711 33475
20240528 33881
20240712 33468
20240713 33468
20240714 33467
20240713 33468
20240715 33457
20240713 33468
20240716 33447
20240713 33468
20240717 33453
20240713 33468
20240718 33460
20240719 33460
20240720 33451
20240719 33460
20240721 33438
20240719 33460
20240722 33434
20240719 33460
20240723 33438
20240724 33438
20240725 33431
20240724 33438
20240726 33430
20240724 33438
20240727 33424
20240724 33438
20240728 33417
20240724 33438
20240729 33409
20240724 33438
20240730 33413
20240724 33438
20240731 33412
20240724 33438
20240801 33420
20240724 33438
20240802 33429
20240724 33438
20240803 33427
20240724 33438
20240804 33418
20240724 33438
20240805 33415
20240724 33438
20240806 33413
20240724 33438
20240807 33415
20240808 33415
20240809 33406
20240808 33415
20240810 33412
20240808 33415
20240811 33419
20240808 33415
20240812 33421
20240813 33421
20240814 33425
20240815 33421
20240813 33421
20240816 33418
20240813 33421
20240817 33423
20240813 33421
20240818 33415
20240813 33421
20240819 33409
20240813 33421
20240820 33410
20240813 33421
20240821 33414
20240813 33421
20240822 33411
20240813 33421
20240823 33413
20240813 33421
20240824 33397
20240813 33421
20240825 33390
20240813 33421
20240826 33382
20240813 33421
20240827 33400
20240813 33421
20240828 33399
20240813 33421
20240829 33397
20240813 33421
20240830 33391
20240813 33421
20240831 33395
20240813 33421
20240901 33393
20240813 33421
20240902 33399
20240813 33421
20240903 33397
20240813 33421
20240904 33408
20240813 33421
20240905 33406
20240813 33421
20240906 33412
20240813 33421
20240907 33416
20240813 33421
20240908 33418
20240813 33421
20240909 33419
20240813 33421
20240910 33417
20240813 33421
20240911 33413
20240813 33421
20240912 33408
20240813 33421
20240913 33412
20240813 33421
20240914 33409
20240813 33421
20240915 33416
20240813 33421
20240916 33411
20240813 33421
20240917 33403
20240813 33421
20240918 33412
20240813 33421
20240919 33419
20240813 33421
20240920 33426
20240813 33421
20240921 33419
20240813 33421
20240921 33422
20240813 33421
20240922 33419
20240922 33419
