20230707 7322
20230709 7315
20230710 7310
20230711 7311
20230712 7310
20230713 7314
20230714 7313
20230715 7312
20230716 7314
20230717 7322
20230718 7323
20230719 7324
20230720 7352
20230721 7363
20230722 7389
20230723 7389
20230724 7421
20230725 7419
20230726 7425
20230727 7425
20230728 7433
20230729 7433
20230730 7437
20230731 7441
20230801 7451
20230802 7465
20230803 7472
20230804 7489
20230805 7502
20230806 7511
20230807 7514
20230808 7519
20230809 7524
20230810 7526
20230811 7529
20230812 7533
20230813 7537
20230815 7541
20230816 7537
20230817 7554
20230818 7560
20230819 7570
20230820 7578
20230821 7573
20230822 7576
20230823 7570
20230824 7572
20230825 7573
20230826 7582
20230827 7591
20230828 7610
20230829 7617
20230830 7621
20230831 7651
20230901 7651
20230902 7663
20230903 7669
