20230707 10536
20230709 10557
20230710 10550
20230711 10540
20230712 10539
20230713 10533
20230714 10543
20230715 10545
20230716 10543
20230717 10542
20230718 10544
20230719 10537
20230720 10537
20230721 10537
20230722 10538
20230723 10544
20230724 10541
20230725 10547
20230726 10558
20230727 10560
20230728 10560
20230729 10566
20230730 10604
20230731 10599
20230801 10608
20230802 10609
20230803 10620
20230804 10623
20230805 10624
20230806 10625
20230807 10628
20230808 10618
20230809 10624
20230810 10628
20230811 10649
20230812 10655
20230813 10633
20230815 10652
20230816 10656
20230817 10660
20230818 10669
20230819 10672
20230820 10675
20230821 10671
20230822 10682
20230823 10687
20230824 10689
20230825 10696
20230826 10709
20230827 10710
20230828 10711
20230829 10712
20230830 10720
20230831 10718
20230901 10727
20230902 10726
20230903 10728
20230904 10727
