20230707 28415
20230709 28420
20230710 28422
20230711 28418
20230712 28412
20230713 28417
20230714 28426
20230715 28441
20230716 28438
20230717 28442
20230718 28447
20230719 28418
20230720 28396
20230721 28379
20230722 28383
20230723 28382
20230724 28376
20230725 28381
20230726 28373
20230727 28381
20230728 28380
20230729 28386
20230730 28392
20230731 28383
20230801 28389
20230802 28400
20230803 28417
20230804 28416
20230805 28424
20230806 28421
20230807 28420
20230808 28430
20230809 28435
20230810 28447
20230811 28465
20230812 28473
20230813 28465
20230815 28462
20230816 28465
20230817 28471
20230818 28478
20230819 28480
20230820 28470
20230821 28455
20230822 28445
20230823 28438
20230824 28438
20230825 28427
20230826 28442
20230827 28446
20230828 28438
20230829 28432
20230830 28435
20230831 28437
20230901 28434
20230902 28421
20230903 28411
20230904 28411
20230905 28411
20230906 28426
20230907 28422
20230908 28411
20230909 28405
20230910 28401
20230911 28389
20230912 28380
20230913 28383
20230914 28394
20230915 28395
20230916 28387
20230917 28382
20230918 28384
20230919 28376
20230920 25792
20230921 25797
20230922 25805
20230923 25810
20230924 25810
20230925 25797
20230926 25786
