20230707 10491
20230709 10487
20230710 10469
20230711 10471
20230712 10462
20230713 10458
20230714 10450
20230715 10434
20230716 10427
20230717 10426
20230718 10415
20230719 10413
20230720 10413
20230721 10406
20230722 10407
20230723 10398
20230724 10400
20230725 10401
20230726 10405
20230727 10394
20230728 10397
20230729 10394
20230730 10394
20230731 10390
20230801 10384
20230802 10380
20230803 10380
20230804 10375
20230805 10380
20230806 10380
20230807 10378
20230808 10382
20230809 10389
20230810 10385
20230811 10388
20230812 10388
20230813 10381
20230815 10377
20230816 10376
20230817 10379
20230818 10377
20230819 10382
