20230707 3
20230919 3
20230920 1
20250826 1
20250827 21
20250828 28
20250829 32
20250830 35
20250903 35
20250904 38
20250905 40
20250906 46
20250908 46
20250909 48
20250910 48
20250911 50
20250912 60
20250913 61
20250915 61
20250916 66
20250917 72
20250918 73
20250919 78
20250920 81
20250922 81
20250923 84
20250924 89
20250925 98
20250926 99
20250929 99
20250930 100
20251002 100
20251003 101
20251004 102
20251005 102
20251006 121
20251007 423
20251008 658
20251009 751
20251010 822
20251011 932
20251012 1015
20251013 1040
20251014 1066
20251015 1095
20251016 1124
20251017 1144
20251018 1156
20251019 1167
20251020 1178
20251021 1180
20251022 1186
20251023 1196
20251024 1206
20251025 1215
20251026 1217
20251027 1220
20251028 1229
20251029 1273
20251030 1294
20251031 1323
20251101 1334
20251102 1343
20251103 1347
20251104 1349
20251105 1354
20251106 1362
20251107 1371
20251108 1377
20251109 1381
20251110 1385
20251111 1394
20251112 1397
20251113 1399
20251114 1402
20251115 1405
20251116 1406
20251117 1409
20251118 1415
20251119 1425
20251120 1429
20251121 1445
20251122 1456
20251123 1462
20251124 1463
20251125 1466
20251126 1475
20251127 1598
20251128 1627
20251129 1644
20251130 1659
20251202 1676
20251203 1681
20251204 1683
20251206 1696
20251207 1698
20251208 1703
20251209 1707
20251210 1712
20251212 1723
20251213 1726
20251214 1732
20251217 1746
20260103 1799
20260104 1803
20260105 1805
20260107 1817
20260108 1819
20260109 1833
20260110 1834
20260111 1836
20260112 1838
20260113 1851
20260114 1859
20260115 1857
20260116 1862
20260117 1870
20260118 1870
20260119 1873
20260120 1881
20260121 1886
20260122 1886
20260123 1890
20260124 1903
20260125 1907
20260126 1913
20260127 1915
20260128 1921
20260130 1931
20260131 1934
20260201 1939
20260202 1942
20260203 1943
20260204 1946
20260205 1955
20260206 1962
20260208 1967
20260209 1969
20260210 1972
20260211 1974
20260212 1977
