20230707 1144
20230709 1142
20230710 1141
20230711 1140
20230712 1138
20230713 1137
20230714 1136
20230715 1135
20230716 1134
20230717 1132
20230718 1132
20230719 1130
20230720 1129
20230721 1128
20230722 1128
20230723 1127
20230724 1126
20230725 1126
20230726 1125
20230727 1124
20230728 1123
20230729 1123
20230730 1123
20230731 1123
20230801 1122
20230802 1122
20230803 1122
20230804 1120
20230805 1117
20230806 1117
20230807 1117
20230808 1116
20230809 1116
20230810 1117
20230811 1117
20230812 1117
20230813 1118
20230815 1116
20230816 1114
20230817 1111
20230818 1110
20230819 1097
20230820 1097
20230821 1097
20230822 1097
20230823 1096
20230824 1095
20230825 1095
20230826 1095
20230827 1095
20230828 1095
20230829 1095
20230830 1096
20230831 1095
20230901 1095
20230902 1094
20230903 1093
20230904 1081
20230905 1079
20230906 1078
20230907 1077
20230908 1077
20230909 1074
20230910 1073
20230911 1073
20230912 1072
20230913 1070
20230914 1070
20230915 1070
20230916 1067
20230917 1065
20230918 1066
20230919 1066
20230920 1064
20230921 1065
20230922 1065
20230923 1064
20230924 1064
20230925 1064
20230926 1063
20230927 1062
20230928 1062
20230929 1060
20230930 1060
20231001 1058
20231002 1058
20231003 1058
20231005 1057
20231007 1027
20231008 1026
20231009 1026
20231010 1027
20231011 1013
20231012 1013
20231013 1013
20231014 1009
20231015 1009
20231016 1008
20231017 1008
20231018 1008
20231019 1005
20231020 1007
20231021 1007
20231022 1006
20231023 1006
20231024 1006
20231025 1006
20231026 1006
20231027 1006
20231028 1006
20231029 1006
20231030 1006
20231031 1007
20231101 1006
20231102 1006
20231103 1006
20231104 1005
20231105 1004
20231106 1003
20231107 1005
20231108 1005
20231109 1005
20231110 1005
20231111 1002
20231112 1002
20231113 1002
20231114 1001
20231115 1002
20231116 1000
20231117 1000
20231118 1000
20231120 1000
20231121 1000
20231122 1000
20231123 998
20231124 995
20231125 993
20231126 992
20231127 992
20231128 992
20231129 992
20231130 992
20231201 992
20231202 991
20231203 991
20231204 991
20231205 991
20231206 992
20231207 991
20231208 991
20231209 991
20231210 991
20231211 988
20231212 988
20231213 987
20231214 987
20231215 985
20231216 982
20231217 982
20231218 982
20231219 982
20231220 981
20231221 979
20231222 978
20231223 978
20231224 978
20231225 977
20231226 978
20231227 977
20231230 975
20231231 975
20240101 975
20240102 975
20240103 972
20240104 971
20240105 970
20240106 970
20240107 970
20240108 969
20240109 968
20240110 965
20240111 965
20240112 964
20240113 963
20240114 963
20240115 963
20240116 960
20240117 956
20240118 956
20240119 956
20240120 955
20240121 953
20240122 952
20240124 952
20240125 952
20240126 944
20240127 942
20240128 941
20240129 941
20240130 941
20240131 943
20240201 939
20240202 938
20240203 939
20240204 938
20240205 938
20240206 938
20240207 937
20240208 937
20240209 937
20240210 936
20240211 932
20240212 932
20240213 931
20240214 919
20240215 919
20240216 917
20240217 917
20240218 914
20240219 913
20240220 912
20240221 912
20240222 891
20240223 890
20240224 890
20240225 888
20240226 885
20240227 884
20240228 877
20240229 876
20240301 877
20240302 877
20240303 876
20240304 876
20240305 876
20240306 876
20240307 873
20240308 870
20240309 868
20240310 866
20240311 866
20240312 866
20240313 864
20240314 863
20240315 862
20240316 862
20240317 862
20240318 862
20240319 862
20240320 861
20240321 861
20240322 860
20240323 860
20240324 854
20240325 854
20240326 854
20240327 854
20240328 854
20240329 851
20240330 850
20240331 850
20240401 847
20240402 847
20240403 14398
20240404 14399
20240405 14399
20240406 14399
20240407 14398
20240408 14397
20240409 14396
20240410 14395
20240411 14395
20240412 14395
20240413 14395
20240415 14391
20240416 14392
20240417 14391
20240418 14391
20240419 14390
20240420 14390
20240421 14390
20240422 14390
20240423 14390
20240424 14388
20240425 14388
20240426 14387
20240427 14387
20240428 14387
20240429 14387
20240430 14387
20240501 14387
20240503 14387
20240504 14386
20240505 14386
20240506 14386
20240507 14386
20240508 14386
20240509 14384
20240510 14382
20240511 14381
20240512 14381
20240513 14381
20240514 14380
20240515 14380
20240516 14380
20240517 14380
20240518 14379
20240519 14379
20240520 14379
20240521 14380
20240522 14380
20240523 14380
20240524 14380
20240525 14379
20240526 14378
20240527 14378
20240528 14378
20240529 14378
20240530 14378
20240531 14378
20240601 14375
20240602 14374
20240603 14373
20240604 14372
20240605 14371
20240606 14371
20240609 14369
20240611 14370
20240612 14369
20240613 14369
20240614 14369
