20230707 8
20230709 8
20230710 8
20230711 8
20230712 8
20230714 8
20230715 8
20230716 8
20230717 8
20230718 8
20230719 8
20230720 8
20230721 8
20230722 8
20230723 8
20230724 8
20230725 8
20230726 8
20230727 8
20230728 8
20230729 8
20230730 8
20230731 8
20230801 8
20230802 8
20230803 8
20230804 8
20230805 8
20230806 8
20230807 8
20230808 8
20230809 8
20230810 8
20230811 8
20230812 8
20230813 8
20230815 8
20230816 8
20230817 8
20230818 8
20230819 8
20230820 8
20230821 8
20230822 8
20230823 8
20230824 8
20230825 8
20230826 8
20230827 8
20230828 8
20230829 8
20230830 8
20230831 8
20230901 8
20230902 8
20230903 8
20230904 8
20230905 8
20230906 8
20230907 8
20230908 8
20230909 8
20230910 8
20230911 8
20230912 8
20230913 8
20230914 8
20230915 8
20230916 8
20230917 8
20230918 8
20230919 8
20230920 6
20230921 6
20230922 6
20230923 6
20230924 6
20230925 6
20230926 6
20230927 6
20230928 6
20230929 6
20230930 6
20231001 6
20231002 6
20231003 6
20231005 6
20231007 6
20231008 6
20231009 6
20231010 6
20231011 6
20231012 6
20231013 6
20231014 6
20231015 6
20231016 6
20231017 6
20231018 6
20231019 6
20231020 6
20231021 6
20231022 6
20231023 6
20231024 6
20231025 6
20231026 6
20231027 6
20231028 6
20231029 6
20231030 6
20231031 6
20231101 6
20231102 6
20231103 6
20231104 6
20231105 6
20231106 6
20231107 6
20231108 6
20231109 6
20231110 6
20231111 6
20231112 6
20231113 6
20231114 6
20231115 6
20231116 6
20231117 6
20231118 6
20231120 6
20231121 6
20231122 6
20231123 6
20231124 6
20231125 6
20231126 6
20231127 6
20231128 6
20231129 6
20231130 6
20231201 6
20231202 6
20231203 6
20231204 6
20231205 6
20231206 6
20231207 6
20231208 6
20231209 6
20231210 6
20231211 6
20231212 6
20231213 6
20231214 6
20231215 6
20231216 6
20231217 6
20231218 6
20231219 6
20231220 6
20231221 6
20231222 6
20231223 6
20231224 6
20231225 6
20231226 6
20231227 6
20231230 6
20231231 6
20240101 6
20240102 6
20240103 6
20240104 6
20240105 6
20240106 6
20240107 6
20240108 6
20240109 6
20240110 6
20240111 6
20240112 6
20240113 6
20240114 6
20240115 6
20240116 6
20240117 6
20240118 6
20240119 6
20240120 6
20240121 6
20240122 6
20240124 6
20240125 6
20240126 6
20240127 6
20240128 6
