20230707 433291
20230709 433192
20230710 433173
20230710 433192
20230711 433166
20230711 433192
20230712 433164
20230713 433153
20230714 433153
20230715 433160
20230716 433099
20230717 433041
20230718 433064
20230719 433136
20230720 433168
20230721 433273
20230722 433299
20230723 433267
20230724 433261
20230725 433291
20230726 433336
20230727 433347
20230728 433383
20230729 433389
20230730 433356
20230731 433335
20230801 433373
20230802 433451
20230803 433484
20230804 433552
20230805 433560
20230806 433526
20230807 433497
20230808 433546
20230809 433594
20230810 433677
20230811 433738
20230812 433795
20230813 433764
20230815 433862
20230816 433933
20230817 434014
20230818 434090
20230819 434173
20230820 434165
20230821 434171
20230822 434243
20230823 434300
20230824 434421
20230825 434491
20230826 434522
20230827 434488
20230828 434463
20230829 434535
20230830 434611
20230831 434675
20230901 434710
20230902 434732
20230903 434712
20230904 434682
20230905 434725
20230906 434797
20230907 434844
20230908 434933
20230909 434984
20230910 434943
20230911 434878
20230912 434905
20230913 435023
20230914 435097
20230915 435119
20230916 435192
20230917 435136
20230918 435079
20230919 435124
20230920 435190
20230921 435248
20230922 435326
20230923 435320
20230924 435279
20230925 435224
20230926 435240
20230927 435326
20230928 435367
20230929 435393
20230930 435068
20231001 434922
20231002 434802
20231003 434824
20231005 434935
