20230707 6339
20230709 6339
20230710 6340
20230711 6340
20230712 6340
20230713 6347
20230714 6350
20230715 6348
20230716 6347
20230717 6348
20230718 6351
20230719 6349
20230720 6351
20230721 6353
20230722 6358
20230723 6357
20230724 6358
20230725 6354
20230726 6350
20230727 6352
20230728 6355
20230729 6350
20230730 6347
20230731 6344
20230801 6352
20230802 6354
20230803 6352
20230804 6348
20230805 6339
20230806 6338
20230807 6337
20230808 6340
20230809 6344
20230810 6346
20230811 6348
20230812 6344
20230813 6345
20230815 6350
20230816 6353
20230817 6357
20230818 6356
20230819 6356
20230820 6353
20230821 6354
20230822 6356
20230823 6358
20230824 6360
20230825 6364
20230826 6365
20230827 6369
20230828 6367
20230829 6370
20230830 6370
