20230707 8370
20230709 8371
20230710 8366
20230711 8366
20230712 8364
20230713 8369
20230714 8361
20230715 8354
20230716 8349
20230717 8347
20230718 8350
20230719 8351
20230720 8351
20230721 8355
20230722 8356
20230723 8358
20230724 8358
20230725 8354
20230726 8352
20230727 8349
20230728 8338
20230729 8327
20230730 8323
20230731 8328
20230801 8327
20230802 8324
20230803 8328
20230804 8327
20230805 8329
20230806 8319
20230807 8317
20230808 8318
20230809 8327
20230810 8327
20230811 8331
20230812 8333
20230813 8334
20230815 8317
20230816 8321
20230817 8317
20230818 8327
20230819 8324
20230820 8320
20230821 8320
20230822 8324
20230823 8320
20230824 8322
20230825 8329
20230826 8337
20230827 8341
20230828 8344
20230829 8340
20230830 8341
20230831 8344
20230901 8340
20230902 8335
20230903 8331
20230904 8323
20230905 8316
20230906 8304
20230907 8314
20230908 8294
20230909 8284
20230910 8280
20230911 8269
20230912 8266
20230913 8260
20230914 8265
20230915 8258
20230916 8256
20230917 8247
20230918 8235
20230919 8233
20230920 7599
20230921 7595
20230922 7608
20230923 7615
20230924 7614
20230925 7615
20230926 7604
20230927 7602
20230928 7607
20230929 7615
20230930 7618
20231001 7617
20231002 7619
20231003 7619
20231005 7621
20231007 7620
20231008 7620
20231009 7614
20231010 7612
20231011 7615
20231012 7608
20231013 7607
20231014 7609
20231015 7607
