20230707 40665
20230709 40623
20230710 40577
20230711 40527
20230712 40495
20230713 40487
20230714 40463
20230715 40435
20230716 40394
20230717 40411
20230718 40370
20230719 40347
20230720 40327
20230721 40305
20230722 40278
20230723 40244
20230724 40214
20230725 40219
20230726 40199
20230727 40185
20230728 40164
20230729 40135
20230730 40105
20230731 40108
20230801 40116
20230802 40118
20230803 40095
20230804 40081
20230805 40072
20230806 40055
20230807 40042
20230808 40054
20230809 40059
20230810 40063
20230811 40065
20230812 40041
20230813 40022
20230815 39986
20230816 39979
20230817 39964
20230818 39942
20230819 39933
20230820 39894
20230821 39864
20230822 39865
20230823 39858
20230824 39841
20230825 39833
20230826 39824
20230827 39803
20230828 39779
20230829 39730
20230830 39716
20230831 39708
20230901 39683
20230902 39650
20230903 39621
20230904 39594
20230905 39567
20230906 39544
20230907 39524
20230908 39469
20230909 39462
20230910 39418
20230911 39367
20230912 39350
20230913 39319
20230914 39323
20230915 39341
20230916 39328
20230917 39326
20230918 39314
20230919 39312
20230920 36245
20230921 36228
20230922 36205
20230923 36192
20230924 36152
20230925 36101
20230926 36071
20230927 36057
20230928 36038
20230929 36013
20230930 35991
20231001 35951
20231002 35930
20231003 35918
20231005 35876
20231007 35825
20231008 35763
