20230707 49
20230919 49
20230920 48
20240624 48
20240626 48
20240627 48
20240628 48
20240629 48
20240630 48
20240701 48
20240702 48
20240703 48
20240704 48
20240705 48
20240706 48
20240707 48
20240708 48
20240709 48
20240710 48
20240711 48
20240712 48
20240713 48
20240714 48
20240715 48
20240716 48
20240717 48
20240718 48
20240719 48
20240720 48
20240721 48
20240722 48
20240723 48
20240724 48
20240725 48
20240726 48
20240727 48
20240728 48
20240729 48
20240730 48
20240731 48
20240801 48
20240802 48
20240803 48
20240804 48
20240805 48
20240806 48
20240807 48
20240808 48
20240809 48
20240810 48
20240811 48
20240812 48
20240813 48
20240814 48
20240815 48
20240816 48
20240817 48
20240818 48
20240819 48
20240820 48
