20230707 4467
20230709 4468
20230710 4467
20230711 4466
20230712 4464
20230714 4460
20230715 4447
20230716 4445
20230717 4447
20230718 4449
20230719 4447
20230720 4448
20230721 4450
20230722 4453
20230723 4452
20230724 4451
20230725 4451
20230726 4449
20230730 4449
20230731 4450
20230730 4449
20230801 4451
20230730 4449
20230802 4448
20230730 4449
20230803 4445
20230730 4449
20230804 4446
20230730 4449
20230805 4443
20230730 4449
20230806 4441
20230730 4449
20230807 4443
20230730 4449
20230808 4445
20230730 4449
20230809 4440
20230810 4440
20230811 4439
20230813 4439
20230815 4437
20230813 4439
20230816 4436
20230813 4439
20230817 4435
20230813 4439
20230818 4437
20230819 4437
20230820 4438
20230821 4437
20230819 4437
20230822 4436
20230823 4436
20230824 4434
20230823 4436
20230825 4435
20230826 4435
20230827 4436
20230828 4435
20230826 4435
20230829 4437
20230830 4437
20230831 4435
20230901 4435
20230902 4436
20230901 4435
20230903 4439
20230901 4435
20230904 4436
20230905 4436
20230906 4435
20230905 4436
20230907 4437
20230905 4436
20230908 4438
20230905 4436
20230909 4439
20230905 4436
20230910 4438
20230905 4436
20230911 4439
20230905 4436
20230912 4435
20230913 4436
20230905 4436
20230914 4435
20230915 4436
20230905 4436
20230916 4437
20230905 4436
20230917 4434
20230905 4436
20230918 4443
20230905 4436
20230919 4445
20230905 4436
20230920 4414
20230905 4436
20230921 4416
20230905 4436
20230922 4415
20230905 4436
20230923 4414
20230926 4414
20230927 4413
20230928 4413
20230929 4412
20230928 4413
20230930 4416
20231001 4416
20231002 4415
20231001 4416
20231003 4414
20231001 4416
20231005 4418
20231001 4416
20231007 4417
20231001 4416
20231008 4419
20231001 4416
20231009 4420
20231001 4416
20231010 4418
20231001 4416
20231011 4417
20231012 4416
20231001 4416
20231013 4415
20231014 4415
20231015 4416
20231014 4415
20231016 4419
20231014 4415
20231017 4418
20231014 4415
20231018 4417
20231014 4415
20231019 4416
20231014 4415
20231020 4421
20231014 4415
20231021 4420
20231014 4415
20231022 4422
20231023 4422
20231024 4421
20231023 4422
20231025 4420
20231026 4422
20231023 4422
20231027 4424
20231023 4422
20231028 4423
20231023 4422
20231029 4421
20231031 4421
20231101 4418
20231031 4421
20231102 4417
20231031 4421
20231103 4415
20231031 4421
20231104 4418
20231105 4421
20231031 4421
20231106 4420
20231031 4421
20231107 4422
20231108 4421
20231031 4421
20231109 4422
20231111 4422
20231112 4424
20231113 4422
20231115 4422
20231116 4424
20231115 4422
20231117 4423
20231115 4422
20231118 4424
20231115 4422
20231120 4421
20231115 4422
20231121 4418
20231115 4422
20231122 4416
20231123 4416
20231124 4418
20231123 4416
20231125 4419
20231123 4416
20231126 4417
20231127 4416
20231123 4416
20231128 4418
20231123 4416
20231129 4419
20231123 4416
20231130 4418
20231123 4416
20231201 4415
20231123 4416
20231202 4414
20231123 4416
20231203 4411
20231204 4411
20231205 4409
20231204 4411
20231206 4410
20231208 4410
20231209 4409
20231208 4410
20231210 4414
20231212 4414
20231213 4415
20231212 4414
20231214 4416
20231212 4414
20231215 4417
20231212 4414
20231216 4419
20231212 4414
20231217 4421
20231218 4421
20231219 4419
20231218 4421
20231220 4414
20231218 4421
20231221 4408
20231222 4408
20231223 4409
20231224 4409
20231225 4408
20231224 4409
20231226 4403
20231227 4409
20231224 4409
20231230 4408
20231231 4408
20240101 4405
20231231 4408
20240102 4400
20231231 4408
20240103 4389
20231231 4408
20240104 4369
20231231 4408
20240105 4353
20231231 4408
20240106 4380
20231231 4408
20240107 4379
20231231 4408
20240108 4366
20231231 4408
20240109 4332
20231231 4408
20240110 4339
20231231 4408
20240111 4387
20231231 4408
20240112 4353
20231231 4408
20240113 4348
20231231 4408
20240114 4361
20231231 4408
20240115 4346
20231231 4408
20240116 4347
20231231 4408
20240117 4371
20231231 4408
20240118 4386
20240119 4386
20240120 4391
20240119 4386
20240121 4393
20240119 4386
20240122 4404
20240119 4386
20240124 4418
20240119 4386
20240125 4428
20240119 4386
20240126 4446
20240119 4386
20240127 4464
20240119 4386
20240128 4466
20240119 4386
20240129 4465
20240119 4386
20240130 4462
20240131 4462
20240201 4441
20240131 4462
20240202 4399
20240131 4462
20240203 4373
20240131 4462
20240204 4315
20240131 4462
20240205 4240
20240131 4462
20240206 4172
20240131 4462
20240207 4092
20240131 4462
20240208 4012
20240131 4462
20240209 3924
20240131 4462
20240210 3825
20240131 4462
20240211 3762
20240131 4462
20240212 3668
20240131 4462
20240213 3551
20240131 4462
20240214 3475
20240131 4462
20240215 3368
20240131 4462
20240216 3337
20240131 4462
20240217 3223
20240131 4462
20240218 3182
20240131 4462
20240219 3214
20240131 4462
20240220 3149
20240131 4462
20240221 3115
20240131 4462
20240222 3060
20240131 4462
20240223 3037
20240131 4462
20240224 3008
20240131 4462
20240225 3017
20240131 4462
20240226 2986
20240131 4462
20240227 2978
20240131 4462
20240228 2997
20240131 4462
20240229 2954
20240131 4462
20240301 2900
20240131 4462
20240302 2923
20240131 4462
20240303 2941
20240131 4462
20240304 2929
20240131 4462
20240305 2922
20240131 4462
20240306 2938
20240131 4462
20240307 2986
20240131 4462
20240308 2995
20240131 4462
20240309 3006
20240131 4462
20240310 2994
20240131 4462
20240311 3008
20240131 4462
20240312 3012
20240131 4462
20240313 3016
20240131 4462
20240314 2999
20240131 4462
20240315 2973
20240131 4462
20240316 2939
20240131 4462
20240317 2888
20240131 4462
20240318 2840
20240131 4462
20240319 2798
20240131 4462
20240320 2739
20240131 4462
20240321 2685
20240131 4462
20240322 2674
20240131 4462
20240323 2630
20240131 4462
20240324 2581
20240131 4462
20240325 2547
20240131 4462
20240326 2515
20240131 4462
20240327 2483
20240131 4462
20240328 2471
20240131 4462
20240329 2429
20240131 4462
20240330 2414
20240131 4462
20240331 2403
20240131 4462
20240401 2373
20240131 4462
20240402 2304
20240131 4462
20240403 2222
20240131 4462
20240404 2189
20240131 4462
20240405 2149
20240131 4462
20240406 2050
20240131 4462
20240407 2010
20240131 4462
20240408 1985
20240131 4462
20240409 1974
20240131 4462
20240410 1959
20240131 4462
20240411 1939
20240131 4462
20240412 1934
20240413 1934
20240415 1933
20240416 1934
20240413 1934
20240417 1931
20240413 1934
20240418 1927
20240413 1934
20240419 1929
20240420 1929
20240421 1931
20240420 1929
20240422 1933
20240420 1929
20240423 1935
20240420 1929
20240424 1926
20240420 1929
20240425 1920
20240420 1929
20240426 1917
20240420 1929
20240427 1915
20240429 1915
20240430 1917
20240429 1915
20240501 1914
20240429 1915
20240503 1908
20240504 1908
20240505 1909
20240506 1908
20240504 1908
20240507 1910
20240508 1910
20240509 1909
20240508 1910
20240510 1912
20240511 1912
20240512 1913
20240513 1912
20240511 1912
20240514 1900
20240511 1912
20240515 1901
20240511 1912
20240516 1903
20240511 1912
20240517 1902
20240511 1912
20240518 1905
20240511 1912
20240519 1907
20240520 1907
20240521 1906
20240520 1907
20240522 1903
20240520 1907
20240523 1901
20240520 1907
20240524 1904
20240520 1907
20240525 1901
20240520 1907
20240526 1897
20240520 1907
20240527 1900
20240520 1907
20240528 1904
20240520 1907
20240529 1903
20240520 1907
20240530 1904
20240520 1907
20240531 1905
20240520 1907
20240601 1906
20240602 1907
20240520 1907
20240603 1905
20240605 1905
20240606 1904
20240605 1905
20240609 1903
20240605 1905
20240611 1896
20240605 1905
20240612 1897
20240613 1897
20240614 1894
20240613 1897
20240615 1893
20240613 1897
20240616 1891
20240613 1897
20240617 1890
20240613 1897
20240618 1893
20240613 1897
20240620 1896
20240623 1896
20240624 1893
20240626 1896
20240623 1896
20240627 1897
20240628 1896
20240623 1896
20240629 1895
20240623 1896
20240630 1893
20240623 1896
20240701 1892
20240623 1896
20240702 1889
20240623 1896
20240703 1888
20240623 1896
20240704 1887
20240623 1896
20240705 1885
20240623 1896
20240706 1884
20240623 1896
20240707 1883
20240623 1896
20240708 1884
20240623 1896
20240709 1887
20240623 1896
20240710 1886
20240712 1886
20240713 1887
20240714 1887
20240715 1882
20240714 1887
20240716 1883
20240714 1887
20240717 1886
20240718 1887
20240714 1887
20240719 1884
20240720 1884
20240721 1883
20240720 1884
20240722 1878
20240720 1884
20240723 1880
20240724 1880
20240725 1876
20240724 1880
20240726 1877
20240724 1880
20240727 1875
20240724 1880
20240728 1874
20240724 1880
20240729 1873
20240724 1880
20240730 1872
20240724 1880
20240731 1874
20240724 1880
20240801 1873
20240724 1880
20240802 1872
20240724 1880
20240803 1870
20240724 1880
20240804 1869
20240805 1869
20240806 1867
20240808 1867
20240809 1868
20240810 1868
20240811 1869
20240812 1868
20240810 1868
20240813 1866
20240810 1868
20240814 1867
20240810 1868
20240815 1865
20240810 1868
20240816 1863
20240817 1863
20240818 1861
20240817 1863
20240819 1862
20240820 1862
20240821 1861
20240822 1862
20240820 1862
20240823 1864
20240825 1864
20240826 1865
20240828 1865
20240829 1863
20240828 1865
20240830 1862
20240828 1865
20240831 1861
20240828 1865
20240901 1860
20240902 1860
20240903 1861
20240904 1860
20240905 1860
20240906 1861
20240905 1860
20240907 1862
20240908 1862
20240909 1863
20240910 1863
20240911 1864
20240910 1863
20240912 1862
20240910 1863
20240913 1860
20240914 1860
20240915 1859
20240917 1859
20240918 1857
20240919 1857
20240920 1858
20240919 1857
20240921 1856
20240921 1857
20240919 1857
20240922 1856
20240919 1857
20240925 1854
20240919 1857
20240926 1852
20240919 1857
20240927 1851
20240919 1857
20240928 1850
20240919 1857
20240929 1848
20240919 1857
20240930 1847
20240919 1857
20241001 1845
20241001 1845
