20230707 6396
20230709 6395
20230710 6397
20230711 6399
20230712 6380
20230713 6383
20230714 6384
20230715 6386
20230716 6390
20230717 6394
20230718 6399
20230719 6399
20230720 6405
20230719 6399
20230721 6411
20230719 6399
20230722 6418
20230719 6399
20230723 6422
20230719 6399
20230724 6412
20230719 6399
20230725 6416
20230726 6416
20230727 6418
20230726 6416
20230728 6422
20230729 6416
20230726 6416
20230730 6419
20230726 6416
20230731 6413
20230726 6416
20230801 6414
20230726 6416
20230802 6413
20230726 6416
20230803 6391
20230804 6391
20230805 6393
20230804 6391
20230806 6401
20230804 6391
20230807 6403
20230804 6391
20230808 6408
20230809 6391
20230804 6391
20230810 6388
20230804 6391
20230811 6396
20230804 6391
20230812 6397
20230804 6391
20230813 6393
20230815 6391
20230804 6391
20230816 6392
20230804 6391
20230817 6393
20230819 6393
20230820 6400
20230819 6393
20230821 6403
20230822 6403
20230823 6399
20230822 6403
20230824 6388
20230822 6403
20230825 6385
20230822 6403
20230826 6384
20230822 6403
20230827 6382
20230828 6382
20230829 6377
20230828 6382
20230830 6378
20230831 6378
20230901 6380
20230831 6378
20230902 6385
20230831 6378
20230903 6390
20230831 6378
20230904 6389
20230831 6378
20230905 6386
20230831 6378
20230906 6389
20230831 6378
20230907 6377
20230831 6378
20230908 6382
20230831 6378
20230909 6383
20230831 6378
20230910 6382
20230831 6378
20230911 6376
20230831 6378
20230912 6368
20230831 6378
20230913 6363
20230831 6378
20230914 6358
20230831 6378
20230915 6360
20230831 6378
20230916 6363
20230831 6378
20230917 6364
20230831 6378
20230918 6365
20230831 6378
20230919 6362
20230831 6378
20230920 5620
20230831 6378
20230921 5621
20230831 6378
20230922 5625
20230831 6378
20230923 5624
20230924 5624
20230925 5623
20230924 5624
20230926 5619
20230924 5624
20230927 5618
20230930 5618
20231001 5620
20230930 5618
20231002 5622
20230930 5618
20231003 5623
20230930 5618
20231005 5627
20230930 5618
20231007 5628
20230930 5618
20231008 5625
20231010 5625
20231011 5624
20231010 5625
20231012 5626
20231013 5626
20231014 5623
20231013 5626
20231015 5625
20231013 5626
20231016 5624
20231013 5626
20231017 5625
20231018 5625
20231019 5618
20231018 5625
20231020 5619
20231021 5619
20231022 5616
20231023 5619
20231021 5619
20231024 5618
20231021 5619
20231025 5624
20231021 5619
20231026 5625
20231021 5619
20231027 5626
20231028 5626
20231029 5622
20231028 5626
20231030 5618
20231028 5626
20231031 5620
20231028 5626
20231101 5616
20231028 5626
20231102 5618
20231028 5626
20231103 5615
20231028 5626
20231104 5612
20231028 5626
20231105 5608
20231028 5626
20231106 5607
20231028 5626
20231107 5611
20231028 5626
20231108 5612
20231028 5626
20231109 5610
20231028 5626
20231110 5611
20231113 5611
20231114 5610
20231115 5610
20231116 5605
20231117 5610
20231115 5610
20231118 5612
20231115 5610
20231120 5613
20231115 5610
20231121 5615
20231115 5610
20231122 5611
20231115 5610
20231123 5612
20231115 5610
20231124 5607
20231125 5610
20231115 5610
20231126 5609
20231127 5609
20231128 5610
20231127 5609
20231129 5674
20231130 5674
20231201 5676
20231130 5674
20231202 5671
20231130 5674
20231203 5665
20231130 5674
20231204 5663
20231130 5674
20231205 5665
20231206 5665
20231207 5669
20231208 5665
20231206 5665
20231209 5669
20231206 5665
20231210 5689
20231206 5665
20231211 5687
20231206 5665
20231212 5689
20231206 5665
20231213 5714
20231206 5665
20231214 5713
20231206 5665
20231215 5714
20231217 5714
20231218 5702
20231217 5714
20231219 5704
20231217 5714
20231220 5706
20231217 5714
20231221 5705
20231217 5714
20231222 5710
20231223 5710
20231224 5707
20231223 5710
20231225 5703
20231223 5710
20231226 5699
20231223 5710
20231227 5698
20231223 5710
20231230 5715
20231223 5710
20231231 5714
20231223 5710
20240101 5707
20231223 5710
20240102 5708
20240103 5708
20240104 5705
20240103 5708
20240105 5711
20240103 5708
20240106 5710
20240107 5710
20240108 5713
20240107 5710
20240109 5715
20240110 5710
20240111 5710
20240112 5714
20240111 5710
20240113 5713
20240114 5710
20240111 5710
20240115 5713
20240111 5710
20240116 5716
20240111 5710
20240117 5717
20240111 5710
20240118 5719
20240111 5710
20240119 5717
20240111 5710
20240120 5719
20240111 5710
20240121 5717
20240111 5710
20240122 5715
20240111 5710
20240124 5709
20240111 5710
20240125 5708
20240126 5710
20240111 5710
20240127 5708
20240129 5708
20240130 5709
20240129 5708
20240131 5712
20240129 5708
20240201 5716
20240129 5708
20240202 5718
20240129 5708
20240203 5720
20240204 5720
20240205 5722
20240204 5720
20240206 5721
20240204 5720
20240207 5731
20240204 5720
20240208 5735
20240209 5735
20240210 5738
20240209 5735
20240211 5739
20240209 5735
20240212 5740
20240209 5735
20240213 5739
20240209 5735
20240214 5737
20240215 5737
20240216 5735
20240215 5737
20240217 5733
20240215 5737
20240218 5736
20240215 5737
20240219 5739
20240215 5737
20240220 5741
20240222 5741
20240223 5743
20240222 5741
20240224 5734
20240222 5741
20240225 5731
20240222 5741
20240226 5728
20240227 5728
20240228 5730
20240227 5728
20240229 5737
20240227 5728
20240301 5738
20240227 5728
20240302 5736
20240227 5728
20240303 5733
20240227 5728
20240304 5735
20240227 5728
20240305 5731
20240306 5728
20240227 5728
20240307 5727
20240308 5728
20240227 5728
20240309 5731
20240227 5728
20240310 5730
20240227 5728
20240311 5727
20240227 5728
20240312 5725
20240227 5728
20240313 5726
20240314 5726
20240315 5730
20240314 5726
20240316 5732
20240314 5726
20240317 5727
20240318 5727
20240319 5726
20240318 5727
20240320 5725
20240321 5727
20240322 5727
20240323 5723
20240322 5727
20240324 5719
20240322 5727
20240325 5724
20240326 5724
20240327 5718
20240326 5724
20240328 5723
20240326 5724
20240329 5721
20240326 5724
20240330 5717
20240326 5724
20240331 5716
20240326 5724
20240401 5721
20240326 5724
20240402 5726
20240326 5724
20240403 5730
20240326 5724
20240404 5725
20240326 5724
20240405 5726
20240406 5724
20240326 5724
20240407 5725
20240408 5724
20240326 5724
20240409 5722
20240326 5724
20240410 5720
20240326 5724
20240411 5725
20240326 5724
20240412 5720
20240326 5724
20240413 5715
20240326 5724
20240415 5700
20240326 5724
20240416 5699
20240326 5724
20240417 5704
20240326 5724
20240418 5700
20240326 5724
20240419 5703
20240326 5724
20240420 5704
20240326 5724
20240421 5697
20240326 5724
20240422 5690
20240326 5724
20240423 5684
20240425 5684
20240426 5676
20240425 5684
20240427 5674
20240425 5684
20240428 5675
20240425 5684
20240429 5669
20240425 5684
20240430 5668
20240425 5684
20240501 5669
20240425 5684
20240503 5665
20240425 5684
20240504 5659
20240425 5684
20240505 5663
20240425 5684
20240506 5665
20240425 5684
20240507 5669
20240425 5684
20240508 5668
20240425 5684
20240509 5667
20240425 5684
20240510 5673
20240425 5684
20240511 5682
20240425 5684
20240512 5685
20240425 5684
20240513 5682
20240514 5684
20240425 5684
20240515 5686
20240425 5684
20240516 5683
20240517 5683
20240518 5685
20240517 5683
20240519 5684
20240520 5684
20240521 5680
20240520 5684
20240522 5689
20240520 5684
20240523 5686
20240520 5684
20240524 5681
20240525 5684
20240520 5684
20240526 5681
20240527 5684
20240520 5684
20240528 5683
20240529 5684
20240520 5684
20240530 5683
20240520 5684
20240531 5679
20240601 5679
20240602 5674
20240603 5674
20240604 5671
20240603 5674
20240605 5664
20240606 5664
20240609 5658
20240606 5664
20240611 5653
20240613 5653
20240614 5654
20240613 5653
20240615 5650
20240613 5653
20240616 5644
20240617 5644
20240618 5635
20240617 5644
20240620 5633
20240617 5644
20240621 5634
20240617 5644
20240622 5637
20240617 5644
20240623 5639
20240617 5644
20240624 5638
20240626 5644
20240617 5644
20240627 5645
20240617 5644
20240628 5646
20240617 5644
20240629 5645
20240617 5644
20240630 5643
20240617 5644
20240701 5641
20240617 5644
20240702 5636
20240617 5644
20240703 5643
20240617 5644
20240704 5640
20240617 5644
20240705 5635
20240706 5635
20240707 5633
20240706 5635
20240708 5631
20240706 5635
20240709 5630
20240706 5635
20240710 5631
20240711 5635
20240706 5635
20240712 5639
20240713 5639
20240714 5641
20240713 5639
20240715 5628
20240716 5628
20240717 5635
20240716 5628
20240718 5636
20240716 5628
20240719 5638
20240716 5628
20240720 5636
20240716 5628
20240721 5637
20240716 5628
20240722 5636
20240716 5628
20240723 5633
20240725 5633
20240726 5637
20240725 5633
20240727 5638
20240725 5633
20240728 5631
20240725 5633
20240729 5632
20240725 5633
20240730 5628
20240725 5633
20240731 5634
20240725 5633
20240801 5635
20240725 5633
20240802 5637
20240725 5633
20240803 5640
20240725 5633
20240804 5637
20240725 5633
20240805 5635
20240725 5633
20240806 5634
20240725 5633
20240807 5629
20240808 5633
20240725 5633
20240809 5642
20240725 5633
20240810 5643
20240725 5633
20240811 5642
20240725 5633
20240812 5636
20240813 5636
20240814 5635
20240813 5636
20240815 5629
20240813 5636
20240816 5623
20240813 5636
20240817 5625
20240813 5636
20240818 5627
20240813 5636
20240819 5624
20240813 5636
20240820 5622
20240813 5636
20240821 5624
20240813 5636
20240822 5629
20240813 5636
20240823 5623
20240813 5636
20240824 5621
20240813 5636
20240825 5619
20240813 5636
20240826 5615
20240813 5636
20240827 5617
20240813 5636
20240828 5618
20240813 5636
20240829 5620
20240813 5636
20240830 5616
20240813 5636
20240831 5617
20240813 5636
20240901 5618
20240813 5636
20240902 5623
20240813 5636
20240903 5618
20240813 5636
20240904 5624
20240813 5636
20240905 5622
20240813 5636
20240906 5626
20240907 5626
20240908 5629
20240907 5626
20240909 5622
20240907 5626
20240910 5624
20240911 5626
20240907 5626
20240912 5631
20240913 5631
20240914 5634
20240915 5634
20240916 5626
20240915 5634
20240917 5623
20240915 5634
20240918 5629
20240915 5634
20240919 5632
20240915 5634
20240920 5633
20240915 5634
20240921 5630
20240915 5634
20240921 5633
20240915 5634
20240922 5630
20240915 5634
20240925 5625
20240915 5634
20240926 5626
20240915 5634
20240927 5627
20240915 5634
20240928 5624
20240915 5634
20240929 5627
20240915 5634
20240930 5622
20240930 5622
