20230707 39766
20230709 39765
20230710 39735
20230711 39713
20230712 39724
20230713 39719
20230714 39682
20230715 39663
20230716 39643
20230717 39598
20230718 39597
20230719 39614
20230720 39616
20230721 39493
20230722 39485
20230723 39488
20230724 39454
20230725 39435
20230726 39408
20230727 39391
20230728 39375
20230729 39324
20230730 39314
20230731 39313
20230801 39303
20230802 39257
20230803 39279
20230804 39265
20230805 39285
20230806 39280
20230807 39283
20230808 39297
20230809 39366
20230810 39406
20230811 39393
20230812 39404
20230813 39357
20230815 39354
20230816 39347
20230817 39346
20230818 39341
20230819 39335
20230820 39359
20230821 39340
20230822 39326
20230823 39306
20230824 39312
20230825 39301
20230826 39299
20230827 39225
20230828 39174
20230829 39148
20230830 39101
20230831 39095
20230901 39099
20230902 39065
20230903 39013
20230904 38931
20230905 38922
20230906 38886
20230907 38860
20230908 38845
20230909 38841
20230910 38841
20230911 38819
20230910 38841
20230912 38825
20230910 38841
20230913 38809
20230910 38841
20230914 38836
20230910 38841
20230915 38724
20230910 38841
20230916 38679
20230910 38841
20230917 38641
20230910 38841
20230918 38617
20230910 38841
20230919 38599
20230910 38841
20230920 38260
20230910 38841
20230921 38280
20230910 38841
20230922 38266
20230910 38841
20230923 38258
20230910 38841
20230924 38184
20230910 38841
20230925 38158
20230910 38841
20230926 38162
20230910 38841
20230927 38185
20230910 38841
20230928 38160
20230910 38841
20230929 36403
20230910 38841
20230930 36328
20230910 38841
20231001 36202
20230910 38841
20231002 36188
20230910 38841
20231003 36184
20230910 38841
20231005 36152
20230910 38841
20231007 36166
20230910 38841
20231008 35426
20230910 38841
20231009 35404
20230910 38841
20231010 35423
20230910 38841
20231011 35424
20230910 38841
20231012 35406
20230910 38841
20231013 35399
20230910 38841
20231014 37853
20230910 38841
20231015 37808
20230910 38841
20231016 37767
20230910 38841
20231017 37772
20230910 38841
20231018 37714
20230910 38841
20231019 37719
20230910 38841
20231020 37709
20230910 38841
20231021 37706
20230910 38841
20231022 37656
20230910 38841
20231023 37545
20230910 38841
20231024 37564
20230910 38841
20231025 37571
20230910 38841
20231026 37576
20230910 38841
20231027 37580
20230910 38841
20231028 37578
20230910 38841
20231029 37587
20231030 37587
20231031 37586
20231030 37587
20231101 37541
20231030 37587
20231102 37549
20231030 37587
20231103 37530
20231030 37587
20231104 37546
20231030 37587
20231105 37525
20231030 37587
20231106 36836
20231030 37587
20231107 36867
20231030 37587
20231108 36887
20231030 37587
20231109 36868
20231030 37587
20231110 36820
20231030 37587
20231111 36730
20231030 37587
20231112 36732
20231030 37587
20231113 36728
20231030 37587
20231114 36725
20231030 37587
20231115 36723
20231030 37587
20231116 36707
20231030 37587
20231117 36690
20231030 37587
20231118 36708
20231030 37587
20231120 36706
20231030 37587
20231121 36691
20231030 37587
20231122 36676
20231030 37587
20231123 36678
20231030 37587
20231124 36644
20231030 37587
20231125 36636
20231030 37587
20231126 36554
20231030 37587
20231127 36543
20231030 37587
20231128 36539
20231030 37587
20231129 36476
20231030 37587
20231130 36468
20231030 37587
20231201 36476
20231030 37587
20231202 36362
20231030 37587
20231203 36346
20231030 37587
20231204 36344
20231030 37587
20231205 36273
20231030 37587
20231206 36267
20231030 37587
20231207 36257
20231030 37587
20231208 36240
20231030 37587
20231209 36032
20231030 37587
20231210 36038
20231030 37587
20231211 36024
20231030 37587
20231212 35987
20231030 37587
20231213 36017
20231030 37587
20231214 36011
20231030 37587
20231215 36012
20231030 37587
20231216 35904
20231030 37587
20231217 35873
20231030 37587
20231218 35866
20231030 37587
20231219 35871
20231030 37587
20231220 35483
20231030 37587
20231221 35487
20231030 37587
20231222 35503
20231030 37587
20231223 35434
20231030 37587
20231224 35302
20231030 37587
20231225 35301
20231030 37587
20231226 35275
20231030 37587
20231227 35172
20231030 37587
20231230 35105
20231030 37587
20231231 34989
20231030 37587
20240101 34998
20231030 37587
20240102 34994
20231030 37587
20240103 34983
20231030 37587
20240104 34698
20231030 37587
20240105 34710
20231030 37587
20240106 34722
20231030 37587
20240107 34726
20231030 37587
20240108 34537
20231030 37587
20240109 34588
20231030 37587
20240110 34612
20231030 37587
20240111 34627
20231030 37587
20240112 34647
20231030 37587
20240113 34661
20231030 37587
20240114 34660
20231030 37587
20240115 34574
20231030 37587
20240116 34568
20231030 37587
20240117 34403
20231030 37587
20240118 34408
20231030 37587
20240119 34427
20231030 37587
20240120 34431
20231030 37587
20240121 34412
20231030 37587
20240122 34422
20231030 37587
20240124 34390
20231030 37587
20240125 34306
20231030 37587
20240126 34315
20240127 34315
20240128 34294
20240127 34315
20240129 34254
20240127 34315
20240130 34152
20240127 34315
20240131 34061
20240127 34315
20240201 34038
20240127 34315
20240202 34034
20240127 34315
20240203 34044
20240127 34315
20240204 34012
20240127 34315
20240205 34011
20240127 34315
20240206 33904
20240127 34315
20240207 33891
20240127 34315
20240208 33908
20240127 34315
20240209 33934
20240127 34315
20240210 33919
20240127 34315
20240211 33879
20240127 34315
20240212 33884
20240127 34315
20240213 33894
20240127 34315
20240214 33864
20240127 34315
20240215 33844
20240127 34315
20240216 33859
20240127 34315
20240217 33868
20240127 34315
20240218 33686
20240127 34315
20240219 33682
20240127 34315
20240220 33698
20240127 34315
20240221 33655
20240127 34315
20240222 33698
20240127 34315
20240223 33657
20240127 34315
20240224 33673
20240127 34315
20240225 33686
20240127 34315
20240226 33696
20240127 34315
20240227 33706
20240127 34315
20240228 33743
20240127 34315
20240229 33753
20240127 34315
20240301 33784
20240302 33784
20240303 33793
20240302 33784
20240304 33759
20240302 33784
20240305 33761
20240302 33784
20240306 33781
20240302 33784
20240307 33767
20240302 33784
20240308 33781
20240302 33784
20240309 33747
20240302 33784
20240310 33746
20240302 33784
20240311 33755
20240302 33784
20240312 33781
20240302 33784
20240313 33814
20240302 33784
20240314 33835
20240302 33784
20240315 33846
20240302 33784
20240316 33858
20240302 33784
20240317 33845
20240302 33784
20240318 33834
20240302 33784
20240319 33868
20240302 33784
20240320 33861
20240302 33784
20240321 33785
20240302 33784
20240322 33801
20240302 33784
20240323 33816
20240302 33784
20240324 33807
20240302 33784
20240325 33785
20240302 33784
20240326 33807
20240302 33784
20240327 33863
20240302 33784
20240328 33924
20240302 33784
20240329 33954
20240302 33784
20240330 33961
20240302 33784
20240331 33995
20240302 33784
20240401 34011
20240302 33784
20240402 34027
20240302 33784
20240403 34044
20240302 33784
20240404 34086
20240302 33784
20240405 34117
20240302 33784
20240406 34133
20240302 33784
20240407 34138
20240302 33784
20240408 34163
20240302 33784
20240409 34175
20240302 33784
20240410 34135
20240302 33784
20240411 34171
20240302 33784
20240412 34230
20240302 33784
20240413 34262
20240302 33784
20240415 34298
20240302 33784
20240416 34316
20240302 33784
20240417 34333
20240302 33784
20240418 34350
20240302 33784
20240419 34363
20240302 33784
20240420 34375
20240302 33784
20240421 34386
20240302 33784
20240422 34347
20240302 33784
20240423 34335
20240302 33784
20240424 34365
20240302 33784
20240425 34373
20240302 33784
20240426 34358
20240427 34358
20240428 34354
20240427 34358
20240429 34362
20240427 34358
20240430 34364
20240427 34358
20240501 34367
20240427 34358
20240503 34390
20240427 34358
20240504 34386
20240427 34358
20240505 34359
20240427 34358
20240506 34348
20240427 34358
20240507 34360
20240508 34360
20240509 34392
20240508 34360
20240510 34399
20240508 34360
20240511 34421
20240508 34360
20240512 34402
20240508 34360
20240513 34411
20240508 34360
20240514 34399
20240508 34360
20240515 34392
20240508 34360
20240516 34405
20240508 34360
20240517 34431
20240508 34360
20240518 34439
20240508 34360
20240519 34458
20240508 34360
20240520 34465
20240508 34360
20240521 34485
20240508 34360
20240522 34457
20240508 34360
20240523 34476
20240508 34360
20240524 34482
20240508 34360
20240525 34449
20240508 34360
20240526 34448
20240508 34360
20240527 34455
20240508 34360
20240528 34470
20240508 34360
20240529 34479
20240508 34360
20240530 34492
20240508 34360
20240531 34512
20240508 34360
20240601 34519
20240508 34360
20240602 34504
20240508 34360
20240603 34524
20240508 34360
20240604 34541
20240508 34360
20240605 34575
20240508 34360
20240606 34602
20240508 34360
20240609 34825
20240508 34360
20240611 34848
20240508 34360
20240612 34872
20240613 34872
20240614 34902
20240613 34872
20240615 34917
20240613 34872
20240616 34912
20240613 34872
20240617 34906
20240613 34872
20240618 34936
20240613 34872
20240620 34996
20240613 34872
20240621 35013
20240613 34872
20240622 35017
20240613 34872
20240623 34989
20240613 34872
20240624 34993
20240613 34872
20240626 35053
20240627 35053
20240628 35085
20240627 35053
20240629 35116
20240627 35053
20240630 35091
20240627 35053
20240701 35119
20240627 35053
20240702 35141
20240627 35053
20240703 35138
20240627 35053
20240704 35186
20240627 35053
20240705 35262
20240627 35053
20240706 35296
20240627 35053
20240707 35320
20240627 35053
20240708 35339
20240627 35053
20240709 35378
20240627 35053
20240710 35383
20240627 35053
20240711 35438
20240627 35053
20240712 35461
20240627 35053
20240713 35483
20240627 35053
20240714 35501
20240627 35053
20240715 35503
20240627 35053
20240716 35498
20240627 35053
20240717 35531
20240627 35053
20240718 35485
20240627 35053
20240719 35510
20240627 35053
20240720 35533
20240627 35053
20240721 35527
20240627 35053
20240722 35534
20240627 35053
20240723 35556
20240724 35556
20240725 35603
20240724 35556
20240726 35519
20240724 35556
20240727 35592
20240724 35556
20240728 35593
20240724 35556
20240729 35612
20240730 35612
20240731 35630
20240730 35612
20240801 35671
20240730 35612
20240802 35714
20240730 35612
20240803 35741
20240730 35612
20240804 35755
20240730 35612
20240805 35758
20240730 35612
20240806 35773
20240730 35612
20240807 35798
20240730 35612
20240808 35819
20240730 35612
20240809 35889
20240730 35612
20240810 35915
20240730 35612
20240811 35917
20240730 35612
20240812 35912
20240730 35612
20240813 35927
20240730 35612
20240814 35926
20240730 35612
20240815 35894
20240730 35612
20240816 35905
20240730 35612
20240817 35928
20240730 35612
20240818 35935
20240730 35612
20240819 35924
20240730 35612
20240820 35932
20240730 35612
20240821 35908
20240730 35612
20240822 35682
20240730 35612
20240823 35680
20240730 35612
20240824 35712
20240730 35612
20240825 35767
20240730 35612
20240826 35804
20240730 35612
20240827 35850
20240730 35612
20240828 35872
20240730 35612
20240829 35905
20240730 35612
20240830 35925
20240730 35612
20240831 35987
20240730 35612
20240901 36003
20240730 35612
20240902 36007
20240730 35612
20240903 36036
20240730 35612
20240904 36055
20240730 35612
20240905 36085
20240730 35612
20240906 36117
20240730 35612
20240907 36120
20240730 35612
20240908 36129
20240909 36129
20240910 36185
20240909 36129
20240911 36223
20240909 36129
20240912 36251
20240909 36129
20240913 36280
20240909 36129
20240914 36336
20240909 36129
20240915 36332
20240909 36129
20240916 36312
20240909 36129
20240917 36321
20240909 36129
20240918 36335
20240909 36129
20240919 36345
20240909 36129
20240920 36359
20240909 36129
20240921 36327
20240909 36129
20240921 36361
20240922 36361
20240925 36398
20240922 36361
20240926 36431
20240922 36361
20240927 36467
20240922 36361
20240928 36495
20240922 36361
20240929 34820
20240922 36361
20240930 34856
20240930 34856
