20230707 13866
20230709 13863
20230710 13861
20230711 13861
20230712 13864
20230711 13861
20230714 13853
20230711 13861
20230715 13846
20230711 13861
20230716 13844
20230711 13861
20230717 13834
20230711 13861
20230718 13837
20230711 13861
20230719 13838
20230711 13861
20230720 13836
20230711 13861
20230721 13833
20230711 13861
20230722 13827
20230711 13861
20230723 13825
20230711 13861
20230724 13814
20230711 13861
20230725 13809
20230711 13861
20230726 13817
20230711 13861
20230727 13832
20230711 13861
20230728 13826
20230711 13861
20230729 13829
20230711 13861
20230730 13828
20230711 13861
20230731 13834
20230711 13861
20230801 13840
20230711 13861
20230802 13846
20230711 13861
20230803 13852
20230711 13861
20230804 13849
20230711 13861
20230805 13857
20230711 13861
20230806 13856
20230711 13861
20230807 13857
20230711 13861
20230808 13855
20230711 13861
20230809 13858
20230711 13861
20230810 13860
20230711 13861
20230811 13864
20230711 13861
20230812 13867
20230711 13861
20230813 13862
20230711 13861
20230815 13870
20230711 13861
20230816 13877
20230817 13877
20230818 13878
20230817 13877
20230819 13875
20230817 13877
20230820 13870
20230817 13877
20230821 13872
20230817 13877
20230822 13879
20230817 13877
20230823 13881
20230817 13877
20230824 13875
20230817 13877
20230825 13868
20230817 13877
20230826 13871
20230817 13877
20230827 13865
20230817 13877
20230828 13854
20230817 13877
20230829 13851
20230817 13877
20230830 13864
20230817 13877
20230831 13860
20230817 13877
20230901 13862
20230817 13877
20230902 13857
20230817 13877
20230903 13856
20230817 13877
20230904 13855
20230817 13877
20230905 13860
20230817 13877
20230906 13859
20230817 13877
20230907 13850
20230817 13877
20230908 13839
20230909 13839
20230910 13843
20230911 13839
20230909 13839
20230912 13836
20230909 13839
20230913 13840
20230909 13839
20230914 13841
20230909 13839
20230915 13837
20230909 13839
20230916 13825
20230909 13839
20230917 13813
20230909 13839
20230918 13822
20230909 13839
20230919 13828
20230909 13839
20230920 12672
20230909 13839
20230921 12679
20230922 12679
20230923 12674
20230922 12679
20230924 12667
20230922 12679
20230925 12663
20230922 12679
20230926 12658
20230922 12679
20230927 12656
20230922 12679
20230928 12661
20230922 12679
20230929 12653
20230922 12679
20230930 12651
20230922 12679
20231001 12648
20230922 12679
20231002 12638
20230922 12679
20231003 12643
20230922 12679
20231005 12634
20230922 12679
20231007 12621
20230922 12679
20231008 12614
20230922 12679
20231009 12613
20231011 12613
20231012 12617
20231011 12613
20231013 12623
20231011 12613
20231014 12630
20231011 12613
20231015 12624
20231011 12613
20231016 12622
20231011 12613
20231017 12617
20231011 12613
20231018 12609
20231011 12613
20231019 12614
20231011 12613
20231020 12628
20231011 12613
20231021 12622
20231022 12613
20231011 12613
20231023 12601
20231011 12613
20231024 12600
20231011 12613
20231025 12595
20231011 12613
20231026 12606
20231027 12606
20231028 12611
20231029 12606
20231027 12606
20231030 12605
20231027 12606
20231031 12611
20231027 12606
20231101 12608
20231027 12606
20231102 12605
20231027 12606
20231103 12614
20231027 12606
20231104 12615
20231027 12606
20231105 12612
20231027 12606
20231106 12611
20231027 12606
20231107 12609
20231027 12606
20231108 12610
20231109 12610
20231110 12611
20231109 12610
20231111 12616
20231109 12610
20231112 12624
20231109 12610
20231113 12619
20231114 12619
20231115 12621
20231114 12619
20231116 12637
20231114 12619
20231117 12676
20231118 12676
20231120 12675
20231121 12676
20231118 12676
20231122 12681
20231118 12676
20231123 12683
20231118 12676
20231124 12687
20231118 12676
20231125 12686
20231118 12676
20231126 12685
20231118 12676
20231127 12679
20231118 12676
20231128 12675
20231118 12676
20231129 12719
20231118 12676
20231130 12722
20231118 12676
20231201 12728
20231118 12676
20231202 12721
20231118 12676
20231203 12724
20231118 12676
20231204 12719
20231118 12676
20231205 12715
20231118 12676
20231206 12712
20231118 12676
20231207 12707
20231118 12676
20231208 12709
20231118 12676
20231209 12713
20231118 12676
20231210 12709
20231118 12676
20231211 12705
20231118 12676
20231212 12695
20231118 12676
20231213 12692
20231118 12676
20231214 12697
20231118 12676
20231215 12691
20231118 12676
20231216 12687
20231118 12676
20231217 12683
20231118 12676
20231218 12677
20231118 12676
20231219 12667
20231220 12667
20231221 12668
20231220 12667
20231222 12680
20231223 12680
20231224 12679
20231223 12680
20231225 12666
20231223 12680
20231226 12660
20231223 12680
20231227 12626
20231223 12680
20231230 12666
20231223 12680
20231231 12663
20231223 12680
20240101 12659
20231223 12680
20240102 12657
20231223 12680
20240103 12671
20231223 12680
20240104 12668
20231223 12680
20240105 12660
20231223 12680
20240106 12677
20231223 12680
20240107 12694
20231223 12680
20240108 12687
20231223 12680
20240109 12691
20231223 12680
20240110 12696
20231223 12680
20240111 12734
20231223 12680
20240112 12728
20231223 12680
20240113 12727
20240114 12727
20240115 12721
20240114 12727
20240116 12720
20240114 12727
20240117 12719
20240114 12727
20240118 12725
20240114 12727
20240119 12714
20240114 12727
20240120 12715
20240114 12727
20240121 12716
20240114 12727
20240122 12713
20240114 12727
20240124 12726
20240114 12727
20240125 12731
20240114 12727
20240126 12729
20240114 12727
20240127 12728
20240128 12727
20240114 12727
20240129 12721
20240114 12727
20240130 12732
20240114 12727
20240131 12734
20240114 12727
20240201 12746
20240114 12727
20240202 12749
20240114 12727
20240203 12763
20240114 12727
20240204 12733
20240205 12727
20240114 12727
20240206 12729
20240114 12727
20240207 12731
20240208 12727
20240114 12727
20240209 12733
20240210 12733
20240211 12736
20240210 12733
20240212 12735
20240210 12733
20240213 12727
20240210 12733
20240214 12735
20240210 12733
20240215 12736
20240210 12733
20240216 12738
20240210 12733
20240217 12734
20240210 12733
20240218 12755
20240210 12733
20240219 12760
20240210 12733
20240220 12758
20240210 12733
20240221 12764
20240210 12733
20240222 12771
20240210 12733
20240223 12779
20240210 12733
20240224 12787
20240210 12733
20240225 12792
20240210 12733
20240226 12800
20240210 12733
20240227 12797
20240210 12733
20240228 12800
20240210 12733
20240229 12804
20240210 12733
20240301 12803
20240210 12733
20240302 12800
20240210 12733
20240303 12806
20240210 12733
20240304 12796
20240210 12733
20240305 12802
20240210 12733
20240306 12798
20240210 12733
20240307 12801
20240210 12733
20240308 12797
20240210 12733
20240309 12795
20240210 12733
20240310 12793
20240210 12733
20240311 12790
20240210 12733
20240312 12791
20240313 12791
20240314 12794
20240313 12791
20240315 12801
20240313 12791
20240316 12795
20240313 12791
20240317 12790
20240313 12791
20240318 12769
20240313 12791
20240319 12772
20240313 12791
20240320 12770
20240313 12791
20240321 12775
20240313 12791
20240322 12771
20240313 12791
20240323 12765
20240313 12791
20240324 12761
20240313 12791
20240325 12762
20240313 12791
20240326 12764
20240327 12764
20240328 12765
20240327 12764
20240329 12762
20240327 12764
20240330 12756
20240327 12764
20240331 12753
20240327 12764
20240401 12755
20240327 12764
20240402 12753
20240327 12764
20240403 12744
20240327 12764
20240404 12751
20240327 12764
20240405 12748
20240327 12764
20240406 12737
20240327 12764
20240407 12735
20240327 12764
20240408 12727
20240409 12727
20240410 12732
20240409 12727
20240411 12731
20240412 12731
20240413 12727
20240412 12731
20240415 12710
20240412 12731
20240416 12714
20240412 12731
20240417 12710
20240412 12731
20240418 12711
20240412 12731
20240419 12714
20240420 12714
20240421 12704
20240420 12714
20240422 12707
20240420 12714
20240423 12702
20240420 12714
20240424 12707
20240425 12707
20240426 12713
20240425 12707
20240427 12698
20240428 12698
20240429 12671
20240501 12671
20240503 12667
20240501 12671
20240504 12676
20240501 12671
20240505 12675
20240501 12671
20240506 12669
20240501 12671
20240507 12670
20240501 12671
20240508 12664
20240501 12671
20240509 12661
20240501 12671
20240510 12667
20240501 12671
20240511 12664
20240501 12671
20240512 12662
20240501 12671
20240513 12660
20240501 12671
20240514 12667
20240501 12671
20240515 12666
20240501 12671
20240516 12662
20240501 12671
20240517 12668
20240501 12671
20240518 12659
20240501 12671
20240519 12657
20240501 12671
20240520 12653
20240501 12671
20240521 12656
20240501 12671
20240522 12655
20240501 12671
20240523 12664
20240501 12671
20240524 12677
20240525 12671
20240501 12671
20240526 12658
20240501 12671
20240527 12656
20240501 12671
20240528 12647
20240501 12671
20240529 12650
20240501 12671
20240530 12651
20240501 12671
20240531 12648
20240501 12671
20240601 12645
20240501 12671
20240602 12627
20240501 12671
20240603 12623
20240501 12671
20240604 12621
20240501 12671
20240605 12627
20240501 12671
20240606 12624
20240501 12671
20240609 12626
20240501 12671
20240611 12616
20240501 12671
20240612 12615
20240501 12671
20240613 12608
20240501 12671
20240614 12618
20240501 12671
20240615 12610
20240501 12671
20240616 12601
20240501 12671
20240617 12600
20240501 12671
20240618 12594
20240501 12671
20240620 12601
20240501 12671
20240621 12620
20240501 12671
20240622 12618
20240501 12671
20240623 12621
20240501 12671
20240624 12618
20240501 12671
20240626 12629
20240627 12629
20240628 12631
20240627 12629
20240629 12624
20240630 12624
20240701 12622
20240630 12624
20240702 12630
20240630 12624
20240703 12635
20240630 12624
20240704 12631
20240630 12624
20240705 12627
20240630 12624
20240706 12629
20240707 12629
20240708 12628
20240707 12629
20240709 12626
20240707 12629
20240710 12628
20240707 12629
20240711 12631
20240707 12629
20240712 12637
20240707 12629
20240713 12628
20240707 12629
20240714 12626
20240707 12629
20240715 12619
20240716 12619
20240717 12618
20240716 12619
20240718 12626
20240716 12619
20240719 12628
20240716 12619
20240720 12624
20240716 12619
20240721 12608
20240716 12619
20240722 12604
20240716 12619
20240723 12605
20240724 12605
20240725 12595
20240724 12605
20240726 12590
20240724 12605
20240727 12591
20240724 12605
20240728 12587
20240729 12587
20240730 12590
20240729 12587
20240731 12600
20240729 12587
20240801 12593
20240802 12587
20240729 12587
20240803 12584
20240729 12587
20240804 12579
20240729 12587
20240805 12578
20240729 12587
20240806 12582
20240729 12587
20240807 12581
20240729 12587
20240808 12580
20240729 12587
20240809 12574
20240729 12587
20240810 12581
20240729 12587
20240811 12584
20240812 12584
20240813 12588
20240812 12584
20240814 12596
20240812 12584
20240815 12597
20240812 12584
20240816 12593
20240817 12593
20240818 12583
20240817 12593
20240819 12581
20240817 12593
20240820 12590
20240817 12593
20240821 12595
20240817 12593
20240822 12591
20240817 12593
20240823 12594
20240817 12593
20240824 12598
20240817 12593
20240825 12599
20240817 12593
20240826 12601
20240817 12593
20240827 12590
20240817 12593
20240828 12586
20240817 12593
20240829 12584
20240817 12593
20240830 12573
20240817 12593
20240831 12569
20240817 12593
20240901 12563
20240817 12593
20240902 12561
20240817 12593
20240903 12544
20240817 12593
20240904 12550
20240817 12593
20240905 12547
20240817 12593
20240906 12554
20240817 12593
20240907 12550
20240817 12593
20240908 12545
20240817 12593
20240909 12536
20240817 12593
20240910 12533
20240817 12593
20240911 12542
20240817 12593
20240912 12547
20240817 12593
20240913 12543
20240914 12543
20240915 12545
20240914 12543
20240916 12538
20240914 12543
20240917 12534
20240914 12543
20240918 12535
20240914 12543
20240919 12540
20240914 12543
20240920 12545
20240914 12543
20240921 12541
20240922 12541
