20230710 32
20230711 32
20230712 32
20230714 32
20230715 32
20230716 35
20230717 35
20230718 28
20230719 28
20230720 28
20230721 28
20230722 28
20230723 28
20230724 28
20230725 29
20230726 28
20230727 31
20230728 31
20230729 33
20230730 33
20230731 33
20230801 34
20230802 34
20230803 34
20230804 34
20230805 34
20230806 34
20230807 36
20230808 37
20230809 41
20230810 42
20230811 44
20230812 42
20230813 42
20230815 42
20230816 42
20230817 42
20230818 42
20230819 40
20230820 39
20230821 39
20230822 39
20230823 39
20230824 39
20230825 45
20230826 45
20230827 45
20230828 45
20230829 45
20230830 45
20230831 45
20230901 45
20230902 45
20230903 45
20230904 45
20230905 42
20230906 42
