19971231 69
19981231 75
19991231 79
20001231 82
20011231 92
20021231 92
20031231 93
20041231 94
20061231 94
20071231 95
20081231 95
20091231 97
20101231 99
20111231 99
20121231 108
20131231 113
20141231 124
20151231 137
20161231 145
20171231 152
20181231 159
20191231 171
20201231 178
20211231 182
20230922 157
20231023 157
20231024 156
20231025 157
20231104 157
20231105 156
20231106 157
20231109 157
20231110 156
20231111 157
20231123 157
20231124 156
20231203 156
20231204 155
20231205 156
20231206 156
20231207 155
20231208 156
20231209 155
20231210 157
20231213 157
20231214 156
20231215 157
20231223 157
20231224 156
20231225 157
20240101 157
20240102 156
20240103 157
20240106 157
20240107 156
20240108 158
20240109 157
20240110 158
20240111 157
20240112 158
20240118 158
20240119 150
20240120 158
20240121 158
20240122 157
20240124 158
20240128 158
20240129 157
20240130 158
20240216 158
20240217 157
20240218 158
20240222 158
20240223 157
20240224 158
20240225 157
20240226 158
20240305 158
20240306 156
20240307 158
20240308 157
20240309 157
20240310 158
20240406 158
20240407 157
20240408 157
20240409 158
20240507 158
20240508 156
20240509 157
20240510 157
20240511 156
20240512 157
20240514 157
20240515 156
20240516 156
20240517 157
20240520 157
20240521 156
20240522 157
20240523 157
20240524 156
20240525 157
20240526 157
20240527 156
20240528 156
20240529 157
20240530 156
20240531 157
20240601 156
20240605 156
20240606 157
20240612 157
20240613 154
20240614 154
20240615 157
20240616 157
20240617 156
20240618 157
20240620 156
20240621 157
20240622 157
20240623 156
20240624 156
20240626 157
20240630 157
20240701 156
20240702 156
20240703 155
20240704 157
20240705 156
20240706 157
20240707 155
20240809 155
20240810 156
20240813 156
20240814 155
20240915 155
20240916 156
20240917 157
20241031 157
20241101 158
20241105 158
20241106 159
20241117 159
20241118 158
20241125 158
20241126 157
20241127 158
20241221 158
20241222 159
20250104 159
20250105 160
20250106 160
20250107 161
20250116 161
20250117 162
20250118 163
20250221 163
20250222 164
20250227 164
20250228 162
20250301 164
20250302 164
20250303 163
20250312 163
20250313 162
20250420 162
20250421 163
20250423 163
20250424 164
20250501 164
20250502 163
20250612 163
20250613 164
20250614 165
20250702 165
20250703 164
20250726 164
20250727 165
20250731 165
20250801 164
20250808 164
20250810 165
20250828 165
20250829 166
20251115 166
20251116 167
20251119 167
20251120 166
20251121 166
20251122 167
20251123 166
20251212 166
20251213 167
20251217 167
20260103 166
20260118 166
20260119 167
20260131 167
20260201 168
20260212 168
20260213 169
20260222 169
20260223 170
20260304 170
