20230707 3
20230709 3
20230710 3
20230711 3
20230712 3
20230714 3
20230715 3
20230716 3
20230717 3
20230718 3
20230719 3
20230720 3
20230721 3
20230722 3
20230723 3
20230724 3
20230725 3
20230726 3
20230727 3
20230728 3
20230729 3
20230730 3
20230731 3
20230801 3
20230802 3
20230803 3
20230804 3
20230805 3
20230806 3
20230807 3
20230808 3
20230809 3
20230810 3
20230811 3
20230812 3
20230813 3
20230815 3
20230816 3
20230817 3
20230818 3
20230819 3
20230820 3
20230821 3
20230822 3
20230823 3
20230824 3
20230825 3
20230826 3
20230827 3
20230828 3
20230829 3
20230830 3
20230831 3
20230901 3
20230902 3
20230903 3
20230904 3
20230905 3
20230906 3
20230907 3
20230908 3
20230909 3
20230910 3
20230911 3
20230912 3
20230913 3
20230914 3
20230915 3
20230916 3
20230917 3
20230918 3
20230919 3
20230920 1
20230921 1
20230922 1
20230923 1
20230924 1
20230925 1
20230926 1
20230927 1
20230928 1
20230929 1
20230930 1
20231001 1
20231002 1
20231003 1
20231005 1
20231007 4
20231008 4
20231009 4
20231010 4
20231011 4
20231012 4
20231013 4
20231014 4
20231015 4
20231016 4
20231017 4
20231018 4
20231019 4
20231020 4
20231021 4
20231022 4
20231023 4
20231024 4
20231025 4
20231026 4
20231027 4
20231028 4
20231029 4
20231030 4
20231031 4
20231101 4
20231102 4
20231103 4
20231104 4
20231105 4
20231106 4
20231107 4
20231108 4
20231109 4
20231110 4
20231111 4
20231112 4
20231113 4
20231114 4
20231115 4
20231116 4
20231117 4
20231118 4
20231120 4
20231121 4
20231122 4
20231123 4
20231124 4
20231125 4
20231126 4
20231127 4
