20230707 2334
20230709 2326
20230710 2324
20230711 2317
20230712 2318
20230714 2303
20230715 2288
20230716 2267
20230717 2265
20230718 2258
20230719 2260
20230720 2257
20230721 2258
20230722 2258
20230723 2257
20230724 2256
20230725 2258
20230726 2261
20230727 2260
20230728 2260
20230729 2253
20230730 2255
20230731 2251
20230801 2249
20230802 2248
20230803 2247
20230804 2246
20230805 2246
20230806 2246
20230807 2246
20230808 2247
20230809 2250
20230810 2250
20230811 2250
20230812 2249
20230813 2249
20230815 2252
20230816 2252
20230817 2249
20230818 2247
20230819 2248
