20230707 2510
20230709 2508
20230710 2507
20230711 2506
20230712 2505
20230714 2506
20230715 2507
20230716 2508
20230717 2506
20230718 2507
20230719 2501
20230720 2497
20230721 2488
20230722 2487
20230723 2484
20230724 2482
20230725 2480
20230726 2490
20230727 2489
20230728 2503
20230729 2517
20230730 2550
20230731 2561
20230801 2570
20230802 2576
20230803 2572
20230804 2574
20230805 2574
20230806 2575
20230805 2574
20230807 2576
20230805 2574
20230808 2575
20230805 2574
20230809 2577
20230805 2574
20230810 2578
20230805 2574
20230811 2576
20230805 2574
20230812 2575
20230815 2575
20230816 2578
20230815 2575
20230817 2590
20230815 2575
20230818 2592
20230815 2575
20230819 2595
20230815 2575
20230820 2594
20230815 2575
20230821 2592
20230815 2575
20230822 2591
20230815 2575
20230823 2589
20230815 2575
20230824 2588
20230815 2575
20230825 2587
20230815 2575
20230826 2585
20230827 2585
20230828 2586
20230827 2585
20230829 2581
20230827 2585
20230830 2582
20230827 2585
20230831 2586
20230827 2585
20230901 2589
20230827 2585
20230902 2586
20230827 2585
20230903 2572
20230827 2585
20230904 2571
20230827 2585
20230905 2570
20230827 2585
20230906 2574
20230827 2585
20230907 2572
20230827 2585
20230908 2573
20230909 2573
20230910 2572
20230909 2573
20230911 2566
20230909 2573
20230912 2563
20230909 2573
20230913 2561
20230909 2573
20230914 2562
20230915 2562
20230916 2560
20230915 2562
20230917 2558
20230915 2562
20230918 2559
20230915 2562
20230919 2557
20230915 2562
20230920 2439
20230915 2562
20230921 2435
20230915 2562
20230922 2439
20230915 2562
20230923 2441
20230915 2562
20230924 2440
20230915 2562
20230925 2438
20230926 2438
20230927 2437
20230926 2438
20230928 2436
20230929 2436
20230930 2435
20230929 2436
20231001 2437
20230929 2436
20231002 2449
20230929 2436
20231003 2460
20230929 2436
20231005 2465
20230929 2436
20231007 2464
20230929 2436
20231008 2470
20230929 2436
20231009 2480
20230929 2436
20231010 2487
20230929 2436
20231011 2493
20230929 2436
20231012 2490
20230929 2436
20231013 2488
20230929 2436
20231014 2487
20230929 2436
20231015 2489
20230929 2436
20231016 2484
20231017 2484
20231018 2483
20231017 2484
20231019 2485
20231017 2484
20231020 2399
20231017 2484
20231021 2320
20231017 2484
20231022 2319
20231017 2484
20231023 2316
20231017 2484
20231024 2317
20231025 2317
20231026 2324
20231025 2317
20231027 2323
20231025 2317
20231028 2333
20231025 2317
20231029 2334
20231025 2317
20231030 2335
20231025 2317
20231031 2334
20231025 2317
20231101 2336
20231025 2317
20231102 2337
20231025 2317
20231103 2336
20231107 2336
20231108 2335
20231109 2335
20231110 2337
20231109 2335
20231111 2336
20231112 2336
20231113 2333
20231112 2336
20231114 2334
20231115 2336
20231112 2336
20231116 2333
20231112 2336
20231117 2341
20231112 2336
20231118 2342
20231112 2336
20231120 2348
20231112 2336
20231121 2345
20231122 2345
20231123 2355
20231122 2345
20231124 2360
20231122 2345
20231125 2359
20231122 2345
20231126 2361
20231122 2345
20231127 2362
20231122 2345
20231128 2359
20231122 2345
20231129 2422
20231122 2345
20231130 2423
20231122 2345
20231201 2422
20231122 2345
20231202 2420
20231122 2345
20231203 2427
20231122 2345
20231204 2424
20231122 2345
20231205 2422
20231207 2422
20231208 2427
20231209 2427
20231210 2428
20231209 2427
20231211 2430
20231212 2430
20231213 2425
20231212 2430
20231214 2424
20231212 2430
20231215 2426
20231216 2426
20231217 2428
20231216 2426
20231218 2429
20231216 2426
20231219 2441
20231216 2426
20231220 2437
20231216 2426
20231221 2436
20231216 2426
20231222 2441
20231223 2441
20231224 2443
20231223 2441
20231225 2439
20231226 2439
20231227 2437
20231226 2439
20231230 2440
20231226 2439
20231231 2441
20231226 2439
20240101 2443
20240104 2443
20240105 2445
20240104 2443
20240106 2472
20240107 2472
20240108 2475
20240107 2472
20240109 2476
20240107 2472
20240110 2475
20240107 2472
20240111 2506
20240113 2506
20240114 2507
20240115 2506
20240113 2506
20240116 2505
20240113 2506
20240117 2504
20240118 2504
20240119 2506
20240120 2506
20240121 2504
20240120 2506
20240122 2495
20240120 2506
20240124 2494
20240120 2506
20240125 2493
20240126 2493
20240127 2494
20240128 2494
20240129 2493
20240130 2494
20240131 2494
20240201 2496
20240131 2494
20240202 2495
20240203 2495
20240204 2493
20240205 2493
20240206 2492
20240205 2493
20240207 2494
20240205 2493
20240208 2495
20240205 2493
20240209 2492
20240205 2493
20240210 2491
20240213 2491
20240214 2490
20240215 2491
20240213 2491
20240216 2488
20240213 2491
20240217 2490
20240218 2490
20240219 2491
20240220 2491
20240221 2490
20240220 2491
20240222 2492
20240220 2491
20240223 2493
20240224 2491
20240220 2491
20240225 2492
20240220 2491
20240226 2493
20240220 2491
20240227 2495
20240220 2491
20240228 2494
20240220 2491
20240229 2493
20240220 2491
20240301 2494
20240220 2491
20240302 2493
20240220 2491
20240303 2492
20240220 2491
20240304 2489
20240220 2491
20240305 2487
20240220 2491
20240306 2488
20240220 2491
20240307 2487
20240308 2487
20240309 2486
20240310 2487
20240308 2487
20240311 2489
20240313 2489
20240314 2488
20240315 2489
20240317 2489
20240318 2487
20240317 2489
20240319 2485
20240317 2489
20240320 2484
20240321 2484
20240322 2483
20240321 2484
20240323 2485
20240326 2485
20240327 2484
20240326 2485
20240328 2482
20240326 2485
20240329 2483
20240330 2483
20240331 2485
20240330 2483
20240401 2487
20240330 2483
20240402 2486
20240330 2483
20240403 2485
20240330 2483
20240404 2484
20240330 2483
20240405 2482
20240406 2482
20240407 2481
20240408 2482
20240406 2482
20240409 2481
20240410 2482
20240406 2482
20240411 2473
20240406 2482
20240412 2470
20240406 2482
20240413 2469
20240406 2482
20240415 2466
20240416 2466
20240417 2465
20240416 2466
20240418 2464
20240416 2466
20240419 2461
20240416 2466
20240420 2460
20240416 2466
20240421 2457
20240416 2466
20240422 2458
20240416 2466
20240423 2459
20240416 2466
20240424 2458
20240425 2458
20240426 2457
20240425 2458
20240427 2456
20240425 2458
20240428 2457
20240430 2457
20240501 2458
20240503 2458
20240504 2457
20240503 2458
20240505 2455
20240503 2458
20240506 2456
20240503 2458
20240507 2453
20240503 2458
20240508 2452
20240503 2458
20240509 2453
20240503 2458
20240510 2450
20240503 2458
20240511 2449
20240503 2458
20240512 2448
20240503 2458
20240513 2449
20240514 2449
20240515 2450
20240516 2450
20240517 2452
20240520 2452
20240521 2449
20240520 2452
20240522 2438
20240520 2452
20240523 2436
20240524 2436
20240525 2437
20240524 2436
20240526 2439
20240524 2436
20240527 2440
20240528 2440
20240529 2441
20240528 2440
20240530 2442
20240531 2442
20240601 2444
20240531 2442
20240602 2445
20240603 2445
20240604 2446
20240605 2446
20240606 2445
20240609 2446
20240605 2446
20240611 2441
20240605 2446
20240612 2433
20240613 2433
20240614 2437
20240613 2433
20240615 2436
20240613 2433
20240616 2434
20240617 2434
20240618 2432
20240617 2434
20240620 2426
20240623 2426
20240624 2425
20240623 2426
20240626 2428
20240623 2426
20240627 2436
20240629 2436
20240630 2434
20240701 2434
20240702 2433
20240701 2434
20240703 2432
20240701 2434
20240704 2433
20240706 2433
20240707 2427
20240706 2433
20240708 2428
20240710 2428
20240711 2430
20240710 2428
20240712 2281
20240710 2428
20240713 2280
20240710 2428
20240714 2261
20240710 2428
20240715 2259
20240710 2428
20240716 2256
20240710 2428
20240717 2259
20240710 2428
20240718 2261
20240710 2428
20240719 2260
20240710 2428
20240720 2258
20240710 2428
20240721 2260
20240722 2260
20240723 2259
20240724 2259
20240725 2258
20240724 2259
20240726 2257
20240724 2259
20240727 2255
20240724 2259
20240728 2252
20240724 2259
20240729 2251
20240724 2259
20240730 2252
20240724 2259
20240731 2253
20240801 2253
20240802 2256
20240801 2253
20240803 2257
20240801 2253
20240804 2254
20240801 2253
20240805 2244
20240801 2253
20240806 2241
20240801 2253
20240807 2225
20240801 2253
20240808 2223
20240801 2253
20240809 2196
20240801 2253
20240810 2203
20240801 2253
20240811 2221
20240801 2253
20240812 2213
20240801 2253
20240813 2214
20240801 2253
20240814 2222
20240801 2253
20240815 2229
20240801 2253
20240816 2232
20240801 2253
20240817 2240
20240801 2253
20240818 2242
20240801 2253
20240819 2241
20240801 2253
20240820 2240
20240801 2253
20240821 2239
20240801 2253
20240822 2240
20240824 2240
20240825 2239
20240826 2239
20240827 2231
20240826 2239
20240828 2230
20240826 2239
20240829 2225
20240826 2239
20240830 2224
20240826 2239
20240831 2227
20240901 2227
20240902 2243
20240901 2227
20240903 2242
20240901 2227
20240904 2244
20240901 2227
20240905 2243
20240901 2227
20240906 2238
20240901 2227
20240907 2230
20240901 2227
20240908 2224
20240901 2227
20240909 2202
20240901 2227
20240910 2173
20240901 2227
20240911 2160
20240901 2227
20240912 2161
20240901 2227
20240913 2153
20240901 2227
20240914 2146
20240915 2146
20240916 2144
20240917 2146
20240915 2146
20240918 2142
20240915 2146
20240919 2145
20240915 2146
20240920 2142
20240915 2146
20240921 2141
20240922 2141
20240925 2140
20240926 2141
20240927 2141
20240928 2139
20240927 2141
20240929 2128
20240929 2128
