20230707 1070
20230709 1070
20230710 1071
20230711 1071
20230712 1070
20230714 1070
20230715 1069
20230716 1069
20230717 1069
20230718 1069
20230719 1069
20230720 1070
20230721 1069
20230722 1070
20230723 1069
20230724 1069
20230725 1069
20230726 1071
20230727 1071
20230728 1068
20230729 1068
20230730 1068
20230731 1069
20230801 1069
20230802 1068
20230803 1068
20230804 1068
20230805 1068
20230806 1068
20230807 1068
20230808 1068
20230809 1068
20230810 1067
20230811 1067
20230812 1067
20230813 1066
20230815 1066
20230816 1066
20230817 1066
