20230922 19633
20230924 19612
20230925 19606
20230926 19605
20230927 19601
20230928 19596
20230929 19597
20230930 19597
20231001 19602
20231002 19596
20231003 19597
20231005 19593
20231007 19598
20231008 19592
20231009 19591
20231010 19588
20231011 19587
20231012 19582
20231013 19581
20231014 19575
20231015 19578
20231016 19586
20231017 19586
20231018 19583
20231019 19583
20231020 19593
20231021 19583
20231022 19578
20231023 19572
20231024 19568
20231025 19559
20231026 19558
20231027 19560
20231028 19562
20231029 19561
20231030 19560
20231031 19551
20231101 19553
20231102 19540
20231103 19536
20231104 19533
20231105 19545
20231106 19541
20231107 19542
20231108 19542
20231109 19544
20231110 19537
20231111 19540
20231112 19539
20231113 19534
20231114 19538
20231115 19540
20231116 19539
20231117 19534
20231118 19529
20231120 19534
20231121 19530
