20230707 7830
20240624 7830
20240626 7830
20240627 7830
20240628 7830
20240629 7830
20240630 7830
20240701 7830
20241003 8414
20241003 8414
20241006 8414
20241111 8414
20241113 8414
20241114 8414
20241115 8414
20241116 8414
20241117 8414
20241118 8414
20241119 8414
20241120 8414
20241121 8414
20241122 8414
20241123 8414
20241124 8414
20241125 8414
20241126 8414
20241127 8414
20241128 8414
20241129 8414
20241130 8414
20241201 8414
20241202 8414
20241203 8414
20241204 8414
20241205 8414
20241206 8414
20241207 8414
20241208 8414
20241209 8414
20241210 8414
20241211 8414
20241212 8414
20241213 8414
20241214 8414
20241215 8414
20241216 8414
20241217 8414
20241218 8414
20241219 8414
20241220 8414
20241221 8414
20241222 8414
20241223 8414
20241224 8414
20241225 8414
20241226 8414
20241227 8414
20241228 8414
20241229 8414
20241230 8414
20241231 8414
20250101 8414
20250102 8414
20250103 8414
20250104 8414
20250105 8414
20250106 8414
20250107 8414
20250108 8414
20250109 8414
20250110 8414
20250111 8414
20250112 8414
20250113 8414
20250114 8414
20250115 8414
20250116 8414
20250117 8414
20250118 8414
20250119 8414
20250120 8414
20250121 8414
20250122 8414
20250123 8414
20250124 8414
20250125 8414
20250126 8414
20250127 8414
20250128 8414
20250129 8414
20250130 8414
20250131 8414
20250201 8414
20250202 8414
20250203 8414
20250204 8414
20250205 8414
20250206 8414
20250207 8414
20250208 8414
20250210 8414
20250211 8414
20250212 8414
20250213 8414
20250214 8414
20250215 8414
20250216 8414
20250217 8414
20250218 8414
20250219 8414
20250220 8414
20250221 8414
20250222 8414
20250223 8414
20250224 8414
20250225 8414
20250226 8414
20250227 8414
20250228 8414
20250301 8414
20250302 8414
20250303 8414
20250304 8414
20250305 8414
20250306 8414
20250307 8414
20250308 8414
20250309 8414
20250310 8414
20250311 8414
20250312 8414
20250313 8414
20250314 8414
20250315 8414
20250316 8414
20250317 8414
20250318 8414
20250319 8414
20250320 8414
20250321 8414
20250322 8414
20250323 8414
20250324 8414
20250326 8414
20250327 8414
20250328 8414
20250329 8414
20250330 8414
20250331 8414
20250401 8414
20250402 8414
20250403 8414
20250404 8414
20250405 8414
20250406 8414
20250407 8414
20250408 8414
20250409 8414
20250410 8414
20250411 9658
20250412 9658
20250413 9658
20250414 9658
20250415 9658
20250416 9658
20250417 9658
20250418 9658
20250419 9658
20250420 9658
20250421 9658
20250422 9658
20250423 9658
20250424 9658
20250425 9658
20250426 9658
20250427 9658
20250428 9658
20250429 9658
20250430 9658
20250501 9658
20250502 9658
20250503 9658
20250504 9658
20250505 9658
20250506 9658
20250507 9658
20250508 9658
20250509 9658
20250510 9658
20250511 9658
20250512 9658
20250513 9658
20250514 9658
20250515 9658
20250516 9658
20250517 9658
20250518 9658
20250519 9658
20250520 9658
20250521 9658
20250522 9658
20250523 9658
20250524 9658
20250525 9658
20250526 9658
20250527 9658
20250528 9658
20250529 9658
20250530 9658
20250531 9658
20250601 9658
20250602 9658
20250603 9658
20250604 9658
20250605 9658
20250606 9658
20250607 9658
20250608 9658
20250609 9658
20250610 9658
20250611 9658
20250612 9658
20250613 9658
20250614 9658
20250615 9658
20250616 9658
20250617 9658
20250618 9658
20250619 9658
20250620 9658
20250621 9658
20250622 9658
20250623 9658
20250624 9658
20250625 9658
20250626 9658
20250627 9658
20250628 9658
20250629 9658
20250630 9658
20250701 9658
20250702 9658
20250703 9658
20250704 9658
20250705 9658
20250706 9658
20250707 9658
20250708 9658
20250709 9658
20250710 9658
20250711 9658
20250712 9658
20250713 9658
20250714 9658
20250715 9658
20250716 9658
20250717 9658
20250718 9658
20250719 9658
20250720 9658
20250722 9658
20250723 9658
20250724 9658
20250725 9658
20250726 9658
20250727 9658
20250728 9658
20250729 9658
20250730 9658
20250731 9658
20250801 9658
20250802 9658
20250803 9658
20250804 9658
20250805 9658
20250806 9658
20250807 9658
20250808 9658
20250810 9658
20250811 9658
20250812 9658
20250813 9658
20250814 9658
20250815 9658
20250816 9658
20250817 9658
20250818 9658
20250819 9658
20250820 9658
20250821 9658
20250822 9658
20250823 9658
20250824 9658
20250825 9658
20250826 9658
20250827 9658
20250828 9658
20250829 9658
20250830 9658
