20230509 122
20230519 1002
20230707 2178
20230709 2189
20230710 2190
20230711 2192
20230712 2206
20230713 2225
20230714 2230
20230715 2232
20230716 2233
20230717 2235
20230718 2248
20230719 2257
20230720 2258
20230721 2263
20230722 2271
20230723 2272
20230724 2274
20230725 2279
20230726 2280
20230727 2289
20230728 2291
20230729 2295
20230730 2299
20230731 2301
20230801 2312
20230802 2318
20230803 2327
20230804 2327
20230805 2338
20230806 2338
20230807 2361
20230808 2369
20230809 2377
20230810 2384
20230811 2390
20230812 2398
20230813 2398
20230815 2417
20230816 2420
20230817 2429
20230818 2436
20230819 2478
20230820 2478
20230821 2499
20230822 2504
20230823 2510
20230824 2514
20230825 2522
20230826 2527
20230827 2529
20230828 2533
