20230707 2
20230919 2
20230920 1
20240124 1
20240125 2
20240126 3
20240127 5
20240129 5
20240130 6
20240131 7
20240201 7
20240202 8
20240205 8
20240206 9
20240207 11
20240208 11
20240209 14
20240210 15
20240212 15
20240213 16
20240214 20
20240215 20
20240216 24
20240217 25
20240219 25
20240220 26
20240221 27
20240222 29
20240223 35
20240224 39
20240226 39
20240227 45
20240228 58
20240229 68
20240303 68
20240304 69
20240305 76
20240306 85
20240307 813
20240308 895
20240309 929
20240310 938
20240311 947
20240312 966
20240313 985
20240314 1019
20240315 1043
20240316 1069
20240317 1079
20240318 1093
20240319 1111
20240320 1133
20240321 1144
20240322 1155
20240323 1168
20240324 1175
20240325 1195
20240326 1205
20240327 1220
20240328 1236
20240329 1260
20240330 1262
20240331 1264
20240401 1273
20240402 1282
20240403 1294
20240404 1328
20240405 1342
20240406 1352
20240407 1356
20240408 1363
20240409 1376
20240410 1387
20240411 1390
20240412 1408
20240413 1415
20240415 1430
20240416 1436
20240417 1443
20240418 1458
20240419 1465
20240420 1478
20240421 1480
20240422 1488
20240423 1490
20240424 1501
20240425 1506
20240426 1514
20240427 1516
20240428 1542
20240429 1544
20240430 1547
20240501 1554
20240503 1573
20240504 1583
20240505 1587
20240506 1589
20240507 1608
20240508 1614
20240509 1624
20240510 1635
20240511 1639
20240512 1643
20240513 1654
20240514 1660
20240515 1671
20240516 1683
20240517 1695
20240518 1705
20240519 1711
20240520 1716
20240521 1726
20240522 1736
20240523 1743
20240524 1754
20240525 1762
20240526 1765
20240527 1775
20240528 1779
20240529 1790
20240530 1791
20240531 1796
20240601 1801
20240602 1808
20240603 1814
20240604 1822
20240605 1837
20240606 1850
20240609 1880
20240611 1894
20240612 1902
20240613 1913
20240614 1926
20240615 1936
20240616 1944
20240617 1949
20240618 1957
20240620 1984
20240621 1999
20240622 2007
20240623 2009
20240624 2013
20240626 2035
20240627 2050
20240628 2055
20240629 2064
