20230707 10521
20230709 10517
20230710 10515
20230711 10508
20230712 10509
20230714 10506
20230715 10500
20230716 10482
20230717 10495
20230718 10500
20230719 10499
20230720 10493
20230721 10505
20230722 10501
20230723 10497
20230724 10493
20230725 10491
20230726 10497
20230727 10499
20230728 10515
20230729 10527
20230730 10555
20230731 10577
20230801 10589
20230802 10596
20230803 10592
20230804 10598
20230805 10602
20230806 10603
20230807 10605
20230808 10662
20230809 10678
20230810 10685
20230811 10679
20230812 10671
20230813 10673
20230815 10679
20230816 10672
20230817 10690
20230818 10701
20230819 10701
20230820 10704
20230819 10701
20230821 10708
20230819 10701
20230822 10713
20230819 10701
20230823 10706
20230819 10701
20230824 10688
20230819 10701
20230825 10693
20230819 10701
20230826 10698
20230819 10701
20230827 10695
20230819 10701
20230828 10677
20230829 10677
20230830 10682
20230829 10677
20230831 10687
20230829 10677
20230901 10689
20230902 10689
20230903 10688
20230902 10689
20230904 10686
20230902 10689
20230905 10691
20230902 10689
20230906 10698
20230902 10689
20230907 10707
20230902 10689
20230908 10704
20230902 10689
20230909 10703
20230910 10703
20230911 10694
20230910 10703
20230912 10686
20230910 10703
20230913 10671
20230910 10703
20230914 10674
20230910 10703
20230915 10687
20230910 10703
20230916 10693
20230910 10703
20230917 10695
20230910 10703
20230918 10694
20230919 10694
20230920 10252
20230919 10694
20230921 10255
20230919 10694
20230922 10261
20230919 10694
20230923 10256
20230924 10256
20230925 10253
20230926 10256
20230924 10256
20230927 10254
20230928 10254
20230929 10250
20230930 10254
20230928 10254
20231001 10258
20230928 10254
20231002 10270
20230928 10254
20231003 10280
20230928 10254
20231005 10289
20230928 10254
20231007 10290
20230928 10254
20231008 10313
20230928 10254
20231009 10332
20230928 10254
20231010 10336
20230928 10254
20231011 10340
20230928 10254
20231012 10341
20230928 10254
20231013 10336
20230928 10254
20231014 10340
20230928 10254
20231015 10326
20230928 10254
20231016 10322
20230928 10254
20231017 10318
20230928 10254
20231018 10322
20231019 10322
20231020 10319
20231019 10322
20231021 10313
20231019 10322
20231022 10307
20231019 10322
20231023 10309
20231024 10309
20231025 10311
20231024 10309
20231026 10317
20231027 10317
20231028 10320
20231027 10317
20231029 10321
20231027 10317
20231030 10324
20231027 10317
20231031 10327
20231027 10317
20231101 10329
20231027 10317
20231102 10324
20231027 10317
20231103 10326
20231104 10326
20231105 10321
20231106 10321
20231107 10320
20231108 10320
20231109 10325
20231108 10320
20231110 10319
20231108 10320
20231111 10317
20231108 10320
20231112 10319
20231108 10320
20231113 10314
20231114 10314
20231115 10318
20231114 10314
20231116 10330
20231114 10314
20231117 10339
20231118 10339
20231120 10305
20231118 10339
20231121 10226
20231118 10339
20231122 10158
20231118 10339
20231123 10119
20231118 10339
20231124 10053
20231118 10339
20231125 10044
20231118 10339
20231126 10034
20231118 10339
20231127 10025
20231118 10339
20231128 10014
20231118 10339
20231129 9999
20231118 10339
20231130 9975
20231118 10339
20231201 9925
20231118 10339
20231202 9871
20231118 10339
20231203 9818
20231118 10339
20231204 9678
20231118 10339
20231205 9664
20231118 10339
20231206 9649
20231118 10339
20231207 9626
20231118 10339
20231208 9603
20231118 10339
20231209 9535
20231118 10339
20231210 9477
20231118 10339
20231211 9391
20231118 10339
20231212 9274
20231118 10339
20231213 9147
20231118 10339
20231214 9089
20231118 10339
20231215 8983
20231118 10339
20231216 8879
20231118 10339
20231217 8730
20231118 10339
20231218 8582
20231118 10339
20231219 8407
20231118 10339
20231220 8257
20231118 10339
20231221 8068
20231118 10339
20231222 7905
20231118 10339
20231223 7733
20231118 10339
20231224 7582
20231118 10339
20231225 7517
20231118 10339
20231226 7346
20231118 10339
20231227 7131
20231118 10339
20231230 6722
20231118 10339
20231231 6644
20231118 10339
20240101 6589
20231118 10339
20240102 6542
20231118 10339
20240103 6520
20231118 10339
20240104 6485
20231118 10339
20240105 6433
20231118 10339
20240106 6426
20231118 10339
20240107 6402
20231118 10339
20240108 6368
20231118 10339
20240109 6337
20231118 10339
20240110 6315
20231118 10339
20240111 6323
20240112 6323
20240113 6312
20240112 6323
20240114 6307
20240115 6307
20240116 6302
20240115 6307
20240117 6301
20240115 6307
20240118 6298
20240115 6307
20240119 6291
20240115 6307
20240120 6285
20240121 6285
20240122 6284
20240121 6285
20240124 6286
20240125 6285
20240121 6285
20240126 6287
20240121 6285
20240127 6289
20240121 6285
20240128 6293
20240129 6293
20240130 6291
20240129 6293
20240131 6292
20240201 6293
20240129 6293
20240202 6291
20240129 6293
20240203 6289
20240129 6293
20240204 6281
20240129 6293
20240205 6259
20240206 6259
20240207 6276
20240206 6259
20240208 6289
20240209 6289
20240210 6288
20240209 6289
20240211 6291
20240209 6289
20240212 6293
20240209 6289
20240213 6298
20240209 6289
20240214 6300
20240209 6289
20240215 6301
20240209 6289
20240216 6302
20240209 6289
20240217 6299
20240209 6289
20240218 6298
20240209 6289
20240219 6300
20240209 6289
20240220 6303
20240209 6289
20240221 6302
20240222 6302
20240223 6313
20240222 6302
20240224 6314
20240222 6302
20240225 6317
20240222 6302
20240226 6319
20240222 6302
20240227 6318
20240222 6302
20240228 6325
20240229 6325
20240301 6330
20240229 6325
20240302 6329
20240229 6325
20240303 6331
20240229 6325
20240304 6335
20240229 6325
20240305 6336
20240229 6325
20240306 6322
20240229 6325
20240307 6308
20240229 6325
20240308 6294
20240229 6325
20240309 6234
20240229 6325
20240310 6179
20240229 6325
20240311 6145
20240229 6325
20240312 6129
20240229 6325
20240313 6117
20240229 6325
20240314 6103
20240229 6325
20240315 6098
20240229 6325
20240316 6100
20240229 6325
20240317 6095
20240229 6325
20240318 6085
20240229 6325
20240319 6073
20240229 6325
20240320 6055
20240229 6325
20240321 6058
20240229 6325
20240322 6056
20240229 6325
20240323 6048
20240229 6325
20240324 6045
20240229 6325
20240325 6040
20240229 6325
20240326 6030
20240229 6325
20240327 6027
20240229 6325
20240328 6013
20240229 6325
20240329 6008
20240229 6325
20240330 6003
20240229 6325
20240331 5993
20240229 6325
20240401 5976
20240229 6325
20240402 5967
20240403 5967
20240404 5968
20240405 5967
20240403 5967
20240406 5963
20240403 5967
20240407 5952
20240403 5967
20240408 5957
20240403 5967
20240409 5940
20240403 5967
20240410 5958
20240403 5967
20240411 5964
20240403 5967
20240412 5968
20240403 5967
20240413 5960
20240403 5967
20240415 5968
20240403 5967
20240416 5963
20240403 5967
20240417 5964
20240403 5967
20240418 5960
20240419 5960
20240420 5957
20240419 5960
20240421 5956
20240419 5960
20240422 5954
20240419 5960
20240423 5953
20240419 5960
20240424 5954
20240419 5960
20240425 5956
20240419 5960
20240426 5959
20240419 5960
20240427 5952
20240419 5960
20240428 5949
20240419 5960
20240429 5955
20240419 5960
20240430 5956
20240419 5960
20240501 5949
20240419 5960
20240503 5942
20240419 5960
20240504 5939
20240419 5960
20240505 5934
20240419 5960
20240506 5932
20240507 5932
20240508 5940
20240507 5932
20240509 5941
20240507 5932
20240510 5910
20240507 5932
20240511 5902
20240507 5932
20240512 5897
20240507 5932
20240513 5893
20240515 5893
20240516 5892
20240515 5893
20240517 5887
20240515 5893
20240518 5888
20240515 5893
20240519 5890
20240515 5893
20240520 5886
20240515 5893
20240521 5882
20240515 5893
20240522 5885
20240515 5893
20240523 5891
20240524 5893
20240515 5893
20240525 5888
20240515 5893
20240526 5885
20240515 5893
20240527 5882
20240515 5893
20240528 5884
20240515 5893
20240529 5878
20240515 5893
20240530 5879
20240515 5893
20240531 5875
20240515 5893
20240601 5874
20240515 5893
20240602 5880
20240515 5893
20240603 5859
20240515 5893
20240604 5856
20240515 5893
20240605 5853
20240515 5893
20240606 5852
20240515 5893
20240609 5839
20240515 5893
20240611 5837
20240515 5893
20240612 5835
20240515 5893
20240613 5833
20240515 5893
20240614 5829
20240515 5893
20240615 5828
20240515 5893
20240616 5822
20240515 5893
20240617 5820
20240515 5893
20240618 5816
20240515 5893
20240620 5812
20240515 5893
20240621 5814
20240515 5893
20240622 5813
20240515 5893
20240623 5812
20240515 5893
20240624 5813
20240515 5893
20240626 5829
20240627 5829
20240628 5830
20240627 5829
20240629 5825
20240627 5829
20240630 5822
20240627 5829
20240701 5824
20240627 5829
20240702 5821
20240627 5829
20240703 5820
20240627 5829
20240704 5814
20240627 5829
20240705 5813
20240627 5829
20240706 5815
20240627 5829
20240707 5820
20240627 5829
20240708 5798
20240627 5829
20240709 5797
20240627 5829
20240710 5812
20240627 5829
20240711 5824
20240627 5829
20240712 5828
20240627 5829
20240713 5834
20240627 5829
20240714 5833
20240627 5829
20240715 5836
20240627 5829
20240716 5819
20240627 5829
20240717 5817
20240627 5829
20240718 5814
20240627 5829
20240719 5821
20240627 5829
20240720 5820
20240627 5829
20240721 5819
20240627 5829
20240722 5821
20240627 5829
20240723 5819
20240724 5819
20240725 5818
20240724 5819
20240726 5822
20240724 5819
20240727 5824
20240724 5819
20240728 5822
20240729 5822
20240730 5826
20240729 5822
20240731 5828
20240729 5822
20240801 5830
20240729 5822
20240802 5827
20240803 5827
20240804 5826
20240803 5827
20240805 5813
20240803 5827
20240806 5810
20240803 5827
20240807 5798
20240803 5827
20240808 5794
20240803 5827
20240809 5756
20240803 5827
20240810 5757
20240803 5827
20240811 5772
20240803 5827
20240812 5769
20240803 5827
20240813 5765
20240803 5827
20240814 5870
20240803 5827
20240815 5878
20240816 5878
20240817 5882
20240816 5878
20240818 5827
20240816 5878
20240819 5790
20240816 5878
20240820 5793
20240816 5878
20240821 5801
20240816 5878
20240822 5823
20240816 5878
20240823 5858
20240816 5878
20240824 5861
20240825 5861
20240826 5859
20240825 5861
20240827 5858
20240825 5861
20240828 5851
20240825 5861
20240829 5850
20240825 5861
20240830 5849
20240825 5861
20240831 5855
20240825 5861
20240901 5854
20240825 5861
20240902 5864
20240903 5864
20240904 5868
20240903 5864
20240905 5887
20240903 5864
20240906 5890
20240903 5864
20240907 5886
20240903 5864
20240908 5879
20240903 5864
20240909 5862
20240903 5864
20240910 5833
20240903 5864
20240911 5816
20240903 5864
20240912 5815
20240903 5864
20240913 5803
20240903 5864
20240914 5798
20240903 5864
20240915 5799
20240903 5864
20240916 5797
20240903 5864
20240917 5796
20240903 5864
20240918 5791
20240903 5864
20240919 5739
20240903 5864
20240920 5735
20240903 5864
20240921 5725
20240903 5864
20240921 5726
20240922 5726
20240925 5719
20240922 5726
20240926 5716
20240922 5726
20240927 5721
20240922 5726
20240928 5722
20240922 5726
20240929 5711
20240922 5726
20240930 5710
20240922 5726
20241001 5708
20241001 5708
