20230707 729
20230709 727
20230710 727
20230711 733
20230712 733
20230713 734
20230714 735
20230715 735
20230716 735
20230717 735
20230718 736
20230719 736
20230720 736
20230721 736
20230722 735
20230723 733
20230724 733
20230725 734
20230726 729
20230727 728
20230728 729
20230729 730
20230730 731
20230731 730
20230801 732
20230802 737
20230803 747
20230804 760
20230805 791
20230806 795
20230807 806
20230808 806
20230809 809
20230810 808
20230811 809
20230812 810
20230813 814
20230815 816
20230816 825
20230817 826
20230818 829
20230819 830
20230820 831
20230821 833
20230822 834
20230823 837
20230824 837
20230825 839
20230826 839
20230827 839
20230828 837
20230829 837
20230830 837
20230831 839
20230901 839
20230902 838
20230903 841
20230904 841
20230905 841
20230906 843
20230907 844
20230908 844
20230909 847
20230910 847
20230911 847
20230912 849
20230913 850
20230914 851
20230915 852
20230916 853
20230917 853
20230918 853
20230919 856
20230920 848
20230921 848
20230922 848
20230923 849
20230924 849
