20230707 4713
20230709 4710
20230710 4711
20230711 4708
20230712 4693
20230713 4695
20230714 4692
20230715 4693
20230716 4689
20230717 4690
20230718 4692
20230719 4684
20230720 4684
20230721 4676
20230722 4678
20230723 4682
20230724 4677
20230725 4674
20230726 4677
20230727 4680
20230728 4691
20230729 4697
20230730 4726
20230731 4745
20230801 4748
20230802 4754
20230803 4755
20230804 4757
20230805 4752
20230806 4752
20230807 4755
20230808 4751
20230809 4747
20230810 4750
20230811 4753
20230812 4760
20230813 4762
20230815 4759
20230816 4754
20230817 4764
20230818 4762
