20230707 585
20230709 589
20230710 593
20230711 601
20230712 603
20230713 606
20230714 607
20230715 611
20230716 612
20230717 618
20230718 623
20230719 624
20230720 624
20230721 637
20230722 649
20230723 650
20230724 654
20230725 654
20230726 654
20230727 656
20230728 659
20230729 659
20230730 679
20230731 697
20230801 703
20230802 710
20230803 714
20230804 718
20230805 721
20230806 722
20230807 724
20230808 726
20230809 730
20230810 730
20230811 745
20230812 749
20230813 753
20230815 770
20230816 773
20230817 781
20230818 784
20230819 786
20230820 790
20230821 791
20230822 792
20230823 794
20230824 795
20230825 796
20230826 797
20230827 799
20230828 801
20230829 803
20230830 807
20230831 811
20230901 813
20230902 816
20230903 816
20230904 816
20230905 819
20230906 825
20230907 827
20230908 826
20230909 825
20230910 825
20230911 828
20230912 831
20230913 834
20230914 836
20230915 838
20230916 838
20230917 840
20230918 846
20230919 850
20230920 830
20230921 832
20230922 834
20230923 836
20230924 840
20230925 841
20230926 843
20230927 851
20230928 857
20230929 859
20230930 860
20231001 859
20231002 861
20231003 865
20231005 873
20231007 880
20231008 883
20231009 894
20231010 898
20231011 904
20231012 911
20231013 919
20231014 937
20231015 939
20231016 939
20231017 952
20231018 955
20231019 957
20231020 957
20231021 1007
20231022 1008
20231023 1010
20231024 1017
20231025 1017
20231026 1022
20231027 1026
20231028 1029
20231029 1036
20231030 1044
20231031 1044
20231101 1046
20231102 1048
20231103 1050
20231104 1053
20231105 1053
20231106 1055
20231107 1055
20231108 1059
20231109 1063
20231110 1067
20231111 1068
20231112 1072
20231113 1077
20231114 1079
20231115 1084
20231116 1086
20231117 1087
20231118 1090
20231120 1100
20231121 1105
20231122 1113
20231123 1125
20231124 1138
20231125 1658
20231126 1649
20231127 1650
