20230707 34023
20230709 34024
20230710 34022
20230711 34034
20230712 34049
20230713 34054
20230714 34060
20230715 34086
20230716 34093
20230717 34100
20230718 34095
20230719 34093
20230720 34094
20230721 34089
20230722 34097
20230723 34091
20230724 34088
20230725 34087
20230726 34098
20230727 34117
20230728 34121
20230729 34135
20230730 34141
20230731 34135
20230801 34147
20230802 34168
20230803 34171
20230804 34183
20230805 34189
20230806 34190
20230807 34190
20230808 34207
20230807 34190
20230809 34215
20230807 34190
20230810 34230
20230807 34190
20230811 34219
20230807 34190
20230812 34216
20230807 34190
20230813 34204
20230807 34190
20230815 34212
20230807 34190
20230816 34218
20230807 34190
20230817 34229
20230807 34190
20230818 34257
20230807 34190
20230819 34278
20230807 34190
20230820 34295
20230807 34190
20230821 34300
20230807 34190
20230822 34301
20230807 34190
20230823 34309
20230807 34190
20230824 34326
20230807 34190
20230825 34338
20230807 34190
20230826 34344
20230807 34190
20230827 34342
20230807 34190
20230828 34345
20230807 34190
20230829 34356
20230807 34190
20230830 34368
20230807 34190
20230831 34381
20230807 34190
20230901 34383
20230807 34190
20230902 34380
20230807 34190
20230903 34382
20230807 34190
20230904 34388
20230807 34190
20230905 34390
20230807 34190
20230906 34401
20230807 34190
20230907 34439
20230807 34190
20230908 34454
20230807 34190
20230909 34468
20230807 34190
20230910 34477
20230807 34190
20230911 34487
20230807 34190
20230912 34505
20230807 34190
20230913 34538
20230807 34190
20230914 34566
20230807 34190
20230915 34576
20230807 34190
20230916 34573
20230807 34190
20230917 34577
20230918 34577
20230919 34592
20230918 34577
20230920 31267
20230918 34577
20230921 31304
20230918 34577
20230922 31318
20230918 34577
20230923 31342
20230918 34577
20230924 31337
20230918 34577
20230925 31360
20230918 34577
20230926 31352
20230918 34577
20230927 31367
20230918 34577
20230928 31381
20230918 34577
20230929 31382
20230918 34577
20230930 31409
20230918 34577
20231001 31413
20230918 34577
20231002 31430
20230918 34577
20231003 31465
20230918 34577
20231005 31534
20230918 34577
20231007 31596
20230918 34577
20231008 31623
20230918 34577
20231009 31641
20231010 31641
20231011 31657
20231010 31641
20231012 31682
20231010 31641
20231013 31718
20231010 31641
20231014 31723
20231010 31641
20231015 31730
20231010 31641
20231016 31720
20231010 31641
20231017 31760
20231010 31641
20231018 31777
20231010 31641
20231019 31794
20231010 31641
20231020 31812
20231010 31641
20231021 31830
20231010 31641
20231022 31829
20231010 31641
20231023 31844
20231010 31641
20231024 31877
20231010 31641
20231025 31905
20231010 31641
20231026 31916
20231010 31641
20231027 31904
20231010 31641
20231028 31895
20231010 31641
20231029 31877
20231010 31641
20231030 31868
20231010 31641
20231031 31866
20231010 31641
20231101 31865
20231010 31641
20231102 31854
20231010 31641
20231103 31866
20231010 31641
20231104 31873
20231010 31641
20231105 31876
20231010 31641
20231106 31863
20231010 31641
20231107 31866
20231010 31641
20231108 31879
20231010 31641
20231109 31881
20231010 31641
20231110 31929
20231010 31641
20231111 31983
20231010 31641
20231112 32006
20231010 31641
20231113 32018
20231010 31641
20231114 32036
20231010 31641
20231115 32067
20231010 31641
20231116 32094
20231010 31641
20231117 32116
20231010 31641
20231118 32124
20231010 31641
20231120 32154
20231010 31641
20231121 32167
20231010 31641
20231122 32198
20231010 31641
20231123 32240
20231010 31641
20231124 32233
20231010 31641
20231125 32223
20231010 31641
20231126 32210
20231010 31641
20231127 32190
20231010 31641
20231128 32199
20231010 31641
20231129 32211
20231010 31641
20231130 32188
20231010 31641
20231201 32193
20231010 31641
20231202 32243
20231010 31641
20231203 32238
20231010 31641
20231204 32219
20231010 31641
20231205 32237
20231010 31641
20231206 32241
20231010 31641
20231207 32244
20231010 31641
20231208 32289
20231010 31641
20231209 32311
20231010 31641
20231210 32313
20231010 31641
20231211 32314
20231010 31641
20231212 32328
20231010 31641
20231213 32373
20231010 31641
20231214 32425
20231010 31641
20231215 32476
20231010 31641
20231216 32514
20231010 31641
20231217 32565
20231010 31641
20231218 32615
20231010 31641
20231219 32656
20231010 31641
20231220 32692
20231010 31641
20231221 32765
20231010 31641
20231222 32824
20231010 31641
20231223 32830
20231010 31641
20231224 32865
20231010 31641
20231225 32811
20231010 31641
20231226 32776
20231010 31641
20231227 32732
20231010 31641
20231230 32831
20231010 31641
20231231 32880
20231010 31641
20240101 32886
20231010 31641
20240102 32865
20231010 31641
20240103 32900
20231010 31641
20240104 32865
20231010 31641
20240105 32911
20231010 31641
20240106 32951
20231010 31641
20240107 32665
20231010 31641
20240108 32660
20231010 31641
20240109 32659
20231010 31641
20240110 32655
20231010 31641
20240111 32579
20231010 31641
20240112 32568
20231010 31641
20240113 32451
20231010 31641
20240114 32401
20231010 31641
20240115 32337
20231010 31641
20240116 32258
20231010 31641
20240117 32221
20231010 31641
20240118 32148
20231010 31641
20240119 32104
20231010 31641
20240120 32047
20231010 31641
20240121 31979
20231010 31641
20240122 31956
20231010 31641
20240124 31876
20231010 31641
20240125 31802
20231010 31641
20240126 31785
20231010 31641
20240127 31731
20231010 31641
20240128 31678
20231010 31641
20240129 31657
20231010 31641
20240130 31650
20231010 31641
20240131 31638
20231010 31641
20240201 31622
20231010 31641
20240202 31600
20231010 31641
20240203 31543
20231010 31641
20240204 31503
20231010 31641
20240205 31496
20231010 31641
20240206 31486
20231010 31641
20240207 31517
20231010 31641
20240208 30538
20231010 31641
20240209 30543
20231010 31641
20240210 30561
20231010 31641
20240211 30570
20231010 31641
20240212 30607
20231010 31641
20240213 30628
20231010 31641
20240214 30645
20231010 31641
20240215 30665
20231010 31641
20240216 30691
20231010 31641
20240217 30747
20231010 31641
20240218 30770
20231010 31641
20240219 30773
20231010 31641
20240220 30793
20231010 31641
20240221 30816
20231010 31641
20240222 30836
20231010 31641
20240223 30821
20231010 31641
20240224 30794
20231010 31641
20240225 30791
20231010 31641
20240226 30768
20231010 31641
20240227 30745
20231010 31641
20240228 30750
20231010 31641
20240229 30720
20231010 31641
20240301 30701
20231010 31641
20240302 30661
20231010 31641
20240303 30637
20231010 31641
20240304 30612
20231010 31641
20240305 30583
20231010 31641
20240306 30547
20231010 31641
20240307 30576
20231010 31641
20240308 30533
20231010 31641
20240309 30539
20231010 31641
20240310 30489
20231010 31641
20240311 30465
20231010 31641
20240312 30503
20231010 31641
20240313 30569
20231010 31641
20240314 30541
20231010 31641
20240315 30565
20231010 31641
20240316 30542
20231010 31641
20240317 30553
20231010 31641
20240318 30530
20231010 31641
20240319 30537
20231010 31641
20240320 30509
20231010 31641
20240321 30520
20231010 31641
20240322 30484
20231010 31641
20240323 30489
20231010 31641
20240324 30496
20231010 31641
20240325 30453
20231010 31641
20240326 30454
20231010 31641
20240327 30463
20231010 31641
20240328 30458
20231010 31641
20240329 30434
20231010 31641
20240330 30428
20231010 31641
20240331 30393
20231010 31641
20240401 30400
20231010 31641
20240402 30392
20231010 31641
20240403 30545
20231010 31641
20240404 30521
20231010 31641
20240405 30517
20231010 31641
20240406 30515
20231010 31641
20240407 30531
20231010 31641
20240408 30527
20240409 30527
20240410 30532
20240409 30527
20240411 30517
20240409 30527
20240412 30537
20240409 30527
20240413 30504
20240409 30527
20240415 30501
20240409 30527
20240416 30503
20240409 30527
20240417 30506
20240409 30527
20240418 30518
20240409 30527
20240419 30531
20240409 30527
20240420 30553
20240409 30527
20240421 30567
20240409 30527
20240422 30556
20240409 30527
20240423 30573
20240409 30527
20240424 30589
20240409 30527
20240425 30597
20240409 30527
20240426 30608
20240409 30527
20240427 30601
20240409 30527
20240428 30585
20240409 30527
20240429 30597
20240409 30527
20240430 30621
20240409 30527
20240501 30622
20240409 30527
20240503 30636
20240504 30636
20240505 30638
20240504 30636
20240506 30656
20240504 30636
20240507 30660
20240504 30636
20240508 30690
20240504 30636
20240509 30720
20240504 30636
20240510 30735
20240504 30636
20240511 30733
20240504 30636
20240512 30762
20240504 30636
20240513 30774
20240504 30636
20240514 30805
20240504 30636
20240515 30828
20240504 30636
20240516 30847
20240504 30636
20240517 30851
20240504 30636
20240518 30873
20240504 30636
20240519 30920
20240504 30636
20240520 30916
20240504 30636
20240521 30954
20240504 30636
20240522 30995
20240504 30636
20240523 31046
20240504 30636
20240524 31071
20240504 30636
20240525 31083
20240504 30636
20240526 31079
20240504 30636
20240527 31078
20240504 30636
20240528 31096
20240504 30636
20240529 31133
20240504 30636
20240530 31175
20240504 30636
20240531 31210
20240504 30636
20240601 31226
20240504 30636
20240602 31249
20240504 30636
20240603 31260
20240504 30636
20240604 31302
20240504 30636
20240605 31325
20240504 30636
20240606 31346
20240504 30636
20240609 31391
20240504 30636
20240611 31433
20240504 30636
20240612 31463
20240504 30636
20240613 31535
20240504 30636
20240614 31560
20240504 30636
20240615 31575
20240504 30636
20240616 31596
20240504 30636
20240617 31608
20240504 30636
20240618 31660
20240504 30636
20240620 31729
20240504 30636
20240621 31754
20240504 30636
20240622 31763
20240504 30636
20240623 31783
20240504 30636
20240624 31810
20240504 30636
20240626 31867
20240504 30636
20240627 31902
20240504 30636
20240628 31921
20240504 30636
20240629 31945
20240504 30636
20240630 31972
20240504 30636
20240701 32008
20240504 30636
20240702 32037
20240504 30636
20240703 32074
20240504 30636
20240704 32102
20240504 30636
20240705 32184
20240504 30636
20240706 32211
20240504 30636
20240707 32242
20240504 30636
20240708 32267
20240504 30636
20240709 32312
20240504 30636
20240710 32352
20240504 30636
20240711 32402
20240504 30636
20240712 32422
20240504 30636
20240713 32444
20240504 30636
20240714 32457
20240504 30636
20240715 32466
20240504 30636
20240716 32462
20240504 30636
20240717 32470
20240504 30636
20240718 32501
20240504 30636
20240719 32522
20240504 30636
20240720 32546
20240504 30636
20240721 32555
20240504 30636
20240722 32565
20240504 30636
20240723 32596
20240724 32596
20240725 32630
20240724 32596
20240726 32632
20240724 32596
20240727 32640
20240724 32596
20240728 32649
20240724 32596
20240729 32669
20240724 32596
20240730 32708
20240724 32596
20240731 32732
20240724 32596
20240801 32745
20240724 32596
20240802 32754
20240724 32596
20240803 32759
20240724 32596
20240804 32751
20240724 32596
20240805 32753
20240724 32596
20240806 32759
20240724 32596
20240807 32783
20240724 32596
20240808 32842
20240724 32596
20240809 32871
20240724 32596
20240810 32879
20240724 32596
20240811 32883
20240724 32596
20240812 32879
20240724 32596
20240813 32924
20240724 32596
20240814 33188
20240724 32596
20240815 33200
20240724 32596
20240816 33220
20240724 32596
20240817 33230
20240724 32596
20240818 33238
20240724 32596
20240819 33232
20240724 32596
20240820 33246
20240724 32596
20240821 33251
20240724 32596
20240822 33568
20240724 32596
20240823 33584
20240724 32596
20240824 33597
20240724 32596
20240825 33622
20240724 32596
20240826 33628
20240724 32596
20240827 33651
20240724 32596
20240828 33175
20240724 32596
20240829 33190
20240724 32596
20240830 33229
20240724 32596
20240831 33241
20240724 32596
20240901 33244
20240724 32596
20240902 33257
20240724 32596
20240903 33266
20240724 32596
20240904 33283
20240724 32596
20240905 33279
20240724 32596
20240906 33299
20240724 32596
20240907 33315
20240724 32596
20240908 33316
20240724 32596
20240909 33304
20240724 32596
20240910 33305
20240724 32596
20240911 33339
20240724 32596
20240912 33357
20240724 32596
20240913 33365
20240724 32596
20240914 33367
20240724 32596
20240915 33396
20240724 32596
20240916 33401
20240724 32596
20240917 33414
20240724 32596
20240918 33467
20240724 32596
20240919 33465
20240724 32596
20240920 33508
20240724 32596
20240921 33525
20240724 32596
20240921 33539
20240922 33539
20240925 33696
20240922 33539
20240926 33656
20240922 33539
20240927 33672
20240922 33539
20240928 33690
20240922 33539
20240929 33693
20240929 33693
