20230707 299
20230709 299
20230710 299
20230711 302
20230712 302
20230714 302
20230715 302
20230716 302
20230717 302
20230718 302
20230719 302
20230720 302
20230721 303
20230722 303
20230723 303
20230724 302
20230725 302
20230726 302
20230727 302
20230728 302
20230729 302
20230730 302
20230731 302
20230801 302
20230802 302
20230803 302
20230804 302
20230805 303
20230806 303
20230807 303
20230808 303
20230809 303
20230810 303
20230811 303
20230812 309
20230813 309
20230815 309
20230816 310
20230817 312
20230818 312
20230819 312
20230820 312
20230821 312
20230822 312
20230823 313
20230824 313
20230825 313
20230826 318
20230827 318
20230828 318
20230829 318
20230830 318
20230831 320
20230901 322
20230902 322
20230903 322
20230904 322
20230905 322
20230906 322
20230907 323
20230908 325
20230909 324
20230910 324
20230911 324
20230912 324
20230913 324
20230914 324
20230915 324
20230916 324
20230917 324
20230918 324
20230919 324
20230920 215
20230921 216
20230922 216
20230923 216
20230924 216
20230925 216
20230926 216
20230927 216
20230928 216
20230929 216
20230930 216
20231001 216
20231002 216
20231003 216
20231005 216
20231007 216
20231008 216
20231009 216
20231010 216
20231011 216
20231012 216
20231013 216
20231014 216
20231015 217
20231016 217
20231017 218
20231018 218
20231019 219
20231020 219
20231021 219
20231022 219
20231023 219
20231024 219
20231025 219
20231026 219
20231027 219
20231028 219
20231029 219
20231030 219
20231031 219
20231101 219
20231102 221
20231103 223
20231104 223
20231105 223
20231106 223
20231107 223
20231108 224
20231109 224
20231110 224
20231111 224
20231112 224
20231113 224
20231114 224
20231115 224
20231116 224
20231117 224
20231118 224
20231120 224
20231121 224
20231122 224
20231123 225
20231124 225
20231125 225
20231126 225
20231127 225
20231128 225
20231129 225
20231130 226
20231201 226
20231202 226
20231203 226
20231204 226
20231205 226
