20230710 4024466
20230711 4024466
20230712 4024466
20230713 4024466
20230714 4024466
20230715 4024466
20230716 4024466
20230717 4048806
20230718 4048806
20230719 4048806
20230720 4048806
20230721 4048806
20230722 4048806
20230723 4048806
20230724 4048806
20230725 4048806
20230726 4048806
20230727 4048806
20230728 4048806
20230729 4048806
20230730 4048806
20230731 4048806
20230801 4048806
20230802 4048806
20230803 4048806
20230804 4048806
20230805 4048806
20230806 4048806
20230807 4048806
20230808 4048806
20230809 4048806
20230810 4048806
20230811 4070672
20230812 4070672
20230813 4070672
20230814 4070672
20230815 4070672
20230816 4070672
20230817 4070672
20230818 4070672
20230819 4070672
20230820 4070672
20230821 4070672
20230822 4070672
20230823 4070672
20230824 4070672
20230825 4070672
20230826 4070672
20230827 4070672
20230828 4070672
20230829 4070672
20230830 4070672
20230831 4070672
20230901 4070672
20230902 4070672
20230903 4070672
20230904 4070672
20230905 4070672
20230906 4070672
20230907 4070672
20230908 4070672
20230909 4070672
20230910 4070672
20230911 4070672
20230912 4070672
20230913 4070672
20230914 4070672
20230915 4070672
20230916 4070672
20230917 4070672
20230918 4070672
20230919 4117550
20230920 4117550
20230921 4117550
20230922 4117550
20230923 4117550
20230924 4117550
20230925 4117550
20230926 4117550
20230927 4117550
20230928 4117550
20230929 4117550
20230930 4117550
20231001 4117550
20231002 4117550
20231003 4117550
20231005 4117550
20231007 4117550
20231008 4117550
20231009 4117550
20231010 4117550
20231011 4117550
20231012 4117550
20231013 4117550
20231014 4117550
20231015 4137831
20231016 4137831
20231017 4137831
20231018 4137831
20231019 4137831
20231020 4137831
20231021 4137831
20231022 4137831
20231023 4137831
20231024 4137831
20231025 4137831
20231026 4137831
20231027 4137831
20231028 4137831
20231029 4137831
20231030 4137831
20231031 4137831
20231101 4137831
20231102 4137831
20231103 4137831
20231104 4137831
20231105 4137831
20231106 4137831
20231107 4137831
20231108 4137831
20231109 4137831
20231110 4137831
20231111 4137831
20231112 4137831
20231113 4137831
20231114 4137831
20231115 4158074
20231116 4158074
20231117 4158074
20231118 4158074
20231120 4158074
20231121 4158074
20231122 4158074
20231123 4158074
20231124 4158074
20231125 4158074
20231126 4158074
20231127 4158074
20231128 4158074
20231129 4158074
20231130 4158074
20231201 4158074
20231202 4158074
20231203 4158074
20231204 4158074
20231205 4158074
20231206 4158074
20231207 4158074
20231208 4158074
20231209 4158074
20231210 4158074
20231211 4158074
20231212 4158074
20231213 4158074
20231214 4158074
20231215 4176799
20231216 4176799
20231217 4176799
20231218 4176799
20231219 4176799
20231220 4176799
20231221 4176799
20231222 4176799
20231223 4176799
20231224 4176799
20231225 4176799
20231226 4176799
20231227 4176799
20231230 4176799
20231231 4176799
20240101 4176799
20240102 4176799
20240103 4176799
20240104 4176799
20240105 4176799
20240106 4176799
20240107 4176799
20240108 4176799
20240109 4176799
20240110 4176799
20240111 4176799
20240112 4176799
20240113 4176799
20240114 4183248
20240115 4183248
20240116 4183248
20240117 4183248
20240118 4183248
20240119 4183248
20240120 4183248
20240121 4183248
20240122 4183248
20240124 4183248
20240125 4183248
20240126 4183248
20240127 4183248
20240128 4183248
20240129 4183248
20240130 4183248
20240131 4183248
20240201 4183248
20240202 4183248
20240203 4183248
20240204 4183248
20240205 4183248
20240206 4183248
20240207 4183248
20240208 4183248
20240209 4183248
20240210 4183248
20240211 4183248
20240212 4183248
20240213 4183248
20240214 4183248
20240215 4183248
20240216 4183248
20240217 4183248
20240218 4183248
20240219 4183248
20240220 4197951
20240221 4197951
20240222 4197951
20240223 4197951
20240224 4197951
20240225 4197951
20240226 4197951
20240227 4197951
20240228 4197951
20240229 4197951
20240301 4197951
20240302 4197951
20240303 4197951
20240304 4197951
20240305 4197951
20240306 4197951
20240307 4197951
20240308 4197951
20240309 4197951
20240310 4197951
20240311 4197951
20240312 4197951
20240313 4197951
20240314 4215516
20240315 4215516
20240316 4215516
20240317 4215516
