20230707 3
20230919 3
20230920 1
20250402 1
20250403 136
20250404 163
20250405 171
20250407 171
20250408 184
20250409 205
20250410 208
20250411 210
20250412 215
20250414 215
20250415 226
20250416 234
20250417 235
20250418 240
20250422 240
20250423 244
20250424 247
20250425 249
20250426 252
20250428 252
20250429 256
20250430 261
20250501 262
20250502 274
20250503 286
20250512 286
20250513 289
20250514 290
20250515 290
20250516 294
20250517 320
20250518 322
20250519 322
20250520 804
20250521 930
20250522 956
20250523 1001
20250524 1041
20250525 1051
20250526 1072
20250527 1107
20250528 1118
20250529 1133
20250530 1137
20250531 1143
20250601 1149
20250602 1155
20250603 1173
20250604 1178
20250605 1180
20250606 1185
20250607 1188
20250608 1192
20250609 1192
20250610 1197
20250611 1202
20250612 1205
20250613 1233
20250614 1236
20250615 1238
20250616 1249
20250617 1251
20250618 1255
20250619 1255
20250620 1257
20250621 1260
20250622 1264
20250623 1268
20250624 1272
20250625 1275
20250626 1282
20250627 1285
20250628 1291
20250629 1296
20250630 1298
