20230707 45
20230919 45
20230920 43
20231003 43
20231005 44
20240624 44
20240626 44
20240627 44
20240628 44
20240629 44
20240630 44
20240701 44
20240702 44
20240703 44
20240704 44
20240705 44
20240706 44
20240707 44
20240708 44
20240709 44
20240710 44
20240711 44
20240712 44
20240713 44
20240714 44
20240715 44
20240716 44
20240717 44
20240718 44
20240719 44
20240720 44
20240721 44
20240722 44
20240723 44
20240724 44
20240725 44
20240726 44
20240727 44
20240728 44
20240729 44
20240730 44
20240731 44
20240801 44
20240802 44
20240803 44
20240804 44
20240805 44
20240806 44
20240807 44
20240808 44
20240809 44
20240810 44
20240811 44
20240812 44
20240813 44
20240814 44
20240815 44
20240816 44
20240817 44
20240818 44
20240819 44
20240820 44
20240821 44
20240822 44
20240823 44
20240824 44
20240825 44
20240826 44
20240827 44
20240828 44
20240829 44
20240830 44
20240831 44
20240901 44
20240902 44
20240903 44
20240904 44
20240905 44
20240906 44
20240907 44
