20230707 12045
20230709 12045
20230710 12042
20230711 12045
20230712 12048
20230713 12054
20230714 12056
20230715 12055
20230716 12053
20230717 12052
20230718 12054
20230719 12055
20230720 12056
20230721 12056
20230722 12053
20230723 12054
20230724 12056
20230725 12056
20230726 12053
20230727 12051
20230728 12053
20230729 12054
20230730 12053
20230731 12053
20230801 12052
20230802 12052
20230803 12054
20230804 12053
20230805 12054
20230806 12053
20230807 12054
20230808 12057
20230809 12059
20230810 12060
20230811 12061
20230812 12062
20230813 12016
20230815 12015
20230816 12016
20230817 12016
20230818 12015
20230819 12013
20230820 12011
20230821 12012
20230822 12012
