20230707 355832
20230709 355592
20230710 355737
20230711 355923
20230712 356342
20230713 356869
20230714 357206
20230715 357006
20230716 357411
20230717 357427
20230718 357690
20230719 357646
20230720 357879
20230721 358168
20230722 358566
20230723 358683
20230724 358829
20230725 358701
20230726 358309
20230727 358484
20230728 358520
20230729 358257
20230730 358062
20230731 358106
20230801 358064
20230802 358148
20230803 357968
20230804 357623
20230805 357887
20230806 357862
20230807 357705
20230808 358241
20230809 356011
20230810 354348
20230811 354947
20230812 355474
20230813 355402
20230815 356717
20230816 356257
