20230707 22483
20230709 22473
20230710 22477
20230711 22477
20230712 22473
20230711 22477
20230713 22470
20230711 22477
20230714 22463
20230711 22477
20230715 22467
20230711 22477
20230716 22460
20230711 22477
20230717 22447
20230711 22477
20230718 22445
20230711 22477
20230719 22436
20230711 22477
20230720 22424
20230711 22477
20230721 22414
20230711 22477
20230722 22429
20230711 22477
20230723 22395
20230711 22477
20230724 22385
20230711 22477
20230725 22395
20230711 22477
20230726 22415
20230711 22477
20230727 22422
20230711 22477
20230728 22431
20230711 22477
20230729 22434
20230711 22477
20230730 22448
20230711 22477
20230731 22449
20230711 22477
20230801 22447
20230711 22477
20230802 22440
20230711 22477
20230803 22444
20230711 22477
20230804 22440
20230711 22477
20230805 22436
20230711 22477
20230806 22428
20230711 22477
20230807 22420
20230711 22477
20230808 22416
20230711 22477
20230809 22415
20230711 22477
20230810 22418
20230711 22477
20230811 22408
20230711 22477
20230812 22398
20230711 22477
20230813 22380
20230711 22477
20230815 22373
20230711 22477
20230816 22379
20230711 22477
20230817 22367
20230711 22477
20230818 22377
20230711 22477
20230819 22370
20230711 22477
20230820 22365
20230711 22477
20230821 22358
20230711 22477
20230822 22363
20230711 22477
20230823 22361
20230711 22477
20230824 22355
20230711 22477
20230825 22365
20230827 22365
20230828 22361
20230827 22365
20230829 22356
20230827 22365
20230830 22350
20230827 22365
20230831 22346
20230827 22365
20230901 22348
20230827 22365
20230902 22350
20230827 22365
20230903 22341
20230827 22365
20230904 22336
20230827 22365
20230905 22338
20230827 22365
20230906 22322
20230827 22365
20230907 22308
20230827 22365
20230908 22300
20230827 22365
20230909 22288
20230827 22365
20230910 22278
20230827 22365
20230911 22280
20230912 22280
20230913 22259
20230912 22280
20230914 22256
20230912 22280
20230915 22254
20230912 22280
20230916 22253
20230912 22280
20230917 22240
20230912 22280
20230918 22228
20230912 22280
20230919 22235
20230912 22280
20230920 20677
20230912 22280
20230921 20674
20230912 22280
20230922 20672
20230912 22280
20230923 20679
20230912 22280
20230924 20656
20230912 22280
20230925 20655
20230912 22280
20230926 20640
20230912 22280
20230927 20638
20230912 22280
20230928 20639
20230912 22280
20230929 20630
20230912 22280
20230930 20638
20230912 22280
20231001 20623
20230912 22280
20231002 20622
20230912 22280
20231003 20635
20230912 22280
20231005 20628
20230912 22280
20231007 20619
20230912 22280
20231008 20622
20230912 22280
20231009 20609
20230912 22280
20231010 20601
20231011 20601
20231012 20592
20231011 20601
20231013 20597
20231014 20601
20231011 20601
20231015 20598
20231011 20601
20231016 20584
20231011 20601
20231017 20591
20231011 20601
20231018 20600
20231011 20601
20231019 20605
20231011 20601
20231020 20607
20231011 20601
20231021 20608
20231022 20601
20231011 20601
20231023 20591
20231011 20601
20231024 20605
20231011 20601
20231025 20609
20231011 20601
20231026 20617
20231011 20601
20231027 20603
20231011 20601
20231028 20599
20231011 20601
20231029 20588
20231011 20601
20231030 20581
20231011 20601
20231031 20587
20231011 20601
20231101 20592
20231011 20601
20231102 20595
20231011 20601
20231103 20574
20231011 20601
20231104 20579
20231011 20601
20231105 20570
20231011 20601
20231106 20575
20231011 20601
20231107 20573
20231011 20601
20231108 20577
20231011 20601
20231109 20562
20231011 20601
20231110 20554
20231011 20601
20231111 20553
20231011 20601
20231112 20548
20231011 20601
20231113 20546
20231011 20601
20231114 20559
20231011 20601
20231115 20552
20231011 20601
20231116 20550
20231011 20601
20231117 20575
20231011 20601
20231118 20571
20231011 20601
20231120 20549
20231011 20601
20231121 20551
20231011 20601
20231122 20543
20231011 20601
20231123 20550
20231011 20601
20231124 20561
20231011 20601
20231125 20553
20231011 20601
20231126 20543
20231011 20601
20231127 20538
20231011 20601
20231128 20544
20231011 20601
20231129 20548
20231011 20601
20231130 20556
20231011 20601
20231201 20543
20231011 20601
20231202 20548
20231011 20601
20231203 20542
20231011 20601
20231204 20540
20231205 20540
20231206 20535
20231205 20540
20231207 20529
20231205 20540
20231208 20522
20231205 20540
20231209 20515
20231205 20540
20231210 20517
20231205 20540
20231211 20514
20231212 20514
20231213 20541
20231212 20514
20231214 20545
20231212 20514
20231215 20558
20231212 20514
20231216 20538
20231212 20514
20231217 20518
20231212 20514
20231218 20511
20231212 20514
20231219 20495
20231220 20495
20231221 20494
20231220 20495
20231222 20513
20231220 20495
20231223 20505
20231220 20495
20231224 20496
20231220 20495
20231225 20482
20231220 20495
20231226 20483
20231220 20495
20231227 20480
20231220 20495
20231230 20484
20231220 20495
20231231 20481
20231220 20495
20240101 20477
20240102 20477
20240103 20469
20240102 20477
20240104 20465
20240102 20477
20240105 20463
20240102 20477
20240106 20459
20240102 20477
20240107 20445
20240102 20477
20240108 20436
20240102 20477
20240109 20438
20240102 20477
20240110 20454
20240102 20477
20240111 20453
20240102 20477
20240112 20458
20240102 20477
20240113 20457
20240102 20477
20240114 20466
20240102 20477
20240115 20465
20240102 20477
20240116 20486
20240102 20477
20240117 20508
20240102 20477
20240118 20511
20240102 20477
20240119 20509
20240102 20477
20240120 20512
20240102 20477
20240121 20503
20240102 20477
20240122 20501
20240102 20477
20240124 20521
20240102 20477
20240125 20512
20240102 20477
20240126 20510
20240102 20477
20240127 20506
20240102 20477
20240128 20498
20240102 20477
20240129 20500
20240102 20477
20240130 20495
20240102 20477
20240131 20508
20240102 20477
20240201 20495
20240102 20477
20240202 20488
20240102 20477
20240203 20474
20240102 20477
20240204 20467
20240102 20477
20240205 20464
20240102 20477
20240206 20476
20240207 20476
20240208 20481
20240207 20476
20240209 20491
20240207 20476
20240210 20485
20240207 20476
20240211 20483
20240207 20476
20240212 20478
20240207 20476
20240213 20461
20240207 20476
20240214 20470
20240207 20476
20240215 20466
20240207 20476
20240216 20456
20240207 20476
20240217 20454
20240207 20476
20240218 20458
20240207 20476
20240219 20446
20240207 20476
20240220 20448
20240207 20476
20240221 20452
20240207 20476
20240222 20454
20240207 20476
20240223 20456
20240207 20476
20240224 20455
20240207 20476
20240225 20440
20240207 20476
20240226 20472
20240207 20476
20240227 20470
20240207 20476
20240228 20463
20240207 20476
20240229 20481
20240207 20476
20240301 20492
20240207 20476
20240302 20510
20240207 20476
20240303 20509
20240207 20476
20240304 20510
20240207 20476
20240305 20503
20240207 20476
20240306 20515
20240207 20476
20240307 20522
20240207 20476
20240308 20533
20240207 20476
20240309 20523
20240207 20476
20240310 20519
20240207 20476
20240311 20513
20240207 20476
20240312 20528
20240207 20476
20240313 20532
20240207 20476
20240314 20546
20240207 20476
20240315 20575
20240207 20476
20240316 20602
20240207 20476
20240317 20593
20240207 20476
20240318 20597
20240207 20476
20240319 20627
20240207 20476
20240320 20623
20240207 20476
20240321 20629
20240207 20476
20240322 20623
20240207 20476
20240323 20622
20240207 20476
20240324 20614
20240207 20476
20240325 20603
20240207 20476
20240326 20601
20240207 20476
20240327 20614
20240207 20476
20240328 20613
20240207 20476
20240329 20616
20240207 20476
20240330 20620
20240207 20476
20240331 20625
20240207 20476
20240401 20620
20240207 20476
20240402 20623
20240207 20476
20240403 20640
20240207 20476
20240404 20650
20240207 20476
20240405 20648
20240207 20476
20240406 20642
20240207 20476
20240407 20629
20240207 20476
20240408 20631
20240207 20476
20240409 20628
20240207 20476
20240410 20623
20240207 20476
20240411 20629
20240207 20476
20240412 20637
20240207 20476
20240413 20638
20240207 20476
20240415 20649
20240207 20476
20240416 20665
20240207 20476
20240417 20659
20240207 20476
20240418 20654
20240207 20476
20240419 20663
20240207 20476
20240420 20677
20240207 20476
20240421 20676
20240207 20476
20240422 20666
20240207 20476
20240423 20668
20240207 20476
20240424 20678
20240207 20476
20240425 20681
20240207 20476
20240426 20685
20240207 20476
20240427 20691
20240207 20476
20240428 20684
20240207 20476
20240429 20683
20240207 20476
20240430 20692
20240207 20476
20240501 20687
20240207 20476
20240503 20691
20240207 20476
20240504 20680
20240207 20476
20240505 20683
20240207 20476
20240506 20681
20240207 20476
20240507 20684
20240207 20476
20240508 20691
20240207 20476
20240509 20704
20240207 20476
20240510 20698
20240207 20476
20240511 20707
20240207 20476
20240512 20712
20240207 20476
20240513 20707
20240207 20476
20240514 20714
20240207 20476
20240515 20720
20240207 20476
20240516 20714
20240207 20476
20240517 20726
20240207 20476
20240518 20723
20240207 20476
20240519 20724
20240207 20476
20240520 20722
20240207 20476
20240521 20723
20240207 20476
20240522 20718
20240207 20476
20240523 20713
20240207 20476
20240524 20715
20240207 20476
20240525 20705
20240207 20476
20240526 20702
20240207 20476
20240527 20684
20240207 20476
20240528 20691
20240207 20476
20240529 20697
20240207 20476
20240530 20708
20240207 20476
20240531 20702
20240207 20476
20240601 20696
20240207 20476
20240602 20685
20240207 20476
20240603 20679
20240207 20476
20240604 20685
20240207 20476
20240605 20702
20240207 20476
20240606 20703
20240207 20476
20240609 20693
20240207 20476
20240611 20704
20240207 20476
20240612 20699
20240613 20699
20240614 20709
20240613 20699
20240615 20705
20240613 20699
20240616 20700
20240613 20699
20240617 20693
20240613 20699
20240618 20697
20240613 20699
20240620 20706
20240613 20699
20240621 20715
20240613 20699
20240622 20722
20240613 20699
20240623 20724
20240613 20699
20240624 20719
20240613 20699
20240626 20737
20240613 20699
20240627 20732
20240613 20699
20240628 20741
20240613 20699
20240629 20727
20240613 20699
20240630 20717
20240613 20699
20240701 20725
20240613 20699
20240702 20721
20240613 20699
20240703 20715
20240613 20699
20240704 20720
20240613 20699
20240705 20730
20240706 20730
20240707 20718
20240706 20730
20240708 20698
20240706 20730
20240709 20690
20240706 20730
20240710 20706
20240706 20730
20240711 20700
20240706 20730
20240712 20698
20240713 20698
20240714 20687
20240715 20687
20240716 20688
20240715 20687
20240717 20691
20240715 20687
20240718 20694
20240715 20687
20240719 20707
20240715 20687
20240720 20710
20240715 20687
20240721 20716
20240715 20687
20240722 20712
20240715 20687
20240723 20693
20240724 20693
20240725 20699
20240724 20693
20240726 20696
20240724 20693
20240727 20699
20240724 20693
20240728 20689
20240729 20689
20240730 20693
20240729 20689
20240731 20695
20240729 20689
20240801 20700
20240729 20689
20240802 20704
20240729 20689
20240803 20712
20240804 20712
20240805 20690
20240804 20712
20240806 20679
20240804 20712
20240807 20677
20240804 20712
20240808 20674
20240804 20712
20240809 20635
20240804 20712
20240810 20638
20240804 20712
20240811 20656
20240804 20712
20240812 20653
20240804 20712
20240813 20662
20240804 20712
20240814 20673
20240804 20712
20240815 20680
20240804 20712
20240816 20698
20240804 20712
20240817 20714
20240804 20712
20240818 20721
20240804 20712
20240819 20722
20240804 20712
20240820 20727
20240804 20712
20240821 20785
20240804 20712
20240822 20792
20240804 20712
20240823 20800
20240804 20712
20240824 20803
20240804 20712
20240825 20793
20240804 20712
20240826 20788
20240804 20712
20240827 20786
20240804 20712
20240828 20788
20240804 20712
20240829 20785
20240804 20712
20240830 20798
20240804 20712
20240831 20803
20240804 20712
20240901 20792
20240804 20712
20240902 20794
20240804 20712
20240903 20808
20240804 20712
20240904 20815
20240804 20712
20240905 20823
20240804 20712
20240906 20824
20240804 20712
20240907 20809
20240804 20712
20240908 20800
20240804 20712
20240909 20775
20240804 20712
20240910 20764
20240804 20712
20240911 20756
20240804 20712
20240912 20777
20240804 20712
20240913 20779
20240804 20712
20240914 20789
20240804 20712
20240915 20784
20240804 20712
20240916 20779
20240804 20712
20240917 20794
20240804 20712
20240918 20797
20240804 20712
20240919 20792
20240804 20712
20240920 20825
20240804 20712
20240921 20812
20240804 20712
20240921 20817
20240804 20712
20240922 20812
20240804 20712
20240925 20852
20240804 20712
20240926 20859
20240926 20859
