20230707 3576
20230709 3576
20230710 3576
20230711 3573
20230712 3570
20230713 3572
20230714 3578
20230715 3575
20230716 3573
20230717 3575
20230718 3569
20230719 3559
20230720 3554
20230721 3550
20230722 3550
20230723 3552
20230724 3545
20230725 3544
20230726 3548
20230727 3549
20230728 3555
20230729 3567
20230730 3590
20230731 3604
20230801 3614
20230802 3618
20230803 3616
20230804 3614
20230805 3611
20230806 3612
20230807 3611
20230808 3610
20230809 3620
20230810 3622
20230811 3619
20230812 3613
20230813 3613
20230815 3612
