20230707 2655
20230709 2655
20230710 2658
20230711 2649
20230712 2649
20230713 2648
20230714 2645
20230715 2644
20230716 2639
20230717 2637
20230718 2631
20230719 2628
20230720 2633
20230721 2630
20230722 2628
20230723 2626
20230724 2621
20230725 2622
20230726 2623
20230727 2623
20230728 2618
20230729 2617
20230730 2617
20230731 2623
20230801 2625
20230802 2627
20230803 2628
20230804 2626
20230805 2627
20230806 2626
20230807 2625
20230808 2701
20230809 2701
20230810 2705
20230811 2696
20230812 2696
20230813 2693
20230815 2693
20230816 2697
20230817 2700
20230818 2696
20230819 2693
20230820 2695
20230821 2694
20230822 2693
20230823 2691
20230824 2693
20230825 2692
20230826 2694
20230827 2693
20230828 2698
20230829 2698
20230830 2701
20230831 2702
20230901 2699
20230902 2697
20230903 2698
20230904 2701
20230905 2703
20230906 2702
20230907 2703
20230908 2705
20230909 2703
20230910 2696
20230911 2696
20230912 2699
20230913 2695
20230914 2695
20230915 2695
20230916 2698
20230917 2696
20230918 2694
20230919 2697
20230920 2431
20230921 2432
20230922 2435
20230923 2436
20230924 2436
20230925 2435
20230926 2439
20230927 2440
20230928 2440
20230929 2442
20230930 2447
20231001 2445
20231002 2433
20231003 2431
20231005 2430
20231007 2428
20231008 2430
20231009 2429
20231010 2426
20231011 2419
20231012 2415
20231013 2417
20231014 2415
20231015 2416
20231016 2414
20231017 2415
20231018 2417
20231019 2418
20231020 2419
20231021 2421
20231022 2424
20231023 2424
20231024 2425
20231025 2426
20231026 2431
20231027 2430
20231028 2430
20231029 2431
20231030 2431
20231031 2436
20231101 2440
20231102 2438
20231103 2444
20231104 2444
20231105 2446
20231106 2446
20231107 2445
20231108 2443
20231109 2441
20231110 2441
20231111 2437
20231112 2436
20231113 2437
20231114 2433
20231115 2435
20231116 2435
20231117 2435
20231118 2440
20231120 2442
20231121 2444
20231122 2448
20231123 2459
20231124 2469
20231125 2474
20231126 2477
20231127 2477
20231128 2476
20231129 2474
20231130 2472
20231201 2476
20231202 2474
20231203 2476
20231204 2478
20231205 2481
20231206 2479
20231207 2480
20231208 2483
20231209 2486
20231210 2484
20231211 2487
20231212 2485
20231213 2485
20231214 2486
20231215 2488
20231216 2490
20231217 2490
20231218 2488
20231219 2487
20231220 2486
20231221 2484
20231222 2482
20231223 2479
20231224 2484
20231225 2479
20231226 2480
20231227 2480
20231230 2483
20231231 2482
20240101 2482
20240102 2481
20240103 2484
20240104 2483
20240105 2480
20240106 2507
20240107 2503
20240108 2499
20240109 2498
20240110 2497
20240111 2528
20240112 2528
20240113 2526
20240114 2526
20240115 2525
20240116 2522
20240117 2524
20240118 2523
20240119 2522
20240120 2521
20240121 2521
20240122 2516
20240124 2513
20240125 2514
20240126 2518
20240127 2516
20240128 2516
20240129 2517
20240130 2519
20240131 2521
20240201 2523
20240202 2523
20240203 2522
20240204 2510
20240205 2502
20240206 2502
20240207 2504
20240208 2503
20240209 2502
20240210 2503
20240211 2503
20240212 2501
20240213 2501
20240214 2498
20240215 2486
20240216 2489
20240217 2488
20240218 2496
20240219 2495
20240220 2496
20240221 2498
20240222 2497
20240223 2512
20240224 2511
20240225 2511
20240226 2512
20240227 2513
20240228 2513
20240229 2513
20240301 2514
20240302 2513
20240303 2515
20240304 2514
20240305 2515
20240306 2514
20240307 2521
20240308 2521
20240309 2523
20240310 2524
20240311 2527
20240312 2527
20240313 2527
20240314 2540
20240315 2541
20240316 2532
20240317 2516
20240318 2502
20240319 2497
20240320 2496
20240321 2497
20240322 2498
20240323 2496
20240324 2496
20240325 2493
20240326 2490
20240327 2490
20240328 2489
20240329 2494
20240330 2493
20240331 2494
20240401 2495
20240402 2496
20240403 2498
20240404 2501
20240405 2501
20240406 2503
20240407 2501
20240408 2497
20240409 2498
20240410 2498
20240411 2497
20240412 2497
20240413 2499
20240415 2498
20240416 2495
20240417 2496
20240418 2496
20240419 2495
20240420 2495
20240421 2494
20240422 2496
20240423 2496
20240424 2495
20240425 2497
20240426 2497
20240427 2497
20240428 2493
20240429 2496
20240430 2493
20240501 2487
20240503 2503
20240504 2502
20240505 2505
20240506 2503
20240507 2502
20240508 2504
20240509 2508
20240510 2514
20240511 2533
20240512 2534
20240513 2533
20240514 2539
20240515 2545
20240516 2556
20240517 2562
20240518 2578
20240519 2577
20240520 2579
20240521 2594
20240522 2596
20240523 2599
20240524 2596
20240525 2597
20240526 2599
20240527 2598
20240528 2599
20240529 2601
20240530 2601
