20230707 62268
20230709 62238
20230710 62082
20230711 62072
20230712 62006
20230713 61988
20230714 61949
20230715 61896
20230716 61807
20230717 61703
20230718 61671
20230719 61618
20230720 61636
20230721 61567
20230722 61568
20230723 61574
20230724 61545
20230725 61574
20230726 61645
20230727 61670
20230728 61718
20230729 61696
20230730 61757
20230731 61675
20230801 61702
20230802 61710
20230803 61736
20230804 61752
20230805 61674
20230806 61638
20230807 61532
20230808 61574
20230809 61632
20230810 61684
20230811 61723
20230812 61720
20230813 61705
20230815 61658
20230816 61769
20230817 61847
20230818 61904
20230819 61905
20230820 61853
20230821 61711
20230822 61808
20230823 61865
20230824 61972
20230825 62023
20230826 62047
20230827 61971
20230828 61892
20230829 61959
20230830 62036
20230831 62134
20230901 62153
20230902 62145
20230903 62122
20230904 62066
20230905 62079
20230906 62092
20230907 62184
20230908 62260
20230909 62262
20230910 62262
20230911 62223
20230910 62262
20230912 62360
20230910 62262
20230913 62422
20230910 62262
20230914 62444
20230910 62262
20230915 62498
20230910 62262
20230916 62504
20230910 62262
20230917 62480
20230910 62262
20230918 62453
20230910 62262
20230919 62493
20230910 62262
20230920 58847
20230910 62262
20230921 58998
20230910 62262
20230922 59101
20230910 62262
20230923 59207
20230910 62262
20230924 59191
20230910 62262
20230925 59172
20230910 62262
20230926 59159
20230910 62262
20230927 59258
20230910 62262
20230928 59305
20230910 62262
20230929 59387
20230910 62262
20230930 59380
20230910 62262
20231001 59337
20230910 62262
20231002 59252
20230910 62262
20231003 59221
20230910 62262
20231005 59307
20230910 62262
20231007 59240
20230910 62262
20231008 59194
20230910 62262
20231009 59133
20230910 62262
20231010 59119
20230910 62262
20231011 59118
20230910 62262
20231012 59182
20230910 62262
20231013 59201
20230910 62262
20231014 59265
20230910 62262
20231015 59226
20230910 62262
20231016 59196
20230910 62262
20231017 59207
20230910 62262
20231018 59254
20230910 62262
20231019 59267
20230910 62262
20231020 59319
20230910 62262
20231021 59367
20230910 62262
20231022 59408
20230910 62262
20231023 59341
20230910 62262
20231024 59321
20230910 62262
20231025 59344
20230910 62262
20231026 59432
20230910 62262
20231027 59437
20230910 62262
20231028 59425
20230910 62262
20231029 59400
20230910 62262
20231030 59452
20230910 62262
20231031 59440
20230910 62262
20231101 59446
20230910 62262
20231102 59518
20230910 62262
20231103 59572
20230910 62262
20231104 59616
20230910 62262
20231105 59662
20230910 62262
20231106 59683
20230910 62262
20231107 59763
20230910 62262
20231108 59835
20230910 62262
20231109 59908
20230910 62262
20231110 59933
20230910 62262
20231111 59957
20230910 62262
20231112 59922
20230910 62262
20231113 59856
20230910 62262
20231114 60002
20230910 62262
20231115 60091
20230910 62262
20231116 60195
20230910 62262
20231117 60250
20230910 62262
20231118 60326
20230910 62262
20231120 60338
20230910 62262
20231121 60426
20230910 62262
20231122 60505
20230910 62262
20231123 60669
20230910 62262
20231124 60767
20230910 62262
20231125 60902
20230910 62262
20231126 60940
20230910 62262
20231127 60893
20230910 62262
20231128 61049
20230910 62262
20231129 61186
20230910 62262
20231130 61333
20230910 62262
20231201 61503
20230910 62262
20231202 61631
20230910 62262
20231203 61789
20230910 62262
20231204 61799
20230910 62262
20231205 62050
20230910 62262
20231206 62203
20230910 62262
20231207 62387
20230910 62262
20231208 62545
20230910 62262
20231209 62720
20230910 62262
20231210 62788
20230910 62262
20231211 62783
20230910 62262
20231212 62976
20230910 62262
20231213 63258
20230910 62262
20231214 63436
20230910 62262
20231215 63626
20230910 62262
20231216 63763
20230910 62262
20231217 63827
20230910 62262
20231218 63807
20230910 62262
20231219 63948
20230910 62262
20231220 64112
20230910 62262
20231221 64190
20230910 62262
20231222 64347
20230910 62262
20231223 64528
20230910 62262
20231224 64580
20230910 62262
20231225 64605
20230910 62262
20231226 64692
20230910 62262
20231227 64798
20230910 62262
20231230 65117
20230910 62262
20231231 65156
20230910 62262
20240101 65093
20230910 62262
20240102 65044
20230910 62262
20240103 65114
20230910 62262
20240104 65237
20230910 62262
20240105 65267
20230910 62262
20240106 65233
20230910 62262
20240107 65188
20230910 62262
20240108 65145
20230910 62262
20240109 65182
20230910 62262
20240110 65204
20230910 62262
20240111 65254
20230910 62262
20240112 65306
20230910 62262
20240113 65312
20230910 62262
20240114 65233
20230910 62262
20240115 65158
20230910 62262
20240116 65210
20230910 62262
20240117 65249
20230910 62262
20240118 65314
20240119 65314
20240120 65333
20240119 65314
20240121 65300
20240119 65314
20240122 65247
20240119 65314
20240124 65212
20240119 65314
20240125 65260
20240119 65314
20240126 65295
20240119 65314
20240127 65248
20240119 65314
20240128 65160
20240119 65314
20240129 65026
20240119 65314
20240130 65010
20240119 65314
20240131 65016
20240119 65314
20240201 65009
20240119 65314
20240202 64933
20240119 65314
20240203 64899
20240119 65314
20240204 64879
20240119 65314
20240205 64874
20240119 65314
20240206 64920
20240119 65314
20240207 64990
20240119 65314
20240208 65032
20240119 65314
20240209 65057
20240119 65314
20240210 65074
20240119 65314
20240211 65101
20240119 65314
20240212 65072
20240119 65314
20240213 65090
20240119 65314
20240214 65127
20240119 65314
20240215 65143
20240119 65314
20240216 65128
20240119 65314
20240217 65022
20240119 65314
20240218 64987
20240119 65314
20240219 64952
20240119 65314
20240220 64890
20240119 65314
20240221 64876
20240119 65314
20240222 64963
20240119 65314
20240223 64991
20240119 65314
20240224 64918
20240119 65314
20240225 64834
20240119 65314
20240226 64753
20240119 65314
20240227 64730
20240119 65314
20240228 64721
20240119 65314
20240229 64738
20240119 65314
20240301 64767
20240119 65314
20240302 64719
20240119 65314
20240303 64683
20240119 65314
20240304 64631
20240119 65314
20240305 64580
20240119 65314
20240306 64564
20240119 65314
20240307 64629
20240119 65314
20240308 64604
20240119 65314
20240309 64536
20240119 65314
20240310 64476
20240119 65314
20240311 64385
20240119 65314
20240312 64389
20240119 65314
20240313 64437
20240119 65314
20240314 64577
20240119 65314
20240315 64628
20240119 65314
20240316 64601
20240119 65314
20240317 64561
20240119 65314
20240318 64509
20240119 65314
20240319 64454
20240119 65314
20240320 64495
20240119 65314
20240321 64513
20240119 65314
20240322 64467
20240119 65314
20240323 64420
20240119 65314
20240324 64229
20240119 65314
20240325 64088
20240119 65314
20240326 63801
20240119 65314
20240327 63720
20240119 65314
20240328 63682
20240119 65314
20240329 63681
20240119 65314
20240330 63699
20240119 65314
20240331 63479
20240119 65314
20240401 63126
20240119 65314
20240402 63085
20240119 65314
20240403 63054
20240119 65314
20240404 62978
20240119 65314
20240405 62984
20240119 65314
20240406 62835
20240119 65314
20240407 62545
20240119 65314
20240408 62454
20240119 65314
20240409 62395
20240119 65314
20240410 62383
20240119 65314
20240411 62106
20240119 65314
20240412 62148
20240119 65314
20240413 62091
20240119 65314
20240415 61909
20240119 65314
20240416 61873
20240119 65314
20240417 61843
20240119 65314
20240418 61847
20240119 65314
20240419 61903
20240119 65314
20240420 61854
20240119 65314
20240421 61769
20240119 65314
20240422 61648
20240119 65314
20240423 61366
20240119 65314
20240424 61287
20240119 65314
20240425 61104
20240119 65314
20240426 61071
20240119 65314
20240427 60856
20240119 65314
20240428 60663
20240119 65314
20240429 60519
20240119 65314
20240430 60428
20240119 65314
20240501 60386
20240119 65314
20240503 60345
20240119 65314
20240504 60276
20240119 65314
20240505 60114
20240119 65314
20240506 59963
20240119 65314
20240507 59973
20240119 65314
20240508 60014
20240119 65314
20240509 60038
20240119 65314
20240510 60124
20240119 65314
20240511 60082
20240119 65314
20240512 60015
20240119 65314
20240513 59909
20240119 65314
20240514 59975
20240119 65314
20240515 60072
20240119 65314
20240516 60227
20240119 65314
20240517 60446
20240119 65314
20240518 60496
20240119 65314
20240519 60518
20240119 65314
20240520 60529
20240119 65314
20240521 60692
20240119 65314
20240522 60823
20240119 65314
20240523 60953
20240119 65314
20240524 61059
20240119 65314
20240525 61175
20240119 65314
20240526 61172
20240119 65314
20240527 61183
20240119 65314
20240528 61258
20240119 65314
20240529 61409
20240119 65314
20240530 61522
20240119 65314
20240531 61626
20240119 65314
20240601 61677
20240119 65314
20240602 61676
20240119 65314
20240603 61727
20240119 65314
20240604 61856
20240119 65314
20240605 62020
20240119 65314
20240606 62148
20240119 65314
20240609 62343
20240119 65314
20240611 62490
20240119 65314
20240612 62646
20240613 62646
20240614 62942
20240613 62646
20240615 63004
20240613 62646
20240616 62992
20240613 62646
20240617 62909
20240613 62646
20240618 62974
20240613 62646
20240620 63292
20240613 62646
20240621 63416
20240613 62646
20240622 63424
20240613 62646
20240623 63431
20240613 62646
20240624 63377
20240613 62646
20240626 63651
20240613 62646
20240627 63683
20240613 62646
20240628 63780
20240613 62646
20240629 63715
20240613 62646
20240630 63661
20240613 62646
20240701 63623
20240613 62646
20240702 63625
20240613 62646
20240703 63685
20240613 62646
20240704 63773
20240613 62646
20240705 63883
20240613 62646
20240706 63961
20240613 62646
20240707 63947
20240613 62646
20240708 63943
20240613 62646
20240709 64056
20240613 62646
20240710 64235
20240613 62646
20240711 64421
20240613 62646
20240712 64650
20240613 62646
20240713 64778
20240613 62646
20240714 64736
20240613 62646
20240715 64708
20240613 62646
20240716 64781
20240613 62646
20240717 64900
20240613 62646
20240718 65051
20240613 62646
20240719 65202
20240613 62646
20240720 65286
20240613 62646
20240721 65115
20240613 62646
20240722 65058
20240613 62646
20240723 65215
20240724 65215
20240725 65581
20240724 65215
20240726 65681
20240724 65215
20240727 65822
20240724 65215
20240728 65765
20240724 65215
20240729 65738
20240724 65215
20240730 65860
20240724 65215
20240731 65995
20240724 65215
20240801 66070
20240724 65215
20240802 66081
20240724 65215
20240803 66029
20240724 65215
20240804 65854
20240724 65215
20240805 65760
20240724 65215
20240806 65907
20240724 65215
20240807 66014
20240724 65215
20240808 66086
20240724 65215
20240809 66224
20240724 65215
20240810 66272
20240724 65215
20240811 66180
20240724 65215
20240812 66140
20240724 65215
20240813 66338
20240724 65215
20240814 66559
20240724 65215
20240815 66772
20240724 65215
20240816 66936
20240724 65215
20240817 67120
20240724 65215
20240818 67097
20240724 65215
20240819 67082
20240724 65215
20240820 67281
20240724 65215
20240821 67602
20240724 65215
20240822 67830
20240724 65215
20240823 68068
20240724 65215
20240824 68202
20240724 65215
20240825 68225
20240724 65215
20240826 68209
20240724 65215
20240827 68364
20240724 65215
20240828 68535
20240724 65215
20240829 68656
20240724 65215
20240830 68839
20240724 65215
20240831 68914
20240724 65215
20240901 68850
20240724 65215
20240902 68890
20240724 65215
20240903 68965
20240724 65215
20240904 69141
20240724 65215
20240905 69315
20240724 65215
20240906 69524
20240724 65215
20240907 69727
20240724 65215
20240908 69729
20240909 69729
20240910 69853
20240909 69729
20240911 70028
20240909 69729
20240912 70293
20240909 69729
20240913 70506
20240909 69729
20240914 70647
20240909 69729
20240915 70708
20240909 69729
20240916 70687
20240909 69729
20240917 70732
20240909 69729
20240918 70889
20240909 69729
20240919 71111
20240909 69729
20240920 71300
20240909 69729
20240921 71382
20240909 69729
20240921 71431
20240909 69729
20240922 71382
20240909 69729
20240925 71716
20240925 71716
