20230922 4998
20230924 4998
20230925 5002
20230926 5008
20230927 5008
20230928 5010
20230929 5013
20230930 5015
20231001 5016
20231002 5016
20231003 5015
20231005 5015
20231007 5015
20231008 5018
20231009 5031
20231010 5044
20231011 5054
20231012 5057
20231013 5061
20231014 5064
20231015 5065
20231016 5066
20231017 5066
20231018 5066
20231019 5066
20231020 5068
20231021 5076
20231022 5078
20231023 5081
20231024 5081
20231025 5082
20231026 5082
20231027 5086
20231028 5089
20231029 5092
20231030 5095
20231031 5099
20231101 5100
20231102 5101
20231103 5104
20231104 5105
20231105 5106
20231106 5107
20231107 5111
20231108 5111
20231109 5114
20231110 5115
20231111 5117
20231112 5117
20231113 5117
20231114 5120
20231115 5120
20231116 5120
20231117 5120
20231118 5123
20231120 5177
20231121 5195
20231122 5200
20231123 5208
20231124 5211
20231125 5217
20231126 5226
20231127 5245
20231128 5252
20231129 5260
20231130 5270
20231201 5274
20231202 5274
20231203 5276
20231204 5279
20231205 5291
20231206 5291
20231207 5293
20231208 5298
20231209 5306
20231210 5307
20231211 5311
20231212 5311
20231213 5313
