20230707 6882
20230709 6882
20230710 6884
20230711 6883
20230712 6874
20230713 6870
20230714 6866
20230715 6864
20230716 6865
20230717 6866
20230718 6867
20230719 6868
20230720 6869
20230721 6871
20230722 6870
20230723 6871
20230724 6871
20230725 6873
20230726 6873
20230727 6873
20230728 6875
20230729 6873
20230730 6870
20230731 6868
20230801 6867
20230802 6874
20230803 6873
20230804 6877
20230805 6875
20230806 6877
20230807 6879
20230808 6879
20230809 6879
20230810 6881
20230811 6883
20230812 6876
20230813 6877
20230815 6881
20230816 6881
20230817 6883
20230818 6883
20230819 6882
20230820 6881
20230821 6883
20230822 6885
20230823 6885
20230824 6885
20230825 6890
20230826 6889
20230827 6888
20230828 6886
20230829 6889
20230830 6889
20230831 6891
20230901 6890
20230902 6889
20230903 6889
20230904 6889
