20230707 21617
20230709 21609
20230710 21592
20230711 21584
20230712 21577
20230713 21576
20230714 21571
20230715 21570
20230716 21564
20230717 21563
20230718 21568
20230719 21551
20230720 21556
20230721 21542
20230722 21540
20230723 21530
20230724 21521
20230725 21516
20230726 21509
20230727 21512
20230728 21510
20230729 21512
20230730 21511
20230731 21512
20230801 21513
20230802 21523
20230803 21529
20230804 21522
20230805 21521
20230806 21516
20230807 21521
20230808 21509
20230809 21509
20230810 21497
20230811 21494
20230812 21482
20230813 21478
20230815 21468
20230816 21480
20230817 21482
20230818 21480
20230819 21477
20230820 21468
20230821 21457
20230822 21457
20230823 21462
20230824 21466
20230825 21456
20230826 21453
20230827 21454
20230828 21460
20230829 21461
20230830 21459
20230831 21452
20230901 21461
