20230707 52342
20230709 52377
20230710 52360
20230711 52359
20230712 52363
20230713 52380
20230714 52399
20230715 52361
20230716 52370
20230717 52366
20230718 52383
20230719 52413
20230720 52427
20230721 52428
20230722 52433
20230723 52421
20230724 52418
20230725 52450
20230726 52464
20230727 52465
20230728 52465
20230729 52470
20230728 52465
20230730 52436
20230728 52465
20230731 52413
20230728 52465
20230801 52442
20230728 52465
20230802 52473
20230728 52465
20230803 52480
20230728 52465
20230804 52507
20230728 52465
20230805 52523
20230728 52465
20230806 52544
20230728 52465
20230807 52535
20230728 52465
20230808 52561
20230728 52465
20230809 52557
20230728 52465
20230810 52568
20230728 52465
20230811 52560
20230728 52465
20230812 52544
20230728 52465
20230813 52538
20230728 52465
20230815 52403
20230728 52465
20230816 52433
20230728 52465
20230817 52440
20230728 52465
20230818 52445
20230728 52465
20230819 52450
20230728 52465
20230820 52433
20230728 52465
20230821 52397
20230728 52465
20230822 52407
20230728 52465
20230823 52418
20230728 52465
20230824 52415
20230728 52465
20230825 52432
20230826 52432
20230827 52455
20230826 52432
20230828 52471
20230826 52432
20230829 52485
20230826 52432
20230830 52514
20230826 52432
20230831 52512
20230826 52432
20230901 52506
20230826 52432
20230902 52492
20230826 52432
20230903 52444
20230826 52432
20230904 52439
20230826 52432
20230905 52458
20230826 52432
20230906 52457
20230826 52432
20230907 52468
20230826 52432
20230908 52506
20230826 52432
20230909 52514
20230826 52432
20230910 52502
20230826 52432
20230911 52491
20230826 52432
20230912 52500
20230826 52432
20230913 52499
20230826 52432
20230914 52551
20230826 52432
20230915 52603
20230826 52432
20230916 52589
20230826 52432
20230917 52593
20230826 52432
20230918 52577
20230826 52432
20230919 52599
20230826 52432
20230920 46345
20230826 52432
20230921 46375
20230826 52432
20230922 46377
20230826 52432
20230923 46398
20230826 52432
20230924 46391
20230826 52432
20230925 46384
20230826 52432
20230926 46401
20230826 52432
20230927 46410
20230826 52432
20230928 46407
20230826 52432
20230929 46397
20230826 52432
20230930 46389
20230826 52432
20231001 46394
20230826 52432
20231002 46386
20230826 52432
20231003 46405
20230826 52432
20231005 46393
20230826 52432
20231007 46378
20230826 52432
20231008 46372
20230826 52432
20231009 46362
20230826 52432
20231010 46377
20230826 52432
20231011 46370
20230826 52432
20231012 46375
20230826 52432
20231013 46384
20230826 52432
20231014 46399
20230826 52432
20231015 46389
20230826 52432
20231016 46366
20230826 52432
20231017 46364
20230826 52432
20231018 46348
20231019 46348
20231020 46347
20231019 46348
20231021 46367
20231019 46348
20231022 46363
20231023 46363
20231024 46367
20231023 46363
20231025 46350
20231023 46363
20231026 46343
20231023 46363
20231027 46325
20231023 46363
20231028 46346
20231023 46363
20231029 46340
20231023 46363
20231030 46317
20231023 46363
20231031 46325
20231023 46363
20231101 46391
20231023 46363
20231102 46378
20231023 46363
20231103 46352
20231023 46363
20231104 46371
20231023 46363
20231105 46349
20231023 46363
20231106 46335
20231023 46363
20231107 46357
20231108 46357
20231109 46355
20231108 46357
20231110 46353
20231108 46357
20231111 46364
20231108 46357
20231112 46366
20231108 46357
20231113 46361
20231108 46357
20231114 46341
20231108 46357
20231115 46387
20231108 46357
20231116 46389
20231108 46357
20231117 46484
20231108 46357
20231118 46512
20231108 46357
20231120 46499
20231108 46357
20231121 46519
20231108 46357
20231122 46518
20231108 46357
20231123 46531
20231108 46357
20231124 46546
20231108 46357
20231125 46515
20231108 46357
20231126 46472
20231127 46472
20231128 46498
20231127 46472
20231129 46509
20231127 46472
20231130 46521
20231127 46472
20231201 46531
20231127 46472
20231202 46556
20231127 46472
20231203 46539
20231127 46472
20231204 46538
20231127 46472
20231205 46539
20231127 46472
20231206 46537
20231127 46472
20231207 46552
20231127 46472
20231208 46544
20231127 46472
20231209 46552
20231127 46472
20231210 46531
20231127 46472
20231211 46537
20231127 46472
20231212 46530
20231127 46472
20231213 46526
20231127 46472
20231214 46520
20231127 46472
20231215 46510
20231127 46472
20231216 46518
20231127 46472
20231217 46505
20231127 46472
20231218 46503
20231127 46472
20231219 46524
20231127 46472
20231220 46517
20231221 46517
20231222 46530
20231221 46517
20231223 46516
20231221 46517
20231224 46511
20231221 46517
20231225 46473
20231221 46517
20231226 46462
20231221 46517
20231227 46449
20231221 46517
20231230 46428
20231221 46517
20231231 46425
20231221 46517
20240101 46334
20231221 46517
20240102 46331
20231221 46517
20240103 46338
20231221 46517
20240104 46361
20231221 46517
20240105 46382
20231221 46517
20240106 46411
20231221 46517
20240107 46420
20231221 46517
20240108 46419
20231221 46517
20240109 46479
20231221 46517
20240110 46556
20231221 46517
20240111 46576
20231221 46517
20240112 46579
20231221 46517
20240113 46594
20231221 46517
20240114 46610
20231221 46517
20240115 46603
20231221 46517
20240116 46618
20231221 46517
20240117 46620
20231221 46517
20240118 46614
20231221 46517
20240119 46640
20231221 46517
20240120 46639
20231221 46517
20240121 46644
20231221 46517
20240122 46646
20231221 46517
20240124 46672
20231221 46517
20240125 46665
20231221 46517
20240126 46672
20231221 46517
20240127 46690
20231221 46517
20240128 46689
20231221 46517
20240129 46690
20231221 46517
20240130 46727
20231221 46517
20240131 46740
20231221 46517
20240201 46782
20231221 46517
20240202 46796
20231221 46517
20240203 46825
20231221 46517
20240204 46861
20231221 46517
20240205 46926
20231221 46517
20240206 46948
20231221 46517
20240207 46977
20231221 46517
20240208 47001
20231221 46517
20240209 47018
20231221 46517
20240210 47013
20231221 46517
20240211 47024
20231221 46517
20240212 47025
20231221 46517
20240213 47045
20240214 47045
20240215 47060
20240214 47045
20240216 47080
20240214 47045
20240217 47116
20240214 47045
20240218 47101
20240214 47045
20240219 47091
20240214 47045
20240220 47120
20240214 47045
20240221 47158
20240214 47045
20240222 47179
20240214 47045
20240223 47185
20240214 47045
20240224 47193
20240214 47045
20240225 47195
20240214 47045
20240226 47203
20240214 47045
20240227 47218
20240214 47045
20240228 47240
20240214 47045
20240229 47291
20240214 47045
20240301 47331
20240214 47045
20240302 47351
20240214 47045
20240303 47363
20240304 47363
20240305 47379
20240304 47363
20240306 47397
20240304 47363
20240307 47437
20240304 47363
20240308 47427
20240304 47363
20240309 47447
20240304 47363
20240310 47423
20240304 47363
20240311 47426
20240304 47363
20240312 47442
20240304 47363
20240313 47350
20240304 47363
20240314 47357
20240315 47363
20240304 47363
20240316 47358
20240304 47363
20240317 47366
20240304 47363
20240318 47392
20240304 47363
20240319 47402
20240304 47363
20240320 47431
20240304 47363
20240321 47448
20240304 47363
20240322 47451
20240304 47363
20240323 47447
20240304 47363
20240324 47436
20240304 47363
20240325 47435
20240304 47363
20240326 47458
20240304 47363
20240327 47473
20240304 47363
20240328 47488
20240304 47363
20240329 47511
20240304 47363
20240330 47498
20240304 47363
20240331 47495
20240304 47363
20240401 47512
20240304 47363
20240402 47518
20240304 47363
20240403 47532
20240304 47363
20240404 47558
20240304 47363
20240405 47566
20240304 47363
20240406 47572
20240304 47363
20240407 47553
20240304 47363
20240408 47556
20240409 47556
20240410 47548
20240409 47556
20240411 47545
20240409 47556
20240412 47600
20240409 47556
20240413 47569
20240409 47556
20240415 47523
20240409 47556
20240416 47521
20240409 47556
20240417 47508
20240409 47556
20240418 47530
20240409 47556
20240419 47557
20240409 47556
20240420 47574
20240409 47556
20240421 47558
20240409 47556
20240422 47553
20240409 47556
20240423 47571
20240409 47556
20240424 47594
20240409 47556
20240425 47623
20240426 47623
20240427 47627
20240426 47623
20240428 47614
20240426 47623
20240429 47612
20240430 47623
20240426 47623
20240501 47633
20240426 47623
20240503 47642
20240426 47623
20240504 47612
20240426 47623
20240505 47603
20240426 47623
20240506 47591
20240426 47623
20240507 47599
20240426 47623
20240508 47621
20240426 47623
20240509 47618
20240426 47623
20240510 47638
20240426 47623
20240511 47654
20240426 47623
20240512 47631
20240426 47623
20240513 47628
20240426 47623
20240514 47627
20240426 47623
20240515 47629
20240426 47623
20240516 47645
20240426 47623
20240517 47659
20240426 47623
20240518 47675
20240426 47623
20240519 47682
20240426 47623
20240520 47677
20240426 47623
20240521 47697
20240426 47623
20240522 47718
20240426 47623
20240523 47732
20240426 47623
20240524 47721
20240426 47623
20240525 47736
20240426 47623
20240526 47730
20240426 47623
20240527 47733
20240426 47623
20240528 47735
20240426 47623
20240529 47779
20240426 47623
20240530 47785
20240531 47785
20240601 47779
20240531 47785
20240602 47796
20240531 47785
20240603 47791
20240531 47785
20240604 47792
20240531 47785
20240605 47808
20240531 47785
20240606 47802
20240531 47785
20240609 47854
20240531 47785
20240611 47865
20240531 47785
20240612 47874
20240531 47785
20240613 47895
20240531 47785
20240614 47908
20240531 47785
20240615 47891
20240531 47785
20240616 47889
20240531 47785
20240617 47881
20240531 47785
20240618 47879
20240531 47785
20240620 47889
20240531 47785
20240621 47911
20240531 47785
20240622 47913
20240531 47785
20240623 47930
20240624 47930
20240626 48020
20240624 47930
20240627 48045
20240624 47930
20240628 48071
20240624 47930
20240629 48073
20240624 47930
20240630 48070
20240624 47930
20240701 48092
20240624 47930
20240702 48107
20240624 47930
20240703 48115
20240624 47930
20240704 48117
20240624 47930
20240705 48125
20240624 47930
20240706 48126
20240624 47930
20240707 48089
20240624 47930
20240708 48099
20240624 47930
20240709 48112
20240624 47930
20240710 48121
20240624 47930
20240711 48104
20240624 47930
20240712 48121
20240624 47930
20240713 48135
20240624 47930
20240714 48108
20240624 47930
20240715 48109
20240624 47930
20240716 48158
20240624 47930
20240717 48199
20240624 47930
20240718 48221
20240624 47930
20240719 48264
20240624 47930
20240720 48289
20240624 47930
20240721 48275
20240624 47930
20240722 48264
20240624 47930
20240723 48271
20240724 48271
20240725 48292
20240724 48271
20240726 48312
20240724 48271
20240727 48311
20240724 48271
20240728 48312
20240724 48271
20240729 48302
20240724 48271
20240730 48308
20240724 48271
20240731 48319
20240724 48271
20240801 48332
20240724 48271
20240802 48354
20240724 48271
20240803 48366
20240724 48271
20240804 48379
20240805 48379
20240806 48422
20240805 48379
20240807 48427
20240805 48379
20240808 48444
20240805 48379
20240809 48456
20240805 48379
20240810 48451
20240805 48379
20240811 48444
20240805 48379
20240812 48449
20240805 48379
20240813 48461
20240805 48379
20240814 48485
20240805 48379
20240815 48483
20240805 48379
20240816 48505
20240805 48379
20240817 48530
20240805 48379
20240818 48539
20240805 48379
20240819 48494
20240805 48379
20240820 48507
20240805 48379
20240821 48510
20240805 48379
20240822 48489
20240805 48379
20240823 48502
20240805 48379
20240824 48510
20240805 48379
20240825 48495
20240805 48379
20240826 48506
20240805 48379
20240827 48530
20240805 48379
20240828 48562
20240805 48379
20240829 48584
20240805 48379
20240830 48593
20240805 48379
20240831 48609
20240805 48379
20240901 48621
20240805 48379
20240902 48633
20240805 48379
20240903 48635
20240805 48379
20240904 48656
20240805 48379
20240905 48664
20240805 48379
20240906 48682
20240805 48379
20240907 48704
20240805 48379
20240908 48699
20240805 48379
20240909 48705
20240805 48379
20240910 48745
20240805 48379
20240911 48765
20240805 48379
20240912 48785
20240805 48379
20240913 48803
20240805 48379
20240914 48848
20240805 48379
20240915 48883
20240805 48379
20240916 48884
20240805 48379
20240917 48907
20240805 48379
20240918 48930
20240805 48379
20240919 48951
20240805 48379
20240920 48998
20240805 48379
20240921 49011
20240805 48379
20240921 49012
20240805 48379
20240922 49011
20240805 48379
20240925 49096
20240805 48379
20240926 49108
20240805 48379
20240927 49126
20240805 48379
20240928 49121
20240928 49121
