20230707 3
20230709 3
20230710 3
20230711 3
20230712 3
20230714 3
20230715 3
20230716 3
20230717 3
20230718 3
20230719 3
20230720 3
20230721 3
20230722 3
20230723 3
20230724 3
20230725 3
20230726 3
20230727 3
20230728 3
20230729 3
20230730 3
20230731 3
20230801 3
20230802 3
20230803 3
20230804 3
20230805 3
20230806 3
20230807 3
20230808 3
20230809 3
20230810 3
20230811 3
20230812 3
20230813 3
20230815 3
20230816 3
20230817 3
20230818 3
20230819 3
20230820 3
20230821 3
20230822 3
20230823 3
20230824 3
20230825 3
20230826 3
20230827 3
20230828 3
20230829 3
20230830 3
20230831 3
20230901 3
20230902 3
20230903 3
20230904 3
20230905 3
20230906 3
20230907 3
20230908 3
20230909 3
20230910 3
20230911 3
20230912 3
20230913 3
20230914 3
20230915 3
20230916 3
20230917 3
20230918 3
20230919 3
20230920 1
20230921 1
20230922 1
20230923 1
20230924 1
20230925 1
20230926 1
20230927 1
20230928 1
