20230707 4854
20230709 4853
20230710 4854
20230711 4856
20230712 4858
20230713 4856
20230714 4854
20230715 4832
20230716 4827
20230717 4831
20230718 4829
20230719 4829
20230720 4832
20230721 4830
20230722 4834
20230723 4835
20230724 4832
20230725 4831
20230726 4836
20230727 4837
20230728 4841
20230729 4845
20230730 4846
20230731 4843
20230801 4840
20230802 4841
20230803 4841
20230804 4842
20230805 4839
20230806 4838
20230807 4835
20230808 4833
20230809 4834
20230810 4834
20230811 4834
20230812 4836
20230813 4837
20230815 4844
20230816 4850
20230817 4855
20230818 4852
20230819 4858
20230820 4856
20230821 4862
20230822 4861
20230823 4869
20230824 4869
20230825 4871
20230826 4873
20230827 4872
20230828 4870
20230829 4871
20230830 4873
20230831 4872
20230901 4876
20230902 4875
20230903 4876
20230904 4873
20230905 4876
20230906 4884
20230907 4885
20230908 4883
20230909 4884
20230910 4881
20230911 4874
20230912 4872
20230913 4874
20230914 4868
20230915 4869
20230916 4874
20230917 4878
20230918 4876
20230919 4876
20230920 4707
20230921 4706
20230922 4704
20230923 4709
20230924 4704
20230925 4705
20230926 4709
20230927 4709
20230928 4710
20230929 4709
20230930 4707
20231001 4707
20231002 4709
20231003 4708
20231005 4719
20231007 4723
20231008 4726
20231009 4730
20231010 4732
20231011 4732
20231012 4731
20231013 4732
20231014 4735
20231015 4738
20231016 4738
20231017 4746
20231018 4744
20231019 4744
20231020 4744
20231021 4742
20231022 4743
20231023 4742
20231024 4750
20231025 4749
20231026 4748
20231027 4748
20231028 4752
20231029 4758
20231030 4761
20231031 4759
20231101 4756
20231102 4757
20231103 4759
20231104 4759
20231105 4759
20231106 4764
20231107 4766
20231108 4767
20231109 4767
20231110 4772
20231111 4770
20231112 4772
20231113 4772
20231114 4770
20231115 4773
20231116 4772
20231117 4769
20231118 4772
20231120 4773
20231121 4774
20231122 4772
20231123 4778
20231124 4776
20231125 4777
