20230707 26285
20230709 26377
20230710 26382
20230711 26459
20230712 26475
20230713 26493
20230714 26480
20230715 26515
20230716 26615
20230717 26634
20230718 26644
20230719 26640
20230720 26658
20230721 26689
20230722 26702
20230723 26678
20230724 26686
20230725 26739
20230726 26780
20230727 26725
20230728 26692
20230729 26707
20230730 26713
20230731 26730
20230801 26743
20230802 26774
20230803 26886
20230804 26796
20230805 26790
20230806 26783
20230807 26762
20230808 26729
20230809 26737
20230810 26759
20230811 26725
20230812 26706
20230813 26701
20230815 26767
20230816 26786
20230817 26890
20230818 26937
20230819 26964
20230820 26976
20230821 26944
20230822 26980
20230823 27008
20230824 26992
20230825 27040
20230826 27154
20230827 27168
20230828 27160
20230829 27136
20230830 27149
20230831 27153
20230901 27219
20230902 27277
20230903 27382
20230904 27399
20230905 27488
20230906 27530
20230907 27572
20230908 27609
20230909 27621
20230910 27641
20230911 27674
20230912 27711
20230913 27707
20230914 27691
20230915 27687
