20230922 3002
20230924 3004
20230925 3004
20230926 3003
20230927 3004
20230928 3005
20230929 3007
20230930 3006
20231001 3006
20231002 3004
20231003 3006
20231005 3013
20231007 3017
20231008 3015
20231009 3018
20231010 3019
20231011 3018
20231012 3019
20231013 3021
20231014 3020
20231015 3024
20231016 3026
20231017 3026
20231018 3028
20231019 3028
20231020 3030
20231021 3030
20231022 3029
20231023 3032
20231024 3034
20231025 3039
20231026 3039
20231027 3044
20231028 3044
20231029 3046
20231030 3046
20231031 3047
20231101 3047
20231102 3047
20231103 3047
20231104 3048
20231105 3048
20231106 3048
20231107 3048
20231108 3048
20231109 3052
20231110 3052
20231111 3051
20231112 3047
20231113 3048
20231114 3049
20231115 3047
20231116 3046
20231117 3046
20231118 3046
20231120 3050
20231121 3049
20231122 3050
20231123 3050
