20230708 13644
20230709 13645
20230710 13642
20230711 12649
20230712 12672
20230713 12698
20230714 12710
20230715 12756
20230716 12750
20230717 12767
20230718 12765
20230719 12787
20230720 12794
20230721 12745
20230722 12749
20230723 12674
20230724 12677
20230725 12637
20230726 12641
20230727 12639
20230728 12638
20230729 12637
20230730 12637
20230731 12643
20230801 12658
20230802 12649
20230803 12677
20230804 12686
20230805 12689
20230806 12689
20230807 12688
20230808 12692
20230809 12685
20230810 12681
20230811 12686
20230812 12688
20230813 12688
20230814 12686
20230815 12687
20230816 12684
20230817 12680
20230818 12682
20230819 12686
20230820 12689
20230821 12708
20230822 12710
20230823 12709
20230824 12714
20230825 12716
20230826 12720
20230827 12727
20230828 12727
20230829 12726
20230830 12727
20230831 12726
20230901 12735
20230902 12735
20230903 12737
20230904 12741
20230905 12740
20230906 12730
20230907 12732
20230908 12708
20230909 12711
20230910 12700
20230911 12708
20230912 12701
20230913 12699
