20230707 58300
20230710 58323
20230711 58317
20230712 58359
20230713 58395
20230714 58400
20230715 58387
20230716 58394
20230717 58409
20230718 58435
20230719 58463
20230720 58468
20230721 58477
20230722 58463
20230723 58441
20230724 58442
20230725 58425
20230726 58473
20230727 58523
20230728 58512
20230729 58517
20230730 58485
20230731 58486
20230801 58497
20230802 58519
20230803 58532
20230804 58578
20230805 58558
20230806 58549
20230807 58537
20230808 58530
20230809 58566
20230810 58595
20230811 58592
20230812 58598
20230813 58586
20230815 58595
20230816 58606
20230817 58610
20230818 58621
20230819 58625
20230820 58619
20230821 58617
20230822 58607
20230823 58645
20230824 58685
20230825 58714
20230826 58718
20230827 58716
20230828 58663
