20230707 4412
20230709 4409
20230710 4409
20230711 4409
20230712 4409
20230713 4408
20230714 4409
20230715 4409
20230716 4408
20230717 4409
20230718 4406
20230719 4409
20230720 4406
20230721 4409
20230722 4403
20230723 4403
20230724 4405
20230725 4405
20230726 4405
20230727 4405
20230728 4404
20230729 4401
20230730 4401
20230731 4403
20230801 4407
20230802 4408
20230803 4411
20230804 4411
20230805 4412
20230806 4415
20230807 4415
20230808 4417
20230809 4418
20230810 4415
20230811 4414
20230812 4416
20230813 4417
20230815 4413
20230816 4413
20230817 4414
20230818 4414
20230819 4413
20230820 4413
20230821 4415
20230822 4414
20230823 4414
20230824 4416
20230825 4416
20230826 4420
20230827 4428
20230828 4429
20230829 4429
20230830 4432
20230831 4434
20230901 4433
20230902 4435
20230903 4432
20230904 4432
20230905 4437
20230906 4438
20230907 4440
20230908 4441
20230909 4442
20230910 4440
20230911 4446
20230912 4445
20230913 4443
20230914 4444
20230915 4445
20230916 4448
20230917 4447
20230918 4447
20230919 4485
20230920 3526
20230921 3530
20230922 3529
20230923 3531
20230924 3531
20230925 3526
20230926 3525
20230927 3526
20230928 3526
20230929 3525
20230930 3527
20231001 3525
20231002 3524
20231003 3522
20231005 3524
20231007 3525
20231008 3522
20231009 3522
20231010 3520
20231011 3521
20231012 3522
20231013 3520
20231014 3521
20231015 3521
20231016 3520
20231017 3521
20231018 3520
20231019 3516
