20230707 34
20230709 34
20230710 34
20230711 34
20230712 35
20230714 35
20230715 35
20230716 35
20230717 35
20230718 35
20230719 35
20230720 35
20230721 35
20230722 35
20230723 35
20230724 35
20230725 35
20230726 35
20230727 35
20230728 35
20230729 35
20230730 35
20230731 35
20230801 35
20230802 35
20230803 35
20230804 35
20230805 35
20230806 35
20230807 35
20230808 35
20230809 35
20230810 35
20230811 35
20230812 35
20230813 35
20230815 35
20230816 35
20230817 35
20230818 35
20230819 35
20230820 35
20230821 35
20230822 35
20230823 35
20230824 35
20230825 35
20230826 35
20230827 35
20230828 35
20230829 35
20230830 35
20230831 35
20230901 35
20230902 35
20230903 35
20230904 35
20230905 35
20230906 35
20230907 35
20230908 35
20230909 35
20230910 35
20230911 35
20230912 35
20230913 35
20230914 35
20230915 35
20230916 35
20230917 35
20230918 35
20230919 35
20230920 34
20230921 34
20230922 34
20230923 34
20230924 34
20230925 34
20230926 34
20230927 34
20230928 34
20230929 34
20230930 34
20231001 34
20231002 34
20231003 34
20231005 34
20231007 34
20231008 34
20231009 34
20231010 34
20231011 34
20231012 34
20231013 34
20231014 34
20231015 34
20231016 34
20231017 34
20231018 34
20231019 34
20231020 34
20231021 34
20231022 34
20231023 34
20231024 34
20231025 34
20231026 34
20231027 34
20231028 34
20231029 34
20231030 34
20231031 34
20231101 34
20231102 34
20231103 34
20231104 34
20231105 34
20231106 34
20231107 34
20231108 34
20231109 34
20231110 34
20231111 34
20231112 34
20231113 34
20231114 34
20231115 34
20231116 34
20231117 34
20231118 34
20231120 34
20231121 34
20231122 34
20231123 34
20231124 34
20231125 34
20231126 34
20231127 34
20231128 34
20231129 34
20231130 34
20231201 34
