20230922 1225
20230927 1225
20230928 1226
20231102 1226
20231103 1227
20231111 1227
20231112 1228
20231113 1228
20231114 1230
20231115 1231
20231118 1231
20231120 1232
20231123 1232
20231124 1233
20231128 1233
20231129 1234
20231206 1234
20231207 1235
20231210 1235
20231211 1236
20231222 1236
20231223 1237
20231231 1237
20240101 1238
20240115 1238
20240116 1240
20240118 1240
20240119 1239
20240120 1240
20240121 1240
20240122 1241
20240124 1243
20240125 1243
20240126 1245
20240128 1245
20240129 1246
20240130 1248
20240131 1249
20240210 1249
20240211 1250
20240212 1252
20240306 1252
20240307 1253
20240309 1253
20240310 1254
20240313 1254
20240314 1255
20240315 1256
20240316 1257
20240317 1257
20240318 1258
20240319 1258
20240320 1259
20240321 1259
20240322 1260
20240325 1260
20240326 1261
20240329 1261
20240330 1263
20240331 1263
20240401 1264
20240409 1264
20240410 1265
20240411 1266
20240412 1267
20240415 1267
20240416 1268
20240417 1269
20240419 1269
20240420 1270
20240427 1270
20240428 1272
20240504 1272
20240505 1274
20240507 1274
20240508 1275
20240519 1275
20240520 1276
20240523 1276
20240524 1277
20240603 1277
20240604 1278
20240605 1279
20240622 1279
20240623 1281
20240624 1282
20240628 1282
20240629 1285
20240705 1285
20240706 1286
20240715 1286
20240716 1288
20240724 1288
20240725 1285
20240726 1286
20240731 1286
20240801 1287
20240802 1287
20240803 1288
20240808 1288
20240809 1289
20240811 1289
20240812 1291
20240813 1291
20240814 1294
20240816 1294
20240817 1295
20240818 1296
20240822 1296
20240823 1297
20240825 1297
20240826 1300
20240903 1300
20240904 1301
20240906 1301
20240907 1302
20240908 1302
20240909 1303
20240910 1303
20240911 1304
20240916 1304
20240917 1305
20240920 1305
20240921 1306
20240925 1306
20240926 1307
20241002 1307
20241003 1308
20241004 1309
20241008 1309
20241009 1310
20241010 1310
20241011 1311
20241012 1312
20241017 1312
20241018 1313
20241019 1313
20241020 1314
20241021 1314
20241022 1315
20241025 1315
20241026 1316
20241030 1316
20241031 1317
20241106 1317
20241107 1318
20241108 1322
20241109 1322
20241110 1323
20241111 1323
20241112 1324
20241114 1324
20241115 1325
20241117 1325
20241118 1326
20241128 1326
20241129 1329
20241130 1330
20241202 1330
20241203 1332
20241205 1332
20241206 1333
20241209 1333
20241210 1334
20241211 1334
20241212 1330
20241214 1330
20241215 1329
20241216 1329
20241217 1330
20241218 1330
20241219 1331
20241223 1331
20241224 1332
20241229 1332
20241230 1333
20250101 1333
20250102 1334
20250117 1334
20250118 1335
20250123 1335
20250124 1336
20250206 1336
20250207 1338
20250211 1338
20250212 1339
20250213 1341
20250214 1343
20250218 1343
20250219 1344
20250220 1345
20250225 1345
20250226 1346
20250305 1346
20250306 1347
20250307 1349
20250309 1349
20250310 1350
20250331 1350
20250401 1352
20250411 1352
20250412 1353
20250416 1353
20250417 1354
20250420 1354
20250421 1355
20250503 1355
20250504 1356
20250510 1356
20250511 1357
20250514 1357
20250515 1355
20250517 1355
20250518 1356
20250525 1356
20250526 1357
20250529 1357
20250530 1361
20250604 1361
20250605 1360
20250614 1360
20250615 1361
20250616 1361
20250617 1362
20250622 1362
20250623 1286
20250624 1286
20250625 1288
20250626 1288
20250627 1290
20250628 1290
20250629 1291
20250706 1291
20250707 1292
20250714 1292
20250715 1293
20250716 1293
20250717 1294
20250720 1294
20250722 1297
20250730 1297
20250731 1298
20250817 1298
20250818 1299
20250821 1299
20250822 1300
20250823 1301
20250824 1302
20250825 1303
20250826 1303
20250827 1304
20250829 1304
20250830 1305
20250904 1305
20250905 1306
20250908 1306
20250909 1308
20250918 1308
20250919 1309
20250921 1309
20250922 1310
20250924 1310
20250925 1311
20250929 1311
20250930 1312
20251013 1312
20251014 1313
20251015 1313
20251016 1314
20251017 1315
20251027 1315
20251028 1316
20251029 1316
20251030 1318
20251031 1319
20251101 1319
20251102 1320
20251115 1320
20251116 1321
20251122 1321
20251123 1322
20251206 1322
20251207 1323
20251214 1323
20251217 1325
20260103 1328
20260105 1328
20260107 1329
20260111 1329
20260112 1330
20260118 1330
20260119 1331
20260124 1331
20260125 1332
20260131 1332
20260201 1333
20260202 1334
20260222 1334
20260223 1333
20260227 1333
20260228 1334
20260301 1335
20260309 1335
20260310 1336
20260315 1336
20260316 1337
20260319 1337
20260320 1338
20260321 1338
