20230922 47870
20230924 47951
20230925 47967
20230926 47986
20230927 47992
20230928 48007
20230929 48031
20230930 48045
20231001 48059
20231002 48086
20231003 48097
20231005 48111
20231007 48147
20231008 48145
20231009 48159
20231010 48187
20231011 48193
20231012 48214
20231013 48223
20231014 48218
20231015 48208
20231016 48205
20231017 48205
20231018 48209
20231019 48209
20231020 48206
20231021 48209
20231022 48217
20231023 48235
20231024 48239
20231025 48241
20231026 48239
20231027 48249
20231028 48247
20231029 48234
20231030 48240
20231031 48251
20231101 48248
20231102 48236
20231103 48217
20231104 48192
20231105 48200
20231106 48186
20231107 48177
20231108 48177
20231109 48128
20231110 48119
20231111 48113
20231112 48118
20231113 48125
20231114 48109
20231115 48099
20231116 48113
20231117 48090
20231118 48115
