20230922 3971
20230924 3978
20230925 3984
20230926 3984
20230927 3987
20230928 3990
20230929 3992
20230930 3998
20231001 4002
20231002 4007
20231003 4010
20231005 3991
20231007 3997
20231008 3998
20231009 4000
20231010 4003
20231011 4008
20231012 4011
20231013 4014
20231014 4017
20231015 4018
20231016 4018
20231017 4018
20231018 4020
20231019 4020
20231020 4022
20231021 4006
20231022 4039
20231023 4041
20231024 4043
20231025 4045
20231026 4049
20231027 4051
20231028 4057
20231029 4060
20231030 4063
20231031 4064
20231101 4064
20231102 4065
20231103 4069
20231104 4076
20231105 4081
20231106 4085
20231107 4091
20231108 4091
20231109 4093
20231110 4065
20231111 4074
20231112 4075
20231113 4081
20231114 4082
20231115 4082
20231116 4083
20231117 4091
20231118 4094
20231120 4102
20231121 4103
20231122 4103
20231123 4103
20231124 4105
20231125 4112
20231126 4112
20231127 4110
20231128 4110
20231129 4112
20231130 4112
20231201 4114
20231202 4119
20231203 4119
20231204 4123
20231205 4130
20231206 4133
20231207 4133
20231208 4135
20231209 4137
20231210 4137
20231211 4145
20231212 4147
20231213 4147
20231214 4043
20231215 4049
20231216 4062
