20230922 2531
20230924 2534
20230925 2533
20230926 2533
20230927 2531
20230928 2533
20230929 2535
20230930 2535
20231001 2538
20231002 2538
20231003 2538
20231005 2541
20231007 2540
20231008 2540
20231009 2539
20231010 2542
20231011 2542
20231012 2544
20231013 2546
20231014 2546
20231015 2546
20231016 2546
20231017 2546
20231018 2547
20231019 2547
20231020 2548
20231021 2548
20231022 2549
20231023 2551
20231024 2551
20231025 2552
20231026 2552
20231027 2554
20231028 2555
20231029 2557
20231030 2559
20231031 2557
20231101 2555
20231102 2556
20231103 2554
20231104 2554
20231105 2553
20231106 2552
20231107 2551
20231108 2551
20231109 2549
20231110 2550
