20230707 5538
20230709 5539
20230710 5544
20230711 5548
20230712 5551
20230713 5556
20230714 5555
20230715 5566
20230716 5561
20230717 5558
20230718 5562
20230719 5562
20230720 5563
20230719 5562
20230721 5560
20230719 5562
20230722 5570
20230719 5562
20230723 5574
20230719 5562
20230724 5604
20230719 5562
20230725 5607
20230719 5562
20230726 5621
20230719 5562
20230727 5618
20230719 5562
20230728 5623
20230719 5562
20230729 5621
20230719 5562
20230730 5622
20230719 5562
20230731 5618
20230719 5562
20230801 5624
20230719 5562
20230802 5628
20230719 5562
20230803 5629
20230719 5562
20230804 5632
20230719 5562
20230805 5619
20230719 5562
20230806 5610
20230719 5562
20230807 5611
20230719 5562
20230808 5619
20230719 5562
20230809 5625
20230719 5562
20230810 5626
20230719 5562
20230811 5624
20230719 5562
20230812 5621
20230719 5562
20230813 5616
20230719 5562
20230815 5622
20230719 5562
20230816 5623
20230817 5623
20230818 5621
20230817 5623
20230819 5614
20230817 5623
20230820 5612
20230817 5623
20230821 5611
20230817 5623
20230822 5610
20230817 5623
20230823 5612
20230817 5623
20230824 5615
20230817 5623
20230825 5614
20230817 5623
20230826 5613
20230817 5623
20230827 5615
20230817 5623
20230828 5612
20230817 5623
20230829 5617
20230817 5623
20230830 5614
20230817 5623
20230831 5617
20230817 5623
20230901 5618
20230817 5623
20230902 5615
20230817 5623
20230903 5609
20230817 5623
20230904 5606
20230817 5623
20230905 5607
20230817 5623
20230906 5609
20230817 5623
20230907 5607
20230908 5607
20230909 5602
20230908 5607
20230910 5600
20230908 5607
20230911 5596
20230908 5607
20230912 5601
20230908 5607
20230913 5595
20230908 5607
20230914 5593
20230908 5607
20230915 5581
20230908 5607
20230916 5583
20230908 5607
20230917 5586
20230908 5607
20230918 5593
20230908 5607
20230919 5599
20230908 5607
20230920 5484
20230908 5607
20230921 5485
20230908 5607
20230922 5490
20230908 5607
20230923 5488
20230908 5607
20230924 5487
20230908 5607
20230925 5484
20230908 5607
20230926 5471
20230908 5607
20230927 5467
20230908 5607
20230928 5466
20230908 5607
20230929 5463
20230908 5607
20230930 5459
20230908 5607
20231001 5455
20230908 5607
20231002 5450
20230908 5607
20231003 5451
20230908 5607
20231005 5452
20230908 5607
20231007 5444
20230908 5607
20231008 5445
20231010 5445
20231011 5444
20231010 5445
20231012 5449
20231010 5445
20231013 5451
20231014 5451
20231015 5456
20231014 5451
20231016 5459
20231014 5451
20231017 5455
20231018 5455
20231019 5449
20231018 5455
20231020 5450
20231018 5455
20231021 5452
20231018 5455
20231022 5453
20231018 5455
20231023 5454
20231018 5455
20231024 5457
20231025 5457
20231026 5459
20231025 5457
20231027 5465
20231025 5457
20231028 5467
20231025 5457
20231029 5465
20231030 5465
20231031 5464
20231030 5465
20231101 5470
20231030 5465
20231102 5474
20231030 5465
20231103 5480
20231030 5465
20231104 5481
20231030 5465
20231105 5487
20231030 5465
20231106 5491
20231030 5465
20231107 5495
20231030 5465
20231108 5494
20231030 5465
20231109 5492
20231110 5492
20231111 5495
20231110 5492
20231112 5496
20231110 5492
20231113 5500
20231110 5492
20231114 5507
20231110 5492
20231115 5510
20231110 5492
20231116 5514
20231110 5492
20231117 5519
20231110 5492
20231118 5516
20231110 5492
20231120 5512
20231110 5492
20231121 5524
20231110 5492
20231122 5521
20231110 5492
20231123 5527
20231110 5492
20231124 5533
20231110 5492
20231125 5539
20231110 5492
20231126 5544
20231110 5492
20231127 5550
20231110 5492
20231128 5558
20231110 5492
20231129 5564
20231110 5492
20231130 5569
20231110 5492
20231201 5561
20231110 5492
20231202 5571
20231110 5492
20231203 5570
20231110 5492
20231204 5572
20231205 5572
20231206 5580
20231205 5572
20231207 5576
20231205 5572
20231208 5578
20231205 5572
20231209 5581
20231205 5572
20231210 5597
20231205 5572
20231211 5592
20231205 5572
20231212 5598
20231205 5572
20231213 5624
20231205 5572
20231214 5618
20231205 5572
20231215 5625
20231205 5572
20231216 5627
20231205 5572
20231217 5625
20231218 5625
20231219 5621
20231218 5625
20231220 5622
20231218 5625
20231221 5618
20231218 5625
20231222 5622
20231218 5625
20231223 5621
20231218 5625
20231224 5618
20231218 5625
20231225 5623
20231218 5625
20231226 5621
20231227 5621
20231230 5619
20231227 5621
20231231 5620
20231227 5621
20240101 5619
20231227 5621
20240102 5618
20231227 5621
20240103 5612
20231227 5621
20240104 5611
20231227 5621
20240105 5607
20231227 5621
20240106 5613
20231227 5621
20240107 5618
20231227 5621
20240108 5620
20240109 5621
20231227 5621
20240110 5623
20231227 5621
20240111 5614
20231227 5621
20240112 5619
20231227 5621
20240113 5626
20231227 5621
20240114 5624
20231227 5621
20240115 5618
20240116 5618
20240117 5619
20240118 5619
20240119 5615
20240118 5619
20240120 5622
20240118 5619
20240121 5628
20240118 5619
20240122 5630
20240118 5619
20240124 5639
20240118 5619
20240125 5638
20240118 5619
20240126 5642
20240118 5619
20240127 5646
20240118 5619
20240128 5650
20240118 5619
20240129 5652
20240118 5619
20240130 5654
20240118 5619
20240131 5656
20240118 5619
20240201 5649
20240118 5619
20240202 5651
20240118 5619
20240203 5648
20240204 5648
20240205 5646
20240204 5648
20240206 5652
20240204 5648
20240207 5654
20240204 5648
20240208 5655
20240204 5648
20240209 5661
20240204 5648
20240210 5658
20240204 5648
20240211 5661
20240204 5648
20240212 5662
20240204 5648
20240213 5677
20240204 5648
20240214 5686
20240204 5648
20240215 5688
20240204 5648
20240216 5691
20240204 5648
20240217 5689
20240204 5648
20240218 5693
20240204 5648
20240219 5699
20240204 5648
20240220 5694
20240204 5648
20240221 5685
20240204 5648
20240222 5682
20240204 5648
20240223 5679
20240204 5648
20240224 5674
20240204 5648
20240225 5673
20240204 5648
20240226 5676
20240227 5676
20240228 5677
20240229 5677
20240301 5676
20240229 5677
20240302 5674
20240229 5677
20240303 5675
20240304 5677
20240229 5677
20240305 5676
20240229 5677
20240306 5682
20240229 5677
20240307 5678
20240308 5678
20240309 5680
20240308 5678
20240310 5679
20240308 5678
20240311 5683
20240308 5678
20240312 5680
20240308 5678
20240313 5687
20240308 5678
20240314 5686
20240308 5678
20240315 5687
20240308 5678
20240316 5685
20240308 5678
20240317 5688
20240308 5678
20240318 5682
20240308 5678
20240319 5669
20240308 5678
20240320 5671
20240308 5678
20240321 5677
20240308 5678
20240322 5674
20240308 5678
20240323 5675
20240308 5678
20240324 5682
20240308 5678
20240325 5681
20240308 5678
20240326 5685
20240308 5678
20240327 5684
20240308 5678
20240328 5680
20240329 5680
20240330 5682
20240331 5680
20240329 5680
20240401 5682
20240329 5680
20240402 5681
20240403 5680
20240329 5680
20240404 5675
20240329 5680
20240405 5670
20240329 5680
20240406 5678
20240407 5678
20240408 5680
20240407 5678
20240409 5675
20240410 5678
20240407 5678
20240411 5680
20240407 5678
20240412 5686
20240407 5678
20240413 5687
20240407 5678
20240415 5692
20240416 5692
20240417 5691
20240416 5692
20240418 5686
20240416 5692
20240419 5687
20240416 5692
20240420 5689
20240421 5689
20240422 5687
20240421 5689
20240423 5690
20240421 5689
20240424 5698
20240421 5689
20240425 5697
20240421 5689
20240426 5695
20240421 5689
20240427 5692
20240421 5689
20240428 5693
20240421 5689
20240429 5691
20240421 5689
20240430 5697
20240421 5689
20240501 5698
20240421 5689
20240503 5705
20240421 5689
20240504 5706
20240421 5689
20240505 5701
20240421 5689
20240506 5704
20240421 5689
20240507 5699
20240421 5689
20240508 5702
20240421 5689
20240509 5703
20240421 5689
20240510 5707
20240421 5689
20240511 5713
20240421 5689
20240512 5700
20240421 5689
20240513 5694
20240421 5689
20240514 5697
20240515 5697
20240516 5698
20240515 5697
20240517 5694
20240515 5697
20240518 5692
20240515 5697
20240519 5693
20240515 5697
20240520 5688
20240515 5697
20240521 5679
20240515 5697
20240522 5677
20240515 5697
20240523 5679
20240515 5697
20240524 5675
20240515 5697
20240525 5663
20240515 5697
20240526 5668
20240515 5697
20240527 5661
20240515 5697
20240528 5656
20240529 5656
20240530 5655
20240531 5655
20240601 5651
20240531 5655
20240602 5646
20240603 5646
20240604 5647
20240603 5646
20240605 5714
20240603 5646
20240606 5708
20240603 5646
20240609 5701
20240603 5646
20240611 5702
20240603 5646
20240612 5667
20240603 5646
20240613 5661
20240603 5646
20240614 5657
20240603 5646
20240615 5650
20240603 5646
20240616 5649
20240603 5646
20240617 5644
20240618 5646
20240603 5646
20240620 5632
20240603 5646
20240621 5626
20240603 5646
20240622 5630
20240603 5646
20240623 5624
20240603 5646
20240624 5623
20240603 5646
20240626 5627
20240603 5646
20240627 5623
20240603 5646
20240628 5617
20240603 5646
20240629 5614
20240603 5646
20240630 5610
20240701 5610
20240702 5606
20240701 5610
20240703 5603
20240701 5610
20240704 5605
20240701 5610
20240705 5608
20240701 5610
20240706 5603
20240701 5610
20240707 5598
20240701 5610
20240708 5592
20240701 5610
20240709 5589
20240701 5610
20240710 5595
20240701 5610
20240711 5592
20240701 5610
20240712 5583
20240701 5610
20240713 5582
20240701 5610
20240714 5768
20240701 5610
20240715 5796
20240701 5610
20240716 5793
20240701 5610
20240717 5792
20240701 5610
20240718 5790
20240701 5610
20240719 5786
20240701 5610
20240720 5790
20240701 5610
20240721 5789
20240701 5610
20240722 5800
20240701 5610
20240723 5797
20240724 5797
20240725 5793
20240724 5797
20240726 5794
20240724 5797
20240727 5793
20240724 5797
20240728 5891
20240729 5891
20240730 5887
20240729 5891
20240731 5886
20240729 5891
20240801 5884
20240729 5891
20240802 5885
20240729 5891
20240803 5879
20240729 5891
20240804 5876
20240729 5891
20240805 5875
20240729 5891
20240806 5883
20240729 5891
20240807 5888
20240729 5891
20240808 5893
20240729 5891
20240809 5888
20240810 5891
20240729 5891
20240811 5893
20240729 5891
20240812 5894
20240729 5891
20240813 5893
20240729 5891
20240814 5895
20240729 5891
20240815 5901
20240816 5901
20240817 5899
20240816 5901
20240818 5894
20240820 5894
20240821 5898
20240820 5894
20240822 5902
20240820 5894
20240823 5907
20240820 5894
20240824 5902
20240820 5894
20240825 5895
20240826 5894
20240820 5894
20240827 5889
20240820 5894
20240828 5885
20240820 5894
20240829 5887
20240830 5887
20240831 5881
20240830 5887
20240901 5877
20240830 5887
20240902 5874
20240830 5887
20240903 5870
20240830 5887
20240904 5868
20240830 5887
20240905 5870
20240830 5887
20240906 5873
20240907 5873
20240908 5868
20240909 5868
20240910 5873
20240909 5868
20240911 5870
20240912 5868
20240909 5868
20240913 5873
20240914 5873
20240915 5876
20240914 5873
20240916 5874
20240914 5873
20240917 5876
20240914 5873
20240918 5879
20240914 5873
20240919 5876
20240914 5873
20240920 5878
20240914 5873
20240921 5877
20240914 5873
20240921 5882
20240922 5882
20240925 5906
20240922 5882
20240926 5909
20240927 5909
