20230707 5390
20230709 5385
20230710 5381
20230711 5378
20230712 5375
20230713 5370
20230714 5359
20230715 5363
20230716 5363
20230717 5358
20230718 5349
20230719 5338
20230720 5340
20230721 5329
20230722 5336
20230723 5334
20230724 5335
20230725 5339
20230726 5351
20230727 5344
20230728 5352
20230729 5358
20230730 5383
20230731 5396
20230801 5409
20230802 5413
20230803 5410
20230804 5404
20230805 5403
20230806 5398
20230807 5408
20230808 5410
20230809 5407
20230810 5407
20230811 5408
20230812 5401
20230813 5406
20230815 5399
20230816 5402
20230817 5413
20230818 5415
20230819 5410
20230820 5412
20230821 5415
20230822 5423
20230823 5413
20230824 5418
20230825 5423
20230826 5418
20230827 5417
20230828 5415
20230829 5417
20230830 5419
20230831 5421
20230901 5424
20230902 5431
20230903 5427
20230904 5426
20230905 5425
20230906 5435
20230907 5439
20230908 5437
20230909 5430
20230910 5432
20230911 5429
20230912 5431
20230913 5427
20230914 5424
20230915 5424
20230916 5424
20230917 5424
20230918 5422
20230919 5423
20230920 5055
20230921 5060
20230922 5062
20230923 5060
20230924 5062
20230925 5057
20230926 5043
20230927 5041
20230928 5037
20230929 5036
20230930 5036
20231001 5040
20231002 5043
20231003 5056
20231005 5055
20231007 5052
20231008 5055
20231009 5066
20231010 5075
20231011 5086
20231012 5094
20231013 5097
20231014 5100
20231015 5119
20231016 5116
20231017 5116
