20230707 7918
20230709 7904
20230710 7889
20230711 7892
20230712 7892
20230713 7895
20230714 7896
20230715 7900
20230716 7897
20230717 7900
20230718 7903
20230719 7905
20230720 7904
20230721 7901
20230722 7901
20230723 7901
20230724 7910
20230725 7909
20230726 7903
20230727 7906
20230728 7907
20230729 7908
20230730 7911
20230731 7911
20230801 7914
20230802 7912
20230803 7912
20230804 7906
20230805 7911
20230806 7911
20230807 7914
20230808 7921
20230809 7925
20230810 7928
20230811 7934
20230812 7941
20230813 7941
20230815 7938
20230816 7942
20230817 7943
20230818 7946
20230819 7945
20230820 7949
20230821 7952
20230822 7953
20230823 7951
20230824 7948
20230825 7952
20230826 7954
