20230707 1350
20230709 1350
20230710 1352
20230711 1352
20230712 1358
20230713 1363
20230714 1368
20230715 1372
20230716 1378
20230717 1383
20230718 1386
20230719 1392
20230720 1397
20230721 1404
20230722 1417
20230723 1420
20230724 1430
20230725 1438
20230726 1443
20230727 1456
20230728 1457
20230729 1458
20230730 1459
20230731 1461
20230801 1468
20230802 1471
20230803 1475
20230804 1478
20230805 1488
20230806 1489
20230807 1490
20230808 1496
20230809 1502
20230810 1502
20230811 1504
20230812 1511
20230813 1516
20230815 1518
20230816 1522
20230817 1523
20230818 1525
20230819 1530
20230820 1533
20230821 1533
20230822 1535
20230823 1536
20230824 1537
20230825 1538
20230826 1542
20230827 1544
20230828 1544
20230829 1550
20230830 1550
20230831 1553
20230901 1558
20230902 1562
20230903 1563
20230904 1563
20230905 1569
20230906 1569
20230907 1574
20230908 1576
20230909 1577
20230910 1579
20230911 1581
20230912 1585
