20230922 6236
20230924 6238
20230925 6241
20230926 6242
20230927 6243
20230928 6244
20230929 6242
20230930 6242
20231001 6238
20231002 6238
20231003 6238
20231005 6224
20231007 6224
20231008 6224
20231009 6224
20231010 6194
20231011 6221
20231012 6223
20231013 6224
20231014 6236
20231015 6237
20231016 6240
20231017 6240
20231018 6241
20231019 6241
20231020 6242
20231021 6242
20231022 6240
20231023 6241
20231024 6244
20231025 6242
20231026 6240
20231027 6240
20231028 6238
20231029 6236
20231030 6237
20231031 6233
20231101 6237
20231102 6238
20231103 6235
20231104 6235
20231105 6239
20231106 6234
20231107 6233
20231108 6233
20231109 6237
20231110 6234
20231111 6229
20231112 6229
20231113 6228
20231114 6226
