20230707 4222
20230709 4218
20230710 4218
20230711 4215
20230712 4211
20230713 4207
20230714 4211
20230715 4205
20230716 4208
20230717 4207
20230718 4202
20230719 4197
20230720 4193
20230721 4192
20230722 4191
20230723 4193
20230724 4191
20230725 4193
20230726 4193
20230727 4196
20230728 4195
20230729 4196
20230730 4193
20230731 4194
20230801 4198
20230802 4198
20230803 4199
20230804 4196
20230805 4194
20230806 4193
20230807 4190
20230808 4188
20230809 4190
20230810 4190
20230811 4188
20230812 4192
20230813 4193
20230815 4196
20230816 4198
20230817 4199
20230818 4200
20230819 4200
20230820 4198
20230821 4196
20230822 4200
20230823 4198
20230824 4193
20230825 4189
20230826 4185
20230827 4184
20230828 4180
20230829 4177
20230830 4178
20230831 4172
20230901 4172
20230902 4171
20230903 4171
20230904 4170
20230905 4171
20230906 4168
20230907 4168
20230908 4167
20230909 4164
20230910 4160
20230911 4159
20230912 4153
20230913 4158
20230914 4157
20230915 4156
20230916 4151
20230917 4149
20230918 4143
20230919 4144
20230920 3757
20230921 3752
20230922 3753
20230923 3751
20230924 3749
20230925 3748
20230926 3734
20230927 3735
20230928 3718
20230929 3717
20230930 3715
20231001 3717
20231002 3718
20231003 3718
20231005 3721
20231007 3718
20231008 3717
20231009 3717
20231010 3715
20231011 3711
20231012 3704
20231013 3703
20231014 3703
20231015 3699
20231016 3698
20231017 3698
20231018 3696
20231019 3697
20231020 3696
20231021 3696
20231022 3695
20231023 3692
20231024 3686
20231025 3689
20231026 3686
20231027 3684
20231028 3682
20231029 3682
20231030 3683
20231031 3679
20231101 3678
20231102 3682
20231103 3682
20231104 3683
20231105 3680
20231106 3681
20231107 3682
20231108 3683
20231109 3682
20231110 3680
20231111 3678
20231112 3678
20231113 3679
20231114 3677
20231115 3677
20231116 3672
20231117 3673
20231118 3671
20231120 3662
20231121 3659
20231122 3656
20231124 3656
20231125 3657
20231126 3656
20231127 3655
20231128 3656
20231130 3656
20231201 3657
20231202 3655
20231203 3656
20231204 3653
20231205 3654
20231206 3653
20231207 3654
20231208 3654
20231209 3652
20231210 3655
20231214 3655
20231215 3656
20231216 3659
20231218 3659
20231219 3661
20231220 3651
20231221 3652
20231222 3650
20231223 3620
20231224 3620
20231225 3619
20231226 3619
20231227 3616
20231230 3610
20231231 3610
20240101 3608
20240102 3608
20240103 3602
20240104 3603
20240105 3604
20240106 3627
20240107 3627
20240108 3625
20240109 3626
20240110 3627
20240111 3658
20240112 3658
20240113 3657
20240114 3656
20240115 3654
20240116 3653
20240117 3652
20240118 3653
20240119 3654
20240120 3654
20240121 3656
20240122 3655
20240124 3655
20240125 3657
20240126 3656
20240127 3656
20240128 3655
20240129 3654
20240130 3654
20240131 3653
20240201 3657
20240202 3657
20240203 3655
20240204 3654
20240205 3653
20240206 3653
20240207 3652
20240208 3653
20240209 3654
20240210 3652
20240211 3651
20240212 3649
20240213 3647
20240215 3647
20240216 3645
20240217 3643
20240219 3643
20240220 3640
20240221 3640
20240222 3642
20240223 3640
20240224 3639
20240225 3641
20240226 3640
20240227 3640
20240228 3641
20240229 3640
20240301 3639
20240302 3642
20240303 3639
20240304 3639
20240305 3642
20240306 3644
20240307 3656
20240308 3659
20240309 3656
20240310 3656
20240311 3655
20240312 3660
20240313 3661
20240314 3658
20240315 3661
20240316 3662
20240317 3662
20240318 3660
20240319 3656
20240320 3658
20240321 3663
20240322 3665
20240323 3676
20240324 3675
20240325 3674
20240326 3670
20240327 3667
20240328 3665
20240329 3656
20240330 3657
20240331 3657
20240401 3656
20240402 3656
20240403 3655
20240404 3655
20240405 3651
20240406 3650
20240407 3646
20240408 3647
20240409 3649
20240410 3650
20240411 3649
20240412 3648
20240413 3647
20240415 3646
20240416 3644
20240417 3644
20240418 3649
20240419 3648
20240420 3647
20240421 3646
20240422 3646
20240423 3639
20240424 3635
20240425 3635
20240426 3637
20240427 3635
20240428 3635
20240429 3634
20240430 3636
20240501 3633
20240503 3629
20240504 3626
20240505 3624
20240506 3621
20240507 3622
20240508 3619
20240509 3617
20240510 3615
20240511 3615
20240512 3616
20240513 3613
20240514 3616
20240515 3600
20240516 3600
20240517 3596
20240518 3590
20240519 3589
20240521 3589
20240522 3588
20240523 3587
20240524 3589
20240525 3589
20240526 3590
20240528 3590
20240529 3591
20240530 3590
20240531 3588
20240601 3593
20240602 3593
20240603 3590
20240604 3587
20240605 3584
20240606 3584
20240609 3579
20240611 3578
20240612 3579
20240613 3578
20240614 3579
20240615 3577
20240616 3574
20240617 3575
20240618 3575
20240620 3561
20240621 3564
20240622 3580
20240624 3580
20240626 3580
20240627 3581
20240628 3582
20240629 3583
20240630 3584
20240701 3586
20240702 3589
20240703 3590
20240704 3590
20240705 3593
20240706 3593
20240707 3590
20240708 3590
20240709 3588
20240710 3588
20240711 3584
20240712 3582
20240713 3586
20240714 3584
20240715 3583
20240716 3582
20240717 3584
20240718 3583
20240719 3584
20240720 3582
20240721 3577
20240722 3577
20240723 3576
20240724 3576
20240725 3580
20240726 3577
20240727 3575
20240728 3572
20240729 3557
20240730 3557
20240731 3564
20240801 3563
20240802 3561
20240803 3559
20240804 3558
20240805 3558
20240806 3554
20240807 3552
20240808 3553
20240809 3553
20240810 3549
20240811 3547
20240812 3547
20240813 3546
20240814 3547
20240815 3547
20240816 3548
20240817 3548
20240818 3549
20240819 3544
20240820 3544
20240821 3546
20240822 3543
20240823 3544
20240824 3544
20240825 3540
20240826 3542
20240827 3542
20240828 3544
20240829 3542
20240830 3543
20240831 3544
20240901 3536
