20230707 19
20230709 19
20230710 19
20230711 19
20230712 19
20230714 19
20230715 19
20230716 19
20230717 19
20230718 19
20230719 19
20230720 19
20230721 19
20230722 19
20230723 19
20230724 19
20230725 19
20230726 19
20230727 19
20230728 19
20230729 19
20230730 19
20230731 19
20230801 19
20230802 19
20230803 19
20230804 19
20230805 19
20230806 19
20230807 19
20230808 19
20230809 19
20230810 19
20230811 19
20230812 19
20230813 19
20230815 19
20230816 19
20230817 19
20230818 19
20230819 19
20230820 19
20230821 19
20230822 19
20230823 19
20230824 19
20230825 19
20230826 19
20230827 19
