20230707 57747
20230709 57722
20230710 57697
20230711 57684
20230712 57667
20230713 57681
20230714 57690
20230715 57691
20230716 57675
20230717 57690
20230718 57707
20230719 57713
20230720 57721
20230721 57740
20230722 57753
20230723 57744
20230724 57750
20230725 57777
20230726 57800
20230727 57830
20230728 57847
20230729 57864
20230730 57869
20230731 57878
20230801 57897
20230802 57916
20230803 57942
20230804 57970
20230805 57974
20230806 57970
20230807 57954
20230808 57978
20230809 57981
20230810 57982
20230811 58005
20230812 58009
20230813 58009
20230815 58032
20230813 58009
20230816 58051
20230813 58009
20230817 58164
20230813 58009
20230818 58185
20230813 58009
20230819 58215
20230813 58009
20230820 58199
20230813 58009
20230821 58188
20230813 58009
20230822 58198
20230813 58009
20230823 58217
20230813 58009
20230824 58244
20230813 58009
20230825 58264
20230813 58009
20230826 58268
20230813 58009
20230827 58264
20230813 58009
20230828 58209
20230813 58009
20230829 58202
20230813 58009
20230830 58228
20230813 58009
20230831 58234
20230813 58009
20230901 58217
20230813 58009
20230902 58221
20230813 58009
20230903 58206
20230813 58009
20230904 58194
20230813 58009
20230905 58203
20230813 58009
20230906 58214
20230813 58009
20230907 58216
20230813 58009
20230908 58224
20230813 58009
20230909 58234
20230813 58009
20230910 58229
20230813 58009
20230911 58230
20230813 58009
20230912 58243
20230813 58009
20230913 58244
20230813 58009
20230914 58259
20230813 58009
20230915 58284
20230813 58009
20230916 58288
20230813 58009
20230917 58277
20230813 58009
20230918 58244
20230813 58009
20230919 58269
20230813 58009
20230920 55397
20230813 58009
20230921 55411
20230813 58009
20230922 55420
20230813 58009
20230923 55427
20230813 58009
20230924 55425
20230813 58009
20230925 55430
20230813 58009
20230926 55437
20230813 58009
20230927 55449
20230813 58009
20230928 55453
20230929 55453
20230930 55448
20230929 55453
20231001 55430
20230929 55453
20231002 55431
20230929 55453
20231003 55444
20230929 55453
20231005 55456
20230929 55453
20231007 55465
20230929 55453
20231008 55447
20230929 55453
20231009 55445
20230929 55453
20231010 55442
20230929 55453
20231011 55432
20230929 55453
20231012 55441
20230929 55453
20231013 55435
20230929 55453
20231014 55445
20230929 55453
20231015 55435
20230929 55453
20231016 55423
20230929 55453
20231017 55430
20230929 55453
20231018 55446
20230929 55453
20231019 55454
20230929 55453
20231020 55466
20230929 55453
20231021 55460
20230929 55453
20231022 55457
20230929 55453
20231023 55427
20230929 55453
20231024 55440
20230929 55453
20231025 55426
20230929 55453
20231026 55393
20230929 55453
20231027 55405
20230929 55453
20231028 55386
20230929 55453
20231029 55365
20230929 55453
20231030 55357
20231101 55357
20231102 55360
20231101 55357
20231103 55374
20231101 55357
20231104 55373
20231101 55357
20231105 55354
20231101 55357
20231106 55349
20231101 55357
20231107 55353
20231101 55357
20231108 55352
20231101 55357
20231109 55358
20231101 55357
20231110 55342
20231101 55357
20231111 55346
20231101 55357
20231112 55333
20231101 55357
20231113 55328
20231101 55357
20231114 55326
20231101 55357
20231115 55329
20231101 55357
20231116 55323
20231117 55323
20231118 55324
20231117 55323
20231120 55297
20231121 55297
20231122 55315
20231121 55297
20231123 55334
20231121 55297
20231124 55349
20231121 55297
20231125 55347
20231121 55297
20231126 55338
20231121 55297
20231127 55334
20231121 55297
20231128 55345
20231121 55297
20231129 55329
20231121 55297
20231130 55326
20231201 55326
20231202 55339
20231201 55326
20231203 55323
20231201 55326
20231204 55309
20231201 55326
20231205 55296
20231201 55326
20231206 55312
20231201 55326
20231207 55321
20231201 55326
20231208 55316
20231201 55326
20231209 55284
20231201 55326
20231210 55255
20231201 55326
20231211 55240
20231201 55326
20231212 55251
20231201 55326
20231213 55256
20231201 55326
20231214 55262
20231201 55326
20231215 55267
20231216 55267
20231217 55243
20231216 55267
20231218 55230
20231216 55267
20231219 55235
20231216 55267
20231220 55243
20231216 55267
20231221 55244
20231216 55267
20231222 55228
20231216 55267
20231223 55230
20231216 55267
20231224 55217
20231216 55267
20231225 55195
20231226 55195
20231227 55182
20231226 55195
20231230 55144
20231226 55195
20231231 55113
20231226 55195
20240101 55088
20231226 55195
20240102 55066
20231226 55195
20240103 55033
20231226 55195
20240104 55045
20231226 55195
20240105 55009
20231226 55195
20240106 54984
20231226 55195
20240107 54951
20231226 55195
20240108 54912
20231226 55195
20240109 54922
20240110 54922
20240111 54916
20240110 54922
20240112 54899
20240110 54922
20240113 54867
20240110 54922
20240114 54864
20240110 54922
20240115 54841
20240110 54922
20240116 54834
20240110 54922
20240117 54850
20240110 54922
20240118 54854
20240110 54922
20240119 54863
20240110 54922
20240120 54867
20240110 54922
20240121 54849
20240110 54922
20240122 54839
20240110 54922
20240124 54851
20240110 54922
20240125 54885
20240110 54922
20240126 54899
20240127 54922
20240110 54922
20240128 54886
20240110 54922
20240129 54882
20240110 54922
20240130 54879
20240110 54922
20240131 54891
20240110 54922
20240201 54892
20240110 54922
20240202 54902
20240110 54922
20240203 54905
20240110 54922
20240204 54902
20240205 54902
20240206 54909
20240205 54902
20240207 54937
20240205 54902
20240208 54941
20240205 54902
20240209 54988
20240205 54902
20240210 55005
20240205 54902
20240211 55001
20240205 54902
20240212 54999
20240205 54902
20240213 55012
20240205 54902
20240214 55022
20240205 54902
20240215 55029
20240205 54902
20240216 55017
20240205 54902
20240217 55029
20240218 55029
20240219 55022
20240218 55029
20240220 55033
20240218 55029
20240221 55043
20240218 55029
20240222 55053
20240218 55029
20240223 55052
20240218 55029
20240224 55063
20240218 55029
20240225 55049
20240218 55029
20240226 55032
20240218 55029
20240227 55053
20240218 55029
20240228 55045
20240218 55029
20240229 55063
20240218 55029
20240301 55090
20240218 55029
20240302 55115
20240218 55029
20240303 55095
20240218 55029
20240304 55060
20240218 55029
20240305 55077
20240218 55029
20240306 55087
20240218 55029
20240307 55091
20240218 55029
20240308 55095
20240218 55029
20240309 55100
20240218 55029
20240310 55090
20240218 55029
20240311 55081
20240218 55029
20240312 55059
20240218 55029
20240313 55050
20240218 55029
20240314 55056
20240218 55029
20240315 55064
20240218 55029
20240316 55072
20240218 55029
20240317 55065
20240218 55029
20240318 55040
20240218 55029
20240319 55038
20240218 55029
20240320 55035
20240218 55029
20240321 55047
20240218 55029
20240322 55050
20240218 55029
20240323 55069
20240218 55029
20240324 55057
20240218 55029
20240325 55054
20240218 55029
20240326 55085
20240218 55029
20240327 55077
20240218 55029
20240328 55093
20240218 55029
20240329 55079
20240218 55029
20240330 55065
20240218 55029
20240331 55060
20240218 55029
20240401 55048
20240218 55029
20240402 55057
20240218 55029
20240403 55059
20240218 55029
20240404 55072
20240218 55029
20240405 55076
20240218 55029
20240406 55096
20240218 55029
20240407 55085
20240218 55029
20240408 55073
20240218 55029
20240409 55079
20240218 55029
20240410 55091
20240218 55029
20240411 55106
20240218 55029
20240412 55126
20240218 55029
20240413 55115
20240218 55029
20240415 55083
20240218 55029
20240416 55082
20240218 55029
20240417 55107
20240218 55029
20240418 55098
20240218 55029
20240419 55073
20240218 55029
20240420 55058
20240218 55029
20240421 55037
20240218 55029
20240422 55009
20240218 55029
20240423 54981
20240218 55029
20240424 55004
20240218 55029
20240425 55000
20240218 55029
20240426 54980
20240218 55029
20240427 54979
20240218 55029
20240428 54938
20240218 55029
20240429 54919
20240218 55029
20240430 54916
20240218 55029
20240501 54912
20240218 55029
20240503 54939
20240218 55029
20240504 54942
20240218 55029
20240505 54928
20240218 55029
20240506 54912
20240218 55029
20240507 54927
20240218 55029
20240508 54963
20240218 55029
20240509 54968
20240218 55029
20240510 54987
20240218 55029
20240511 55000
20240218 55029
20240512 54986
20240218 55029
20240513 54974
20240218 55029
20240514 54972
20240218 55029
20240515 54981
20240218 55029
20240516 55001
20240517 55001
20240518 54998
20240517 55001
20240519 55002
20240517 55001
20240520 54987
20240517 55001
20240521 54999
20240517 55001
20240522 55011
20240517 55001
20240523 55030
20240517 55001
20240524 55043
20240517 55001
20240525 55045
20240517 55001
20240526 55027
20240517 55001
20240527 54994
20240517 55001
20240528 55000
20240517 55001
20240529 54986
20240517 55001
20240530 54981
20240517 55001
20240531 54954
20240517 55001
20240601 54943
20240517 55001
20240602 54935
20240517 55001
20240603 54911
20240517 55001
20240604 54916
20240517 55001
20240605 54943
20240517 55001
20240606 54956
20240517 55001
20240609 54947
20240517 55001
20240611 54913
20240517 55001
20240612 54901
20240613 54901
20240614 54908
20240613 54901
20240615 54891
20240613 54901
20240616 54847
20240613 54901
20240617 54832
20240613 54901
20240618 54834
20240613 54901
20240620 54806
20240613 54901
20240621 54802
20240613 54901
20240622 54791
20240613 54901
20240623 54790
20240613 54901
20240624 54782
20240613 54901
20240626 54812
20240613 54901
20240627 54827
20240613 54901
20240628 54819
20240613 54901
20240629 54821
20240613 54901
20240630 54803
20240613 54901
20240701 54789
20240613 54901
20240702 54778
20240613 54901
20240703 54792
20240613 54901
20240704 54795
20240613 54901
20240705 54793
20240613 54901
20240706 54769
20240613 54901
20240707 54760
20240613 54901
20240708 54737
20240613 54901
20240709 54730
20240710 54730
20240711 54728
20240710 54730
20240712 54747
20240710 54730
20240713 54726
20240710 54730
20240714 54696
20240710 54730
20240715 54667
20240710 54730
20240716 54648
20240710 54730
20240717 54659
20240710 54730
20240718 54663
20240710 54730
20240719 54705
20240710 54730
20240720 54710
20240710 54730
20240721 54681
20240710 54730
20240722 54660
20240710 54730
20240723 54670
20240724 54670
20240725 54652
20240724 54670
20240726 54659
20240724 54670
20240727 54663
20240724 54670
20240728 54648
20240724 54670
20240729 54643
20240724 54670
20240730 54639
20240724 54670
20240731 54622
20240724 54670
20240801 54646
20240724 54670
20240802 54659
20240724 54670
20240803 54679
20240724 54670
20240804 54666
20240724 54670
20240805 54655
20240724 54670
20240806 54665
20240724 54670
20240807 54657
20240724 54670
20240808 54668
20240724 54670
20240809 54653
20240724 54670
20240810 54658
20240724 54670
20240811 54669
20240724 54670
20240812 54661
20240724 54670
20240813 54685
20240724 54670
20240814 54697
20240724 54670
20240815 54734
20240724 54670
20240816 54740
20240724 54670
20240817 54738
20240724 54670
20240818 54735
20240724 54670
20240819 54729
20240724 54670
20240820 54732
20240724 54670
20240821 54748
20240724 54670
20240822 54737
20240823 54737
20240824 54741
20240823 54737
20240825 54723
20240823 54737
20240826 54722
20240823 54737
20240827 54717
20240823 54737
20240828 54715
20240823 54737
20240829 54730
20240823 54737
20240830 54729
20240823 54737
20240831 54728
20240823 54737
20240901 54700
20240823 54737
20240902 54695
20240823 54737
20240903 54692
20240823 54737
20240904 54712
20240823 54737
20240905 54725
20240823 54737
20240906 54739
20240823 54737
20240907 54741
20240823 54737
20240908 54731
20240823 54737
20240909 54714
20240823 54737
20240910 54708
20240823 54737
20240911 54701
20240823 54737
20240912 54719
20240823 54737
20240913 54710
20240823 54737
20240914 54697
20240823 54737
20240915 54681
20240823 54737
20240916 54665
20240823 54737
20240917 54686
20240823 54737
20240918 54687
20240823 54737
20240919 54699
20240823 54737
20240920 54703
20240823 54737
20240921 54694
20240823 54737
20240921 54700
20240823 54737
20240922 54694
20240823 54737
20240925 54682
20240823 54737
20240926 54705
20240926 54705
