20230707 162
20230717 162
20230718 163
20230919 163
20230920 161
20230921 162
20231214 162
20231215 163
20231227 163
20231230 164
20240207 164
20240208 165
20240327 165
20240328 166
20240403 166
20240404 167
20240606 167
20240609 168
20240624 168
20240626 168
20240627 168
20240628 168
20240629 168
20240630 168
20240701 168
20240702 168
20240703 168
20240704 168
20240705 168
20240706 168
20240707 168
20240708 168
20240709 168
20240710 168
20240711 168
20240712 168
20240713 168
20240714 168
20240715 168
20240716 168
20240717 168
20240718 168
20240719 168
20240720 168
20240721 168
20240722 168
20240723 168
20240724 168
20240725 168
20240726 168
20240727 168
20240728 168
20240729 168
20240730 168
20240731 168
