20230922 1792
20230924 1793
20230925 1799
20230926 1798
20230927 1799
20230928 1804
20230929 1796
20230930 1797
20231001 1801
20231002 1802
20231003 1805
20231005 1810
20231007 1798
20231008 1801
20231009 1800
20231010 1800
20231011 1795
20231012 1800
20231013 1797
20231014 1797
20231015 1797
20231016 1799
20231017 1799
20231018 1805
20231019 1805
20231020 1807
20231021 1804
20231022 1812
20231023 1806
20231024 1809
20231025 1810
20231026 1815
20231027 1812
20231028 1812
20231029 1811
20231030 1811
20231031 1803
