20230707 27452
20230709 27459
20230710 27463
20230711 27477
20230712 27488
20230713 27508
20230714 27514
20230715 27521
20230716 27522
20230717 27521
20230718 27527
20230719 27539
20230720 27549
20230721 27559
20230722 27568
20230723 27569
20230724 27565
20230725 27583
20230726 27582
20230727 27596
20230728 27605
20230729 27614
20230730 27681
20230731 27684
20230801 27693
20230802 27727
20230803 27737
20230804 27744
20230805 27727
20230806 27614
20230807 27608
20230808 27606
20230809 27618
20230810 27622
20230811 27627
20230812 27637
20230813 27629
20230815 27639
20230816 27639
20230817 27657
20230818 27666
20230819 27680
20230820 27680
20230821 27676
20230822 27687
20230823 27692
20230824 27699
20230825 27701
20230826 27704
20230827 27704
20230828 27697
20230829 27701
20230830 27709
20230831 27717
20230901 27730
20230902 27730
20230903 27729
20230904 27715
20230905 27723
20230906 27728
20230907 27735
20230908 27740
20230909 27743
20230910 27743
20230911 27743
20230912 27751
20230913 27754
20230914 27758
20230915 27770
20230916 27784
20230917 27781
