20230707 23
20230919 23
20230920 22
20240520 22
20240521 24
20240614 24
20240615 25
20240624 25
20240626 25
20240627 25
20240628 25
20240629 25
20240630 25
20240701 25
20240702 25
20240703 25
20240704 25
20240705 25
20240706 25
20240707 25
20240708 25
20240709 25
20240710 26
20240711 26
20240712 27
20240713 27
20240714 27
20240715 27
20240716 27
20240717 27
20240718 27
20240719 27
20240720 27
20240721 27
20240722 27
20240723 27
20240724 27
20240725 27
20240726 27
20240727 27
20240728 27
20240729 27
20240730 27
20240731 27
20240801 27
20240802 27
20240803 27
20240804 27
20240805 27
20240806 27
20240807 27
20240808 27
20240809 27
20240810 27
20240811 27
20240812 27
20240813 27
20240814 27
20240815 27
20240816 27
20240817 27
20240818 27
20240819 27
20240820 27
20240821 27
20240822 27
20240823 27
20240824 27
20240825 27
20240826 27
20240827 28
20240828 28
20240829 28
20240830 28
20240831 28
20240901 28
20240902 28
20240903 28
20240904 28
20240905 28
20240906 28
20240907 28
20240908 28
20240909 28
20240910 28
20240911 28
20240912 28
