20230707 477
20230709 477
20230710 477
20230711 477
20230712 477
20230714 477
20230715 477
20230716 477
20230717 477
20230718 477
20230719 477
20230720 477
20230721 477
20230722 477
20230723 477
20230724 477
20230725 477
20230726 477
20230727 477
20230728 477
20230729 477
20230730 477
20230731 477
20230801 477
20230802 477
20230803 477
20230804 477
20230805 477
20230806 477
20230807 477
20230808 477
20230809 477
20230810 477
20230811 477
20230812 477
20230813 477
20230815 477
20230816 477
20230817 477
20230818 477
20230819 477
20230820 477
20230821 477
20230822 477
20230823 477
20230824 477
20230825 477
20230826 477
20230827 477
20230828 477
20230829 477
20230830 477
20230831 477
20230901 477
20230902 477
20230903 477
20230904 477
20230905 477
20230906 477
20230907 477
20230908 477
20230909 477
20230910 477
20230911 477
20230912 477
20230913 477
20230914 477
20230915 477
20230916 477
20230917 477
20230918 477
20230919 477
20230920 474
20230921 474
20230922 474
20230923 474
20230924 474
20230925 474
20230926 474
20230927 474
