20230708 537
20230709 539
20230710 539
20230711 538
20230712 538
20230714 538
20230715 540
20230716 540
20230717 540
20230718 540
20230719 540
20230720 540
20230721 540
20230722 540
20230723 540
20230724 540
20230725 540
20230726 539
20230727 539
20230728 539
20230729 539
20230730 539
20230731 539
20230801 539
20230802 539
20230803 539
20230804 539
20230805 539
20230806 539
20230807 539
20230808 539
20230809 539
20230810 539
20230811 539
20230812 539
20230813 539
20230814 539
20230815 539
20230816 539
20230817 539
20230818 539
20230819 539
20230820 539
20230821 539
20230822 539
20230823 539
20230824 539
20230825 541
20230826 541
20230827 541
20230828 541
20230829 541
20230830 541
20230831 541
20230901 541
20230902 542
20230903 542
20230904 543
20230905 543
20230906 543
20230907 543
20230908 543
20230909 543
20230910 543
20230911 543
20230912 543
20230913 543
20230914 543
20230915 543
20230916 544
20230917 544
20230918 544
20230919 544
20230920 544
20230921 544
20230922 544
20230923 544
20230924 544
20230925 544
20230926 544
20230927 544
20230928 544
20230929 544
20230930 544
20231001 543
20231002 543
20231003 543
20231005 543
20231007 544
20231008 544
20231009 544
20231010 544
20231011 544
20231012 546
20231013 545
20231014 346
20231015 545
20231016 545
20231017 545
20231018 545
20231019 546
20231020 545
20231022 7
20231023 7
20231024 7
20231025 7
20231026 7
20231027 7
20231028 7
20231029 7
20231030 7
20231031 7
20231101 7
20231102 6
20231103 6
20231104 6
20231105 6
20231106 6
20231107 6
20231108 6
20231109 6
20231110 6
20231111 6
20231112 6
20231113 6
20231114 6
20231115 6
20231116 6
20231117 6
20231118 6
20231120 6
20231121 6
20231122 6
20231123 6
20231124 6
20231125 6
20231126 6
20231127 6
20231128 6
20231129 6
20231130 6
20231201 6
20231202 6
20231203 6
20231204 6
20231205 6
20231206 6
20231207 6
20231208 6
20231209 6
20231210 6
20231211 6
20231212 6
20231213 6
20231214 6
20231215 7
20231216 7
20231217 7
20231218 7
