20230707 33
20230912 33
20230913 34
20230919 34
20230920 30
20230921 31
20230926 31
20230927 32
20230928 32
20230929 33
20231012 33
20231013 34
20240109 34
20240110 35
20240214 35
20240215 36
20240624 36
20240626 36
20240627 36
20240628 36
20240629 36
20240630 36
20240701 36
20240702 36
20240703 36
20240704 36
20240705 36
20240706 36
20240707 36
20240708 36
20240709 36
20240710 36
20240711 36
20240712 36
20240713 36
20240714 36
20240715 36
20240716 36
20240717 36
20240718 36
20240719 36
20240720 36
20240721 36
20240722 36
20240723 36
20240724 36
20240725 36
20240726 36
20240727 36
20240728 36
20240729 36
20240730 36
20240731 36
20240801 36
20240802 36
20240803 36
20240804 36
