20230707 12978
20230709 12961
20230710 12963
20230711 12960
20230712 12966
20230713 12970
20230714 12961
20230715 12945
20230716 12935
20230717 12933
20230718 12933
20230719 12925
20230718 12933
20230720 12932
20230718 12933
20230721 12938
20230718 12933
20230722 12961
20230718 12933
20230723 12948
20230718 12933
20230724 12944
20230718 12933
20230725 12939
20230718 12933
20230726 12949
20230718 12933
20230727 12953
20230718 12933
20230728 12947
20230718 12933
20230729 12976
20230718 12933
20230730 12986
20230718 12933
20230731 12995
20230718 12933
20230801 12999
20230718 12933
20230802 12998
20230718 12933
20230803 12991
20230718 12933
20230804 12990
20230718 12933
20230805 12991
20230718 12933
20230806 12984
20230807 12984
20230808 12991
20230807 12984
20230809 12985
20230807 12984
20230810 12993
20230807 12984
20230811 12997
20230807 12984
20230812 12995
20230807 12984
20230813 12983
20230807 12984
20230815 12933
20230807 12984
20230816 12937
20230817 12937
20230818 12938
20230817 12937
20230819 12941
20230817 12937
20230820 12936
20230817 12937
20230821 12930
20230822 12930
20230823 12929
20230824 12929
20230825 12933
20230824 12929
20230826 12931
20230824 12929
20230827 12934
20230824 12929
20230828 12935
20230824 12929
20230829 12940
20230824 12929
20230830 12926
20230824 12929
20230831 12913
20230824 12929
20230901 12898
20230824 12929
20230902 12854
20230824 12929
20230903 12851
20230824 12929
20230904 12847
20230824 12929
20230905 12949
20230824 12929
20230906 12943
20230824 12929
20230907 12945
20230824 12929
20230908 12914
20230824 12929
20230909 12890
20230824 12929
20230910 12881
20230824 12929
20230911 12887
20230824 12929
20230912 12870
20230824 12929
20230913 12865
20230824 12929
20230914 12864
20230824 12929
20230915 12872
20230824 12929
20230916 12865
20230824 12929
20230917 12863
20230824 12929
20230918 12855
20230824 12929
20230919 12871
20230824 12929
20230920 12433
20230824 12929
20230921 12441
20230824 12929
20230922 12460
20230824 12929
20230923 12465
20230824 12929
20230924 12466
20230824 12929
20230925 12467
20230824 12929
20230926 12461
20230824 12929
20230927 12451
20230824 12929
20230928 12454
20230824 12929
20230929 12451
20230824 12929
20230930 12452
20230824 12929
20231001 12458
20230824 12929
20231002 12444
20230824 12929
20231003 12456
20230824 12929
20231005 12458
20230824 12929
20231007 12459
20230824 12929
20231008 12450
20230824 12929
20231009 12443
20230824 12929
20231010 12438
20230824 12929
20231011 12439
20230824 12929
20231012 12445
20230824 12929
20231013 12438
20230824 12929
20231014 12443
20230824 12929
20231015 12448
20230824 12929
20231016 12447
20230824 12929
20231017 12449
20230824 12929
20231018 12445
20230824 12929
20231019 12457
20230824 12929
20231020 12462
20230824 12929
20231021 12484
20230824 12929
20231022 12485
20230824 12929
20231023 12473
20230824 12929
20231024 12474
20230824 12929
20231025 12492
20230824 12929
20231026 12493
20230824 12929
20231027 12487
20230824 12929
20231028 12494
20230824 12929
20231029 12491
20230824 12929
20231030 12483
20230824 12929
20231031 12481
20230824 12929
20231101 12483
20230824 12929
20231102 12485
20230824 12929
20231103 12467
20230824 12929
20231104 12485
20230824 12929
20231105 12473
20230824 12929
20231106 12479
20230824 12929
20231107 12485
20230824 12929
20231108 12488
20230824 12929
20231109 12465
20230824 12929
20231110 12471
20230824 12929
20231111 12493
20230824 12929
20231112 12504
20231113 12504
20231114 12509
20231113 12504
20231115 12516
20231113 12504
20231116 12511
20231113 12504
20231117 12530
20231113 12504
20231118 12539
20231113 12504
20231120 12507
20231113 12504
20231121 12518
20231113 12504
20231122 12501
20231113 12504
20231123 12511
20231113 12504
20231124 12519
20231113 12504
20231125 12529
20231113 12504
20231126 12553
20231113 12504
20231127 12562
20231113 12504
20231128 12558
20231113 12504
20231129 12559
20231113 12504
20231130 12567
20231113 12504
20231201 12549
20231113 12504
20231202 12543
20231113 12504
20231203 12533
20231113 12504
20231204 12572
20231113 12504
20231205 12576
20231113 12504
20231206 12583
20231113 12504
20231207 12595
20231113 12504
20231208 12605
20231113 12504
20231209 12609
20231113 12504
20231210 12619
20231113 12504
20231211 12605
20231113 12504
20231212 12611
20231113 12504
20231213 12631
20231113 12504
20231214 12623
20231113 12504
20231215 12619
20231113 12504
20231216 12611
20231113 12504
20231217 12593
20231113 12504
20231218 12561
20231113 12504
20231219 12562
20231113 12504
20231220 12559
20231113 12504
20231221 12562
20231113 12504
20231222 12559
20231113 12504
20231223 12530
20231113 12504
20231224 12529
20231113 12504
20231225 12517
20231113 12504
20231226 12511
20231113 12504
20231227 12496
20231113 12504
20231230 12500
20231113 12504
20231231 12491
20231113 12504
20240101 12469
20231113 12504
20240102 12420
20231113 12504
20240103 12485
20231113 12504
20240104 12509
20231113 12504
20240105 12484
20231113 12504
20240106 12414
20231113 12504
20240107 12413
20231113 12504
20240108 12419
20231113 12504
20240109 12417
20231113 12504
20240110 12418
20231113 12504
20240111 12388
20231113 12504
20240112 12363
20231113 12504
20240113 12337
20231113 12504
20240114 12335
20231113 12504
20240115 12318
20231113 12504
20240116 12316
20231113 12504
20240117 12323
20231113 12504
20240118 12329
20231113 12504
20240119 12342
20231113 12504
20240120 12341
20231113 12504
20240121 12322
20231113 12504
20240122 12326
20231113 12504
20240124 12312
20231113 12504
20240125 12290
20231113 12504
20240126 12280
20231113 12504
20240127 12195
20231113 12504
20240128 12191
20231113 12504
20240129 12160
20240130 12160
20240131 12161
20240130 12160
20240201 12174
20240130 12160
20240202 12177
20240130 12160
20240203 12181
20240130 12160
20240204 12195
20240130 12160
20240205 12193
20240130 12160
20240206 12211
20240130 12160
20240207 12212
20240130 12160
20240208 12215
20240130 12160
20240209 12218
20240130 12160
20240210 12219
20240130 12160
20240211 12213
20240130 12160
20240212 12261
20240130 12160
20240213 12275
20240130 12160
20240214 12287
20240130 12160
20240215 12285
20240130 12160
20240216 12306
20240130 12160
20240217 12365
20240130 12160
20240218 12355
20240130 12160
20240219 12386
20240130 12160
20240220 12406
20240130 12160
20240221 12425
20240130 12160
20240222 12420
20240130 12160
20240223 12433
20240130 12160
20240224 12532
20240130 12160
20240225 12524
20240130 12160
20240226 12527
20240130 12160
20240227 12549
20240130 12160
20240228 12535
20240130 12160
20240229 12538
20240130 12160
20240301 12535
20240130 12160
20240302 12534
20240130 12160
20240303 12542
20240130 12160
20240304 12553
20240130 12160
20240305 12523
20240130 12160
20240306 12533
20240130 12160
20240307 12539
20240130 12160
20240308 12531
20240130 12160
20240309 12523
20240130 12160
20240310 12521
20240130 12160
20240311 12508
20240130 12160
20240312 12512
20240130 12160
20240313 12524
20240130 12160
20240314 12528
20240130 12160
20240315 12525
20240316 12525
20240317 12529
20240316 12525
20240318 12523
20240319 12525
20240316 12525
20240320 12523
20240316 12525
20240321 12524
20240316 12525
20240322 12523
20240316 12525
20240323 12516
20240316 12525
20240324 12523
20240316 12525
20240325 12515
20240316 12525
20240326 12517
20240316 12525
20240327 12522
20240316 12525
20240328 12527
20240329 12527
20240330 12531
20240329 12527
20240331 12532
20240329 12527
20240401 12523
20240329 12527
20240402 12525
20240329 12527
20240403 12523
20240329 12527
20240404 12498
20240329 12527
20240405 12512
20240329 12527
20240406 12517
20240329 12527
20240407 12522
20240329 12527
20240408 12550
20240329 12527
20240409 12534
20240329 12527
20240410 12551
20240329 12527
20240411 12569
20240329 12527
20240412 12583
20240329 12527
20240413 12587
20240329 12527
20240415 12590
20240329 12527
20240416 12587
20240329 12527
20240417 12598
20240329 12527
20240418 12593
20240329 12527
20240419 12610
20240329 12527
20240420 12617
20240329 12527
20240421 12631
20240329 12527
20240422 12641
20240329 12527
20240423 12649
20240329 12527
20240424 12652
20240329 12527
20240425 12664
20240329 12527
20240426 12663
20240329 12527
20240427 12661
20240329 12527
20240428 12654
20240329 12527
20240429 12689
20240329 12527
20240430 12702
20240329 12527
20240501 12687
20240329 12527
20240503 12718
20240329 12527
20240504 12711
20240329 12527
20240505 12706
20240329 12527
20240506 12692
20240329 12527
20240507 12697
20240329 12527
20240508 12693
20240329 12527
20240509 12711
20240329 12527
20240510 12749
20240329 12527
20240511 12773
20240512 12773
20240513 12774
20240514 12773
20240512 12773
20240515 12774
20240512 12773
20240516 12779
20240512 12773
20240517 12790
20240512 12773
20240518 12787
20240512 12773
20240519 12803
20240512 12773
20240520 12808
20240512 12773
20240521 12809
20240512 12773
20240522 12804
20240512 12773
20240523 12809
20240512 12773
20240524 12801
20240512 12773
20240525 12783
20240512 12773
20240526 12772
20240512 12773
20240527 12759
20240512 12773
20240528 12743
20240512 12773
20240529 12721
20240512 12773
20240530 12722
20240512 12773
20240531 12726
20240512 12773
20240601 12734
20240512 12773
20240602 12725
20240512 12773
20240603 12730
20240512 12773
20240604 12736
20240512 12773
20240605 12741
20240512 12773
20240606 12752
20240512 12773
20240609 12746
20240512 12773
20240611 12752
20240512 12773
20240612 12749
20240613 12749
20240614 12753
20240613 12749
20240615 12757
20240613 12749
20240616 12760
20240613 12749
20240617 12756
20240613 12749
20240618 12759
20240613 12749
20240620 12774
20240613 12749
20240621 12765
20240613 12749
20240622 12766
20240613 12749
20240623 12759
20240613 12749
20240624 12755
20240613 12749
20240626 12764
20240613 12749
20240627 12771
20240613 12749
20240628 12763
20240613 12749
20240629 12762
20240613 12749
20240630 12741
20240613 12749
20240701 12719
20240613 12749
20240702 12728
20240703 12728
20240704 12721
20240703 12728
20240705 12718
20240703 12728
20240706 12717
20240703 12728
20240707 12716
20240703 12728
20240708 12722
20240703 12728
20240709 12726
20240703 12728
20240710 12739
20240703 12728
20240711 12731
20240703 12728
20240712 12730
20240703 12728
20240713 12743
20240703 12728
20240714 12744
20240703 12728
20240715 12738
20240703 12728
20240716 12736
20240703 12728
20240717 12739
20240703 12728
20240718 12742
20240703 12728
20240719 12732
20240720 12728
20240703 12728
20240721 12726
20240703 12728
20240722 12718
20240703 12728
20240723 12705
20240725 12705
20240726 12708
20240725 12705
20240727 12709
20240725 12705
20240728 12712
20240725 12705
20240729 12714
20240725 12705
20240730 12720
20240725 12705
20240731 12728
20240725 12705
20240801 12729
20240725 12705
20240802 12726
20240725 12705
20240803 12729
20240725 12705
20240804 12730
20240725 12705
20240805 12728
20240725 12705
20240806 12732
20240725 12705
20240807 12745
20240725 12705
20240808 12755
20240725 12705
20240809 12765
20240725 12705
20240810 12775
20240725 12705
20240811 12783
20240812 12783
20240813 12787
20240812 12783
20240814 12792
20240812 12783
20240815 12807
20240812 12783
20240816 12809
20240812 12783
20240817 12811
20240812 12783
20240818 12816
20240812 12783
20240819 12809
20240812 12783
20240820 12803
20240812 12783
20240821 12794
20240812 12783
20240822 12780
20240812 12783
20240823 12813
20240812 12783
20240824 12817
20240812 12783
20240825 12812
20240812 12783
20240826 12814
20240812 12783
20240827 12819
20240812 12783
20240828 12817
20240812 12783
20240829 12818
20240812 12783
20240830 12816
20240812 12783
20240831 12831
20240812 12783
20240901 12844
20240812 12783
20240902 12842
20240812 12783
20240903 12838
20240812 12783
20240904 12841
20240812 12783
20240905 12842
20240812 12783
20240906 12844
20240812 12783
20240907 12850
20240812 12783
20240908 12849
20240812 12783
20240909 12824
20240812 12783
20240910 12833
20240812 12783
20240911 12836
20240812 12783
20240912 12840
20240812 12783
20240913 12846
20240812 12783
20240914 12845
20240812 12783
20240915 12860
20240812 12783
20240916 12858
20240812 12783
20240917 12856
20240812 12783
20240918 12849
20240919 12849
20240920 12874
20240919 12849
20240921 12889
20240919 12849
20240921 12891
20240922 12891
20240925 12907
20240922 12891
20240926 12925
20240922 12891
20240927 12933
20240922 12891
20240928 12948
20240922 12891
20240929 12950
20240922 12891
20240930 12946
20240930 12946
