20230707 14861
20230709 14848
20230710 14845
20230711 14845
20230712 14845
20230713 14850
20230714 14849
20230715 14848
20230716 14832
20230717 14836
20230718 14837
20230719 14805
20230720 14804
20230721 14795
20230722 14805
20230723 14821
20230724 14830
20230725 14860
20230726 14871
20230727 14875
20230728 14897
20230729 14913
20230730 14939
20230731 14947
20230801 14966
20230802 14982
20230803 14990
20230804 14978
20230805 14978
20230806 14981
20230807 14989
20230808 15004
20230809 15017
20230810 15019
20230811 15013
20230812 15014
20230813 14992
20230815 14975
20230816 14994
20230817 15006
20230818 15003
20230819 14998
