20230707 183
20230803 183
20230804 184
20230805 185
20230810 185
20230811 186
20230812 186
20230813 187
20230816 187
20230817 186
20230822 186
20230823 187
20230908 187
20230909 188
20230914 188
20230915 189
20230919 189
20230920 163
20230921 164
20231013 164
20231014 165
20231026 165
20231027 166
20231116 166
20231117 167
20231118 168
20231202 168
20231203 169
20231216 169
20231217 171
20231221 171
20231222 172
20240105 172
20240106 174
20240120 174
20240121 175
20240124 175
20240125 176
20240222 176
20240223 177
20240320 177
20240321 178
20240405 178
20240406 179
20240411 179
20240412 180
20240424 180
20240425 181
20240503 181
20240504 182
20240525 182
20240526 183
20240613 183
20240614 184
20240620 184
20240621 185
20240624 185
20240626 185
20240627 185
20240628 186
20240629 186
20240630 186
20240701 186
20240702 186
20240703 187
20240704 187
20240705 187
20240706 187
20240707 187
20240708 187
20240709 187
20240710 187
20240711 187
20240712 188
20240713 188
20240714 188
20240715 188
20240716 188
20240717 188
20240718 188
20240719 188
20240720 188
20240721 188
20240722 188
20240723 188
20240724 188
20240725 188
20240726 188
20240727 188
20240728 188
20240729 188
20240730 188
20240731 188
20240801 188
20240802 188
20240803 188
20240804 188
20240805 188
20240806 188
20240807 188
20240808 189
20240809 189
20240810 190
20240811 190
20240812 190
20240813 190
20240814 190
20240815 190
20240816 190
20240817 190
20240818 190
20240819 190
20240820 191
20240821 191
20240822 191
20240823 191
20240824 191
20240825 191
20240826 191
20240827 191
20240828 191
20240829 191
20240830 191
20240831 191
20240901 191
20240902 191
20240903 191
20240904 191
20240905 191
20240906 191
20240907 191
20240908 192
20240909 192
20240910 192
20240911 192
