20230707 293
20230709 293
20230710 293
20230711 293
20230712 293
20230714 293
20230715 293
20230716 293
20230717 293
20230718 293
20230719 293
20230720 293
20230721 293
20230722 294
20230723 294
20230724 294
20230725 294
20230726 294
20230727 294
20230728 294
20230729 294
20230730 294
20230731 294
20230801 294
20230802 294
20230803 295
20230804 295
20230805 295
20230806 295
20230807 295
20230808 295
20230809 295
20230810 295
20230811 295
20230812 294
20230813 294
20230815 294
20230816 294
20230817 295
20230818 295
20230819 295
20230820 295
20230821 295
20230822 295
