20230707 1250
20230709 1250
20230710 1244
20230711 1241
20230712 1240
20230714 1241
20230715 1245
20230716 1244
20230717 1244
20230718 1243
20230719 1243
20230720 1242
20230721 1242
20230722 1240
20230723 1240
20230724 1240
20230725 1245
20230726 1250
20230727 1249
20230728 1249
20230729 1249
20230730 1248
20230731 1248
20230801 1248
20230802 1250
20230803 1250
20230804 1251
20230805 1250
20230806 1249
20230807 1249
20230808 1248
20230809 1250
20230810 1249
20230811 1250
20230812 1273
20230813 1272
20230815 1266
20230816 1266
20230817 1266
20230818 1266
20230819 1266
20230820 1266
20230821 1264
20230822 1265
20230823 1266
20230824 1266
20230825 1267
20230826 1269
20230827 1269
20230828 1269
20230829 1268
20230830 1268
20230831 1268
20230901 1267
20230902 1264
20230903 1264
20230904 1264
20230905 1264
20230906 1256
20230907 1256
20230908 1257
20230909 1258
20230910 1259
20230911 1261
20230912 1262
20230913 1262
20230914 1264
