20230707 10817
20230709 10826
20230710 10826
20230711 10834
20230710 10826
20230712 10840
20230710 10826
20230713 10847
20230710 10826
20230714 10858
20230710 10826
20230715 10862
20230717 10862
20230718 10866
20230717 10862
20230719 10874
20230717 10862
20230720 10878
20230717 10862
20230721 10883
20230717 10862
20230722 10885
20230724 10885
20230725 10888
20230724 10885
20230726 10894
20230724 10885
20230727 10898
20230724 10885
20230728 10905
20230724 10885
20230729 10908
20230731 10908
20230801 10914
20230731 10908
20230802 10917
20230731 10908
20230803 10924
20230804 10924
20230805 10926
20230804 10924
20230806 10927
20230804 10924
20230807 10928
20230804 10924
20230808 10934
20230804 10924
20230809 10940
20230804 10924
20230810 10945
20230804 10924
20230811 10950
20230804 10924
20230812 10960
20230813 10960
20230815 10967
20230813 10960
20230816 10973
20230813 10960
20230817 10978
20230813 10960
20230818 10987
20230813 10960
20230819 10991
20230820 10991
20230821 10990
20230820 10991
20230822 10992
20230820 10991
20230823 10956
20230820 10991
20230824 10960
20230820 10991
20230825 10962
20230820 10991
20230826 10967
20230820 10991
20230827 10968
20230828 10968
20230829 10972
20230828 10968
20230830 10976
20230828 10968
20230831 10978
20230828 10968
20230901 10988
20230828 10968
20230902 10992
20230828 10968
20230903 10993
20230828 10968
20230904 10994
20230828 10968
20230905 10995
20230828 10968
20230906 10997
20230828 10968
20230907 10999
20230828 10968
20230908 11010
20230828 10968
20230909 11011
20230911 11011
20230912 11014
20230911 11011
20230913 11017
20230911 11011
20230914 11022
20230915 11022
20230916 11021
20230918 11021
20230919 11024
20230918 11021
20230920 9487
20230918 11021
20230921 9495
20230918 11021
20230922 9504
20230918 11021
20230923 9506
20230925 9506
20230926 9504
20230925 9506
20230927 9508
20230925 9506
20230928 9520
20230925 9506
20230929 9522
20230930 9522
20231001 9523
20231002 9523
20231003 9529
20231002 9523
20231005 9538
20231002 9523
20231007 9548
20231009 9548
20231010 9549
20231009 9548
20231011 9553
20231009 9548
20231012 9565
20231009 9548
20231013 9571
20231009 9548
20231014 9572
20231016 9572
20231017 9574
20231016 9572
20231018 9577
20231016 9572
20231019 9585
20231016 9572
20231020 9591
20231016 9572
20231021 9595
20231022 9595
20231023 9596
20231022 9595
20231024 9599
20231022 9595
20231025 9602
20231022 9595
20231026 9607
20231022 9595
20231027 9613
20231022 9595
20231028 9619
20231030 9619
20231031 9624
20231030 9619
20231101 9626
20231030 9619
20231102 9637
20231030 9619
20231103 9641
20231030 9619
20231104 9644
20231106 9644
20231107 9649
20231106 9644
20231108 9652
20231106 9644
20231109 9657
20231106 9644
20231110 9660
20231106 9644
20231111 9659
20231112 9659
20231113 9662
20231112 9659
20231114 9696
20231112 9659
20231115 9741
20231112 9659
20231116 9797
20231117 9797
20231118 9795
20231213 9795
20231214 9798
20231213 9795
20231215 9799
20231213 9795
20231216 9802
20231227 9802
20231230 9803
20240103 9803
20240104 9805
20240109 9805
20240110 9804
20240111 9804
20240112 9806
20240111 9804
20240113 9807
20240111 9804
20240114 9808
20240115 9808
20240116 9809
20240119 9809
20240120 9810
20240124 9810
20240125 9811
20240129 9811
20240130 9812
20240129 9811
20240131 9813
20240129 9811
20240201 9814
20240129 9811
20240202 9815
20240129 9811
20240203 9816
20240205 9816
20240206 9819
20240205 9816
20240207 9824
20240205 9816
20240208 9826
20240205 9816
20240209 9828
20240205 9816
20240210 9834
20240211 9834
20240212 9835
20240211 9834
20240213 9837
20240211 9834
20240214 9842
20240211 9834
20240215 9843
20240211 9834
20240216 9847
20240211 9834
20240217 9849
20240219 9849
20240220 9850
20240219 9849
20240221 9852
20240219 9849
20240222 9854
20240219 9849
20240223 9856
20240219 9849
20240224 9862
20240219 9849
20240225 9863
20240226 9863
20240227 9871
20240226 9863
20240228 9875
20240226 9863
20240229 9879
20240301 9879
20240302 9882
20240304 9882
20240305 9887
20240306 9887
20240307 9893
20240306 9887
20240308 9899
20240311 9899
20240312 9902
20240311 9899
20240313 9908
20240311 9899
20240314 9913
20240311 9899
20240315 9920
20240311 9899
20240316 9925
20240318 9925
20240319 9927
20240318 9925
20240320 9929
20240318 9925
20240321 9933
20240318 9925
20240322 9934
20240318 9925
20240323 9940
20240325 9940
20240326 9941
20240325 9940
20240327 9948
20240325 9940
20240328 9954
20240325 9940
20240329 9959
20240325 9940
20240330 9963
20240401 9963
20240402 9968
20240401 9963
20240403 9979
20240401 9963
20240404 9987
20240401 9963
20240405 9990
20240401 9963
20240406 9997
20240401 9963
20240407 9998
20240401 9963
20240408 10000
20240401 9963
20240409 10002
20240401 9963
20240410 10014
20240401 9963
20240411 10021
20240401 9963
20240412 10027
20240401 9963
20240413 10032
20240415 10032
20240416 10040
20240415 10032
20240417 10048
20240415 10032
20240418 10056
20240415 10032
20240419 10064
20240415 10032
20240420 10072
20240415 10032
20240421 10073
20240415 10032
20240422 10074
20240415 10032
20240423 10076
20240415 10032
20240424 10090
20240415 10032
20240425 10103
20240415 10032
20240426 10109
20240415 10032
20240427 10112
20240428 10112
20240429 10113
20240428 10112
20240430 10119
20240428 10112
20240501 10125
20240428 10112
20240503 10147
20240428 10112
20240504 10157
20240506 10157
20240507 10166
20240506 10157
20240508 10179
20240506 10157
20240509 10182
20240506 10157
20240510 10187
20240506 10157
20240511 10193
20240512 10193
20240513 10195
20240512 10193
20240514 10207
20240512 10193
20240515 10214
20240512 10193
20240516 10222
20240512 10193
20240517 10233
20240512 10193
20240518 10237
20240519 10237
20240520 10239
20240519 10237
20240521 10252
20240519 10237
20240522 10262
20240519 10237
20240523 10272
20240519 10237
20240524 10285
20240519 10237
20240525 10286
20240519 10237
20240526 10287
20240519 10237
20240527 10288
20240528 10288
20240529 10294
20240528 10288
20240530 10298
20240528 10288
20240531 10309
20240528 10288
20240601 10312
20240602 10312
20240603 10319
20240602 10312
20240604 10326
20240602 10312
20240605 10340
20240602 10312
20240606 10347
20240602 10312
20240609 10364
20240602 10312
20240611 10372
20240602 10312
20240612 10380
20240602 10312
20240613 10387
20240602 10312
20240614 10398
20240602 10312
20240615 10404
20240602 10312
20240616 10405
20240617 10405
20240618 10414
20240617 10405
20240620 10431
20240617 10405
20240621 10440
20240617 10405
20240622 10446
20240623 10446
20240624 10451
20240623 10446
20240626 10473
20240623 10446
20240627 10485
20240623 10446
20240628 10495
20240623 10446
20240629 10499
20240623 10446
20240630 10500
20240701 10500
20240702 10513
20240701 10500
20240703 10525
20240701 10500
20240704 10538
20240701 10500
20240705 10539
20240701 10500
20240706 10540
20240707 10540
20240708 10541
20240707 10540
20240709 10548
20240707 10540
20240710 10559
20240707 10540
20240711 10572
20240707 10540
20240712 10581
20240707 10540
20240713 10585
20240714 10585
20240715 10587
20240714 10585
20240716 10594
20240714 10585
20240717 10607
20240714 10585
20240718 10619
20240714 10585
20240719 10628
20240714 10585
20240720 10633
20240721 10633
20240722 10634
20240721 10633
20240723 10640
20240724 10640
20240725 10674
20240724 10640
20240726 10684
20240724 10640
20240727 10693
20240724 10640
20240728 10694
20240729 10694
20240730 10699
20240729 10694
20240731 10716
20240729 10694
20240801 10727
20240729 10694
20240802 10736
20240729 10694
20240803 10744
20240729 10694
20240804 10746
20240729 10694
20240805 10747
20240729 10694
20240806 10759
20240729 10694
20240807 10779
20240729 10694
20240808 10789
20240729 10694
20240809 10801
20240729 10694
20240810 10806
20240812 10806
20240813 10817
20240812 10806
20240814 10829
20240812 10806
20240815 10836
20240812 10806
20240816 10853
20240812 10806
20240817 10862
20240812 10806
20240818 10863
20240812 10806
20240819 10865
20240812 10806
20240820 10879
20240812 10806
20240821 10886
20240812 10806
20240822 10900
20240812 10806
20240823 10904
20240812 10806
20240824 10916
20240826 10916
20240827 10929
20240826 10916
20240828 10944
20240826 10916
20240829 10962
20240826 10916
20240830 10972
20240826 10916
20240831 10982
20240826 10916
20240901 10985
20240826 10916
20240902 10986
20240826 10916
20240903 10987
20240826 10916
20240904 10996
20240826 10916
20240905 11011
20240826 10916
20240906 11025
20240826 10916
20240907 11034
20240826 10916
20240908 11035
20240909 11035
20240910 11048
20240909 11035
20240911 11069
20240909 11035
20240912 11084
20240909 11035
20240913 11098
20240909 11035
20240914 11102
20240916 11102
20240917 11115
20240916 11102
20240918 11124
20240916 11102
20240919 11142
20240916 11102
20240920 11155
20240916 11102
20240921 11162
20240922 11162
20240925 11191
20240922 11162
20240926 11209
20240922 11162
20240927 11222
20240922 11162
20240928 11234
20240929 11234
20240930 11235
20240929 11234
20241001 11243
20241001 11243
