20230707 2075
20230709 2075
20230712 2073
20230713 2074
20230714 2074
20230715 2074
20230716 2074
20230717 2074
20230718 2078
20230719 2078
20230720 2078
20230721 2078
20230722 2078
20230723 2078
20230724 2078
20230725 2078
20230726 2078
20230727 2078
20230728 2078
20230729 2078
20230730 2078
20230731 2078
20230801 2078
20230802 2054
20230803 2054
20230804 2054
20230805 2054
20230806 2054
20230807 2054
20230808 2059
20230809 2059
20230810 2060
20230811 2060
20230812 2061
20230813 2061
20230815 2062
20230816 2062
20230817 2062
20230818 2063
20230819 2063
20230820 2064
20230821 2064
20230822 2064
20230823 2064
20230824 2065
20230825 2065
20230826 2066
20230827 2066
20230828 2066
20230829 2066
20230830 2066
20230831 2072
20230901 2073
20230902 2063
20230903 2063
20230904 2063
20230905 2065
20230906 2065
20230907 2065
20230908 2065
20230909 2065
20230910 2065
20230911 2065
20230912 2065
20230913 2065
20230914 2066
20230915 2066
20230916 2068
20230917 2068
20230918 2068
20230919 2069
20230920 2069
20230921 2070
20230922 2070
20230923 2070
20230924 2070
20230925 2070
20230926 2072
20230927 2072
20230928 2072
20230929 2073
20230930 2073
20231001 2073
20231002 2065
20231003 2069
20231005 2071
20231007 2071
20231008 2071
20231009 2071
20231010 2071
20231011 2071
20231012 2072
