20230922 1011926
20230924 1009014
20230925 1007697
20230926 1006466
20230927 1003524
20230928 1002502
20230929 998308
20230930 996744
20231001 994280
20231002 992879
20231003 991096
20231005 988612
20231007 988150
20231008 987756
20231009 987263
20231010 986815
20231011 986844
20231012 986710
20231013 986943
20231014 987066
20231015 987321
20231016 987581
20231017 987581
20231018 985506
20231019 985506
20231020 984796
20231021 984572
20231022 984161
20231023 983795
20231024 983348
20231025 983188
