20230922 496627
20230924 496994
20230925 497124
20230926 497116
20230927 497125
20230928 497233
20230929 497325
20230930 497403
20231001 497503
20231002 497552
20231003 497516
20231005 497600
20231007 497643
20231008 497755
20231009 497835
20231010 497898
20231011 497889
20231012 497963
20231013 498049
20231014 498141
20231015 498205
20231016 498274
20231017 498274
20231018 498171
20231019 498171
20231020 498370
20231021 498437
20231022 498566
20231023 498486
20231024 498577
20231025 498607
20231026 498673
20231027 498923
20231028 499003
20231029 499124
20231030 499259
20231031 499240
20231101 499120
20231102 499105
20231103 499095
20231104 499115
20231105 499192
20231106 499281
20231107 499250
20231108 499250
20231109 499368
20231110 499448
20231111 499513
20231112 499605
20231113 499656
20231114 499652
20231115 499514
20231116 499568
