20230707 6
20230709 6
20230710 6
20230711 6
20230712 6
20230714 6
20230715 6
20230716 6
20230717 6
20230718 6
20230719 6
20230720 6
20230721 6
20230722 6
20230723 6
20230724 6
20230725 6
20230726 6
20230727 6
20230728 6
20230729 6
20230730 6
20230731 6
20230801 6
20230802 6
20230803 6
20230804 6
20230805 6
20230806 6
20230807 6
20230808 6
20230809 6
20230810 6
20230811 6
20230812 6
20230813 6
20230815 6
20230816 6
20230817 6
20230818 6
20230819 6
20230820 6
20230821 6
20230822 6
20230823 6
20230824 6
20230825 6
20230826 6
20230827 6
20230828 6
20230829 6
20230830 6
20230831 6
20230901 6
20230902 6
20230903 6
20230904 6
20230905 6
20230906 6
20230907 6
20230908 6
20230909 6
20230910 6
20230911 6
20230912 6
20230913 6
20230914 6
20230915 6
20230916 6
20230917 6
20230918 6
20230919 6
20230920 4
20230921 4
20230922 4
20230923 4
20230924 4
20230925 4
20230926 4
20230927 4
20230928 4
20230929 4
20230930 4
20231001 4
20231002 4
20231003 4
20231005 4
20231007 4
20231008 4
20231009 4
20231010 4
20231011 4
20231012 5
20231013 5
20231014 5
20231015 5
20231016 5
20231017 5
