20230707 7281
20230709 7272
20230710 7265
20230711 7262
20230712 7263
20230713 7267
20230714 7271
20230715 7265
20230716 7261
20230717 7260
20230718 7252
20230719 7244
20230720 7237
20230721 7233
20230722 7232
20230723 7230
20230724 7228
20230725 7228
20230726 7227
20230727 7228
20230725 7228
20230728 7234
20230725 7228
20230729 7236
20230725 7228
20230730 7232
20230731 7228
20230725 7228
20230801 7227
20230802 7227
20230803 7235
20230802 7227
20230804 7233
20230805 7233
20230806 7234
20230805 7233
20230807 7232
20230805 7233
20230808 7230
20230805 7233
20230809 7229
20230805 7233
20230810 7227
20230813 7227
20230815 7225
20230813 7227
20230816 7224
20230813 7227
20230817 7226
20230813 7227
20230818 7225
20230813 7227
20230819 7220
20230813 7227
20230820 7218
20230813 7227
20230821 7212
20230813 7227
20230822 7213
20230813 7227
20230823 7214
20230813 7227
20230824 7215
20230813 7227
20230825 7217
20230813 7227
20230826 7218
20230813 7227
20230827 7214
20230813 7227
20230828 7212
20230813 7227
20230829 7210
20230813 7227
20230830 7213
20230813 7227
20230831 7214
20230813 7227
20230901 7213
20230813 7227
20230902 7212
20230813 7227
20230903 7216
20230813 7227
20230904 7215
20230813 7227
20230905 7212
20230813 7227
20230906 7215
20230813 7227
20230907 7216
20230813 7227
20230908 7211
20230813 7227
20230909 7209
20230813 7227
20230910 7207
20230813 7227
20230911 7206
20230813 7227
20230912 7203
20230913 7203
20230914 7201
20230913 7203
20230915 7195
20230913 7203
20230916 7196
20230913 7203
20230917 7193
20230913 7203
20230918 7192
20230913 7203
20230919 7189
20230913 7203
20230920 6546
20230913 7203
20230921 6533
20230913 7203
20230922 6536
20230913 7203
20230923 6538
20230913 7203
20230924 6536
20230913 7203
20230925 6535
20230913 7203
20230926 6521
20230913 7203
20230927 6520
20230913 7203
20230928 6519
20230913 7203
20230929 6518
20230913 7203
20230930 6508
20230913 7203
20231001 6504
20230913 7203
20231002 6502
20230913 7203
20231003 6504
20230913 7203
20231005 6496
20230913 7203
20231007 6494
20230913 7203
20231008 6491
20230913 7203
20231009 6489
20230913 7203
20231010 6487
20230913 7203
20231011 6485
20230913 7203
20231012 6480
20230913 7203
20231013 6478
20230913 7203
20231014 6481
20230913 7203
20231015 6475
20230913 7203
20231016 6469
20230913 7203
20231017 6467
20230913 7203
20231018 6468
20231019 6468
20231020 6466
20231019 6468
20231021 6469
20231019 6468
20231022 6467
20231019 6468
20231023 6465
20231019 6468
20231024 6466
20231019 6468
20231025 6461
20231019 6468
20231026 6460
20231019 6468
20231027 6458
20231019 6468
20231028 6459
20231019 6468
20231029 6462
20231019 6468
20231030 6454
20231019 6468
20231031 6450
20231019 6468
20231101 6453
20231019 6468
20231102 6450
20231019 6468
20231103 6448
20231019 6468
20231104 6447
20231019 6468
20231105 6442
20231019 6468
20231106 6438
20231019 6468
20231107 6441
20231019 6468
20231108 6438
20231019 6468
20231109 6437
20231019 6468
20231110 6439
20231019 6468
20231111 6436
20231019 6468
20231112 6434
20231019 6468
20231113 6431
20231019 6468
20231114 6430
20231019 6468
20231115 6428
20231019 6468
20231116 6423
20231019 6468
20231117 6421
20231019 6468
20231118 6418
20231019 6468
20231120 6415
20231122 6415
20231123 6410
20231122 6415
20231124 6411
20231122 6415
20231125 6413
20231126 6415
20231127 6415
20231128 6410
20231127 6415
20231129 6447
20231130 6447
20231201 6445
20231203 6445
20231204 6441
20231203 6445
20231205 6438
20231203 6445
20231206 6433
20231203 6445
20231207 6430
20231203 6445
20231208 6429
20231203 6445
20231209 6432
20231203 6445
20231210 6430
20231203 6445
20231211 6429
20231203 6445
20231212 6421
20231214 6421
20231215 6420
20231216 6421
20231214 6421
20231217 6418
20231214 6421
20231218 6417
20231214 6421
20231219 6418
20231214 6421
20231220 6416
20231214 6421
20231221 6414
20231214 6421
20231222 6413
20231223 6413
20231224 6411
20231223 6413
20231225 6409
20231223 6413
20231226 6408
20231223 6413
20231227 6402
20231223 6413
20231230 6396
20231223 6413
20231231 6395
20231223 6413
20240101 6397
20231223 6413
20240102 6395
20231223 6413
20240103 6394
20240104 6394
20240105 6392
20240104 6394
20240106 6411
20240107 6411
20240108 6410
20240107 6411
20240109 6409
20240107 6411
20240110 6421
20240107 6411
20240111 6447
20240107 6411
20240112 6445
20240113 6445
20240114 6441
20240113 6445
20240115 6434
20240113 6445
20240116 6435
20240113 6445
20240117 6437
20240118 6437
20240119 6435
20240120 6435
20240121 6432
20240120 6435
20240122 6433
20240120 6435
20240124 6437
20240120 6435
20240125 6434
20240126 6435
20240127 6435
20240128 6434
20240127 6435
20240129 6422
20240127 6435
20240130 6419
20240127 6435
20240131 6418
20240127 6435
20240201 6420
20240127 6435
20240202 6422
20240127 6435
20240203 6421
20240127 6435
20240204 6420
20240205 6420
20240206 6418
20240205 6420
20240207 6421
20240208 6421
20240209 6422
20240208 6421
20240210 6423
20240208 6421
20240211 6425
20240212 6421
20240208 6421
20240213 6423
20240208 6421
20240214 6415
20240208 6421
20240215 6411
20240208 6421
20240216 6404
20240208 6421
20240217 6401
20240218 6401
20240219 6400
20240220 6401
20240218 6401
20240221 6398
20240218 6401
20240222 6404
20240218 6401
20240223 6405
20240218 6401
20240224 6406
20240218 6401
20240225 6404
20240218 6401
20240226 6403
20240227 6403
20240228 6406
20240227 6403
20240229 6405
20240227 6403
20240301 6402
20240227 6403
20240302 6401
20240227 6403
20240303 6399
20240304 6399
20240305 6398
20240304 6399
20240306 6402
20240309 6402
20240310 6393
20240309 6402
20240311 6390
20240309 6402
20240312 6384
20240313 6384
20240314 6388
20240313 6384
20240315 6389
20240313 6384
20240316 6373
20240313 6384
20240317 6369
20240313 6384
20240318 6367
20240313 6384
20240319 6366
20240313 6384
20240320 6365
20240313 6384
20240321 6364
20240313 6384
20240322 6366
20240313 6384
20240323 6365
20240313 6384
20240324 6362
20240313 6384
20240325 6360
20240313 6384
20240326 6344
20240313 6384
20240327 6337
20240313 6384
20240328 6336
20240313 6384
20240329 6332
20240313 6384
20240330 6327
20240313 6384
20240331 6320
20240313 6384
20240401 6316
20240402 6316
20240403 6297
20240402 6316
20240404 6299
20240402 6316
20240405 6291
20240402 6316
20240406 6294
20240407 6294
20240408 6297
20240407 6294
20240409 6293
20240407 6294
20240410 6289
20240407 6294
20240411 6287
20240412 6287
20240413 6291
20240412 6287
20240415 6285
20240416 6285
20240417 6284
20240416 6285
20240418 6283
20240416 6285
20240419 6279
20240416 6285
20240420 6282
20240416 6285
20240421 6276
20240416 6285
20240422 6274
20240416 6285
20240423 6281
20240416 6285
20240424 6279
20240416 6285
20240425 6275
20240416 6285
20240426 6274
20240416 6285
20240427 6275
20240416 6285
20240428 6270
20240416 6285
20240429 6265
20240416 6285
20240430 6263
20240416 6285
20240501 6260
20240416 6285
20240503 6252
20240416 6285
20240504 6245
20240416 6285
20240505 6244
20240416 6285
20240506 6238
20240416 6285
20240507 6236
20240416 6285
20240508 6237
20240416 6285
20240509 6236
20240416 6285
20240510 6237
20240416 6285
20240511 6229
20240416 6285
20240512 6227
20240416 6285
20240513 6229
20240416 6285
20240514 6228
20240416 6285
20240515 6227
20240416 6285
20240516 6225
20240518 6225
20240519 6221
20240518 6225
20240520 6217
20240518 6225
20240521 6219
20240518 6225
20240522 6222
20240518 6225
20240523 6213
20240518 6225
20240524 6215
20240518 6225
20240525 6218
20240518 6225
20240526 6214
20240518 6225
20240527 6212
20240518 6225
20240528 6207
20240518 6225
20240529 6210
20240530 6210
20240531 6208
20240530 6210
20240601 6207
20240530 6210
20240602 6205
20240530 6210
20240603 6197
20240604 6197
20240605 6195
20240604 6197
20240606 6189
20240604 6197
20240609 6195
20240604 6197
20240611 6189
20240604 6197
20240612 6187
20240604 6197
20240613 6185
20240604 6197
20240614 6188
20240604 6197
20240615 6187
20240617 6187
20240618 6180
20240617 6187
20240620 6176
20240617 6187
20240621 6173
20240617 6187
20240622 6172
20240617 6187
20240623 6168
20240617 6187
20240624 6170
20240617 6187
20240626 6164
20240617 6187
20240627 6163
20240617 6187
20240628 6162
20240629 6162
20240630 6160
20240629 6162
20240701 6159
20240629 6162
20240702 6153
20240629 6162
20240703 6148
20240629 6162
20240704 6143
20240629 6162
20240705 6140
20240629 6162
20240706 6136
20240707 6136
20240708 6134
20240707 6136
20240709 6129
20240707 6136
20240710 6125
20240707 6136
20240711 6126
20240707 6136
20240712 6121
20240707 6136
20240713 6123
20240707 6136
20240714 6119
20240707 6136
20240715 6116
20240707 6136
20240716 6113
20240707 6136
20240717 6115
20240707 6136
20240718 6113
20240707 6136
20240719 6107
20240707 6136
20240720 6110
20240707 6136
20240721 6108
20240722 6108
20240723 6106
20240725 6106
20240726 6101
20240725 6106
20240727 6103
20240725 6106
20240728 6102
20240725 6106
20240729 6100
20240725 6106
20240730 6096
20240725 6106
20240731 6092
20240725 6106
20240801 6089
20240725 6106
20240802 6088
20240725 6106
20240803 6093
20240804 6093
20240805 6089
20240804 6093
20240806 6085
20240804 6093
20240807 6082
20240804 6093
20240808 6083
20240809 6083
20240810 6082
20240809 6083
20240811 6079
20240809 6083
20240812 6075
20240809 6083
20240813 6072
20240809 6083
20240814 6071
20240815 6071
20240816 6066
20240815 6071
20240817 6064
20240815 6071
20240818 6063
20240815 6071
20240819 6060
20240820 6060
20240821 6055
20240820 6060
20240822 6051
20240823 6051
20240824 6054
20240823 6051
20240825 6055
20240826 6055
20240827 6053
20240826 6055
20240828 6054
20240826 6055
20240829 6049
20240830 6049
20240831 6046
20240830 6049
20240901 6043
20240902 6043
20240903 6045
20240904 6045
20240905 6046
20240904 6045
20240906 6050
20240904 6045
20240907 6047
20240908 6045
20240904 6045
20240909 6046
20240904 6045
20240910 6043
20240904 6045
20240911 6042
20240904 6045
20240912 6041
20240904 6045
20240913 6035
20240904 6045
20240914 6033
20240904 6045
20240915 6034
20240916 6034
20240917 6037
20240916 6034
20240918 6036
20240916 6034
20240919 6035
20240916 6034
20240920 6038
20240921 6034
20240916 6034
20240921 6035
20240922 6034
20240922 6034
