20230707 4108
20230709 4103
20230710 4106
20230711 4104
20230712 4103
20230713 4105
20230714 4098
20230715 4091
20230716 4092
20230717 4091
20230718 4084
20230719 4097
20230720 4086
20230721 4084
20230722 4088
20230723 4087
20230724 4081
20230725 4078
20230726 4093
20230727 4095
20230728 4091
20230729 4087
20230730 4089
20230731 4089
20230801 4088
20230802 4091
20230803 4089
20230804 4089
20230805 4087
20230806 4083
20230807 4084
20230808 4090
20230809 4088
20230810 4090
20230811 4087
20230812 4089
20230813 4087
20230815 4087
