20230707 9639
20230709 9652
20230710 9649
20230711 9647
20230712 9643
20230713 9644
20230714 9653
20230715 9646
20230716 9644
20230717 9636
20230718 9652
20230719 9654
20230720 9655
20230721 9649
20230722 9655
20230723 9651
20230724 9651
20230725 9649
20230726 9655
20230727 9662
20230728 9669
20230729 9666
20230730 9663
20230731 9661
20230801 9663
20230802 9665
20230803 9666
20230804 9664
20230805 9673
20230806 9677
20230807 9668
20230808 9682
20230809 9690
20230810 9689
20230811 9695
20230812 9691
20230813 9685
20230815 9677
20230816 9678
20230817 9676
20230818 9682
20230819 9684
20230820 9685
20230821 9682
20230822 9686
20230823 9693
20230824 9696
20230825 9695
20230826 9697
20230827 9690
20230828 9687
20230829 9695
20230830 9701
20230831 9703
20230901 9709
20230902 9709
20230903 9700
20230904 9700
20230905 9702
20230906 9706
20230907 9719
20230908 9726
20230909 9731
20230910 9731
20230911 9724
20230912 9728
20230913 9717
20230914 9719
20230915 9715
20230916 9711
20230917 9714
20230918 9708
20230919 9711
20230920 8922
20230921 8925
20230922 8935
20230923 8938
20230924 8933
20230925 8933
20230926 8942
20230927 8958
20230928 8964
20230929 8978
20230930 8980
20231001 8985
20231002 8989
20231003 8997
20231005 9021
20231007 9028
20231008 9029
20231009 9038
20231010 9035
20231011 9036
20231012 9041
20231013 9041
20231014 9037
20231015 9039
20231016 9031
20231017 9033
20231018 9024
20231019 9027
20231020 9020
20231021 9024
20231022 9031
20231023 9028
20231024 9032
20231025 9033
20231026 9044
20231027 9011
20231028 9018
20231029 9018
20231030 9018
20231031 9026
20231101 9026
20231102 9026
20231103 9030
20231104 9034
20231105 9044
20231106 9042
20231107 9038
20231108 9040
20231109 9034
20231110 9031
20231111 9028
20231112 9024
20231113 9014
20231114 9014
20231115 9009
20231116 9008
20231117 9029
20231118 9028
20231120 9024
20231121 9025
20231122 9027
20231123 9031
20231124 9039
20231125 9040
20231126 9038
20231127 9033
20231128 9036
20231129 9042
20231130 9048
20231201 9061
