20230707 1054
20230709 1054
20230710 1052
20230711 1053
20230712 1053
20230713 1057
20230714 1057
20230715 1056
20230717 1056
20230718 1053
20230719 1054
20230721 1054
20230722 1055
20230726 1055
20230727 1054
20230731 1054
20230801 1055
20230804 1055
20230805 1057
20230809 1057
20230810 1056
20230815 1056
20230816 1054
20230817 1054
20230818 1056
20230819 1055
20230825 1055
20230826 1056
20230828 1056
20230829 1057
20230830 1050
20230831 1053
20230901 1056
20230902 1059
20230903 1059
20230904 1057
20230905 1059
20230906 1058
20230908 1058
20230909 1057
20230911 1057
20230912 1058
20230913 1057
20230914 1057
20230915 1056
20230916 1055
20230917 1056
20230918 1055
20230919 1055
20230920 965
20230921 965
20230922 966
20230925 966
20230926 953
20230927 953
20230928 952
20231001 952
20231002 951
20231003 951
20231005 949
20231007 948
20231009 948
20231010 950
20231016 950
20231017 949
20231018 949
20231019 944
20231020 943
20231023 943
20231024 944
20231025 945
20231026 945
20231027 946
20231028 946
20231029 947
20231101 947
20231102 946
20231103 942
20231104 942
20231105 941
20231106 940
20231107 939
20231108 940
20231111 940
20231112 942
20231113 942
20231114 941
20231115 940
20231117 940
20231118 939
20231122 939
20231123 938
20231124 939
20231125 938
20231127 938
20231128 939
20231129 998
20231130 999
20231203 999
20231204 998
20231205 998
20231206 1001
20231209 1001
20231210 1002
20231211 1003
20231212 1002
20231213 1002
20231214 1004
20231215 1006
20231216 1007
20231217 1006
20231218 1007
20231219 1008
20231222 1008
20231223 1009
20231224 1010
20231226 1010
20231227 1008
20231230 1010
20231231 1010
20240101 1011
20240104 1011
20240105 1014
20240106 1041
20240107 1042
20240110 1042
20240111 1072
20240112 1072
20240113 1071
20240116 1071
20240117 1070
20240118 1069
20240122 1069
20240124 1072
20240125 1072
20240126 1073
20240127 1075
20240128 1074
20240129 1073
20240130 1072
20240202 1072
20240203 1070
20240204 1070
20240205 1071
20240206 1073
20240207 1073
20240208 1076
20240209 1075
20240210 1076
20240211 1075
20240212 1074
20240213 1074
20240214 1073
20240215 1073
20240216 1071
20240221 1071
20240222 1070
20240223 1070
20240224 1069
20240225 1068
20240226 1068
20240227 1069
20240228 1070
20240303 1070
20240304 1069
20240305 1065
20240306 1065
20240307 1066
20240308 1066
20240309 1065
20240310 1066
20240311 1066
20240312 1064
20240313 1064
20240314 1062
20240318 1062
20240319 1060
20240320 1060
20240321 1059
20240322 1059
20240323 1055
20240324 1061
20240325 1062
20240327 1062
20240328 1059
20240329 1062
20240331 1062
20240401 1063
20240402 1062
20240407 1062
20240408 1061
20240409 1060
20240410 1061
20240411 1059
20240413 1059
20240415 1057
20240416 1057
20240417 1058
20240418 1060
20240422 1060
20240423 1057
20240424 1058
20240425 1054
20240426 1053
20240427 1053
20240428 1050
20240429 1051
20240430 1051
20240501 1052
20240503 1051
20240504 1050
20240505 1049
20240506 1056
20240507 1054
20240508 1054
20240509 1053
20240510 1053
20240511 1054
20240512 1055
20240513 1055
20240514 1056
20240515 1055
20240516 1056
20240517 1054
20240519 1054
20240520 1053
20240521 1051
20240522 1051
20240523 1052
20240524 1050
20240525 1050
20240526 1051
20240527 1052
20240528 1052
20240529 1050
20240530 1049
20240531 1050
20240601 1054
20240602 1054
20240603 1055
20240604 1055
20240605 1053
20240606 1053
20240609 1051
20240611 1050
20240612 1051
20240613 1051
20240614 1050
20240616 1050
20240617 1051
20240618 1048
20240620 1048
20240621 1041
20240630 1041
20240701 1042
20240702 1042
20240703 1041
20240704 1040
20240710 1040
20240711 1039
20240713 1039
20240714 1038
20240715 1036
20240716 1034
20240717 1037
20240718 1034
20240719 1034
20240720 1033
20240721 1033
20240722 1034
20240723 1031
20240726 1031
20240727 1034
20240728 1031
20240729 1031
20240730 1033
20240731 1034
20240801 1034
20240802 1036
20240805 1036
20240806 1037
20240811 1037
20240812 1038
20240813 1037
20240815 1037
20240816 1033
20240817 1032
20240818 1032
20240819 1031
20240822 1031
20240823 1032
20240824 1033
20240825 1032
20240826 1032
20240827 1033
20240828 1032
20240829 1031
20240830 1030
20240831 1030
20240901 1031
20240902 1032
20240903 1033
20240904 1037
20240905 1034
20240906 1034
20240907 1036
20240908 1036
20240909 1035
20240910 1037
20240911 1037
20240912 1035
20240914 1035
20240915 1036
20240916 1036
20240917 1037
20240918 1036
20240919 1036
20240920 1037
20240921 1039
20240922 1039
20240925 1038
20240926 1037
20240928 1037
20240929 1038
20240930 1037
20241003 1037
20241004 1038
20241005 1039
20241006 1038
20241007 1041
20241010 1041
20241011 1040
20241012 1039
20241013 1039
20241014 1038
20241016 1038
20241017 1040
20241018 1040
20241019 1041
20241021 1041
20241022 1042
20241023 1042
20241024 1043
20241025 1043
20241026 1044
20241027 1045
20241028 1046
20241029 1046
20241030 1045
20241031 1046
20241101 1046
20241102 1047
20241103 1048
20241107 1048
20241108 1050
20241111 1050
20241112 1049
20241113 1050
20241114 1053
20241115 1054
20241116 1052
20241117 1052
20241118 1050
20241119 1052
20241120 1054
20241121 1054
20241122 1052
20241123 1018
20241125 1018
20241126 1017
20241127 1018
20241128 1020
20241129 1019
20241130 1020
20241201 1020
20241202 1021
20241203 1023
20241204 1021
20241205 1021
20241206 1022
20241207 1020
20241208 1019
20241209 1018
20241210 1017
20241211 1015
20241212 1017
20241213 1019
20241214 1020
20241216 1020
20241217 1022
20241218 1021
20241219 1020
20241220 1018
20241224 1018
20241225 1016
20241227 1016
20241228 1018
20241229 1027
20241231 1027
20250101 1026
20250102 1027
20250103 1027
20250104 1026
20250105 1026
20250106 1027
20250107 1026
20250108 1025
20250109 1026
20250110 1025
20250112 1025
20250113 1026
20250114 1025
20250115 1024
20250119 1024
20250120 1021
20250121 1021
20250122 1020
20250123 1017
20250124 1017
20250125 1012
20250126 1012
20250127 1013
20250128 1013
20250129 1015
20250131 1015
20250201 1016
20250204 1016
20250205 1018
20250206 1019
20250208 1019
20250210 1020
20250211 1020
20250212 1021
20250213 1022
20250214 1023
20250215 996
20250216 994
20250219 994
20250220 971
20250221 972
20250222 972
20250223 973
20250224 973
20250225 972
20250226 973
20250227 972
20250228 971
20250301 970
20250302 970
20250303 971
20250304 973
20250305 972
20250306 973
20250308 973
20250309 974
20250310 976
20250311 976
20250312 977
20250314 977
20250315 978
20250316 978
20250317 980
20250318 981
20250320 981
20250321 982
20250322 981
20250326 981
20250327 983
20250328 980
20250330 980
20250331 981
20250401 981
20250402 982
20250403 982
20250404 984
20250405 985
20250407 985
20250408 986
20250410 986
20250411 985
20250412 984
20250418 984
20250419 985
20250421 985
20250422 984
20250423 984
20250424 985
20250430 985
20250501 986
20250502 987
20250504 987
20250505 986
20250511 986
20250512 988
20250513 987
20250514 987
20250515 989
20250517 989
20250518 988
20250519 989
20250520 990
20250521 990
20250522 989
20250523 990
20250524 988
20250525 988
20250526 989
20250527 989
20250528 990
20250529 991
20250530 992
20250531 990
20250601 989
20250602 988
20250604 988
20250605 987
20250606 986
20250607 986
20250608 987
20250609 987
20250610 991
20250613 991
20250614 990
20250615 987
20250616 986
20250620 986
20250621 985
20250622 985
20250623 984
20250625 984
20250626 983
20250627 983
20250628 984
20250629 983
20250630 984
20250702 984
20250703 985
20250707 985
20250708 983
20250709 984
20250710 983
20250712 983
20250713 985
20250715 985
20250716 986
20250717 986
20250718 987
20250720 987
20250722 988
20250723 992
20250728 992
20250729 993
20250730 992
20250731 992
20250801 993
20250802 993
20250803 994
20250806 994
20250807 993
20250808 994
20250810 996
20250812 996
20250813 1000
20250814 1001
20250815 1001
20250816 1000
20250817 1002
20250818 1003
20250819 1001
20250820 1001
20250821 1002
20250823 1002
20250824 1004
20250827 1004
20250828 1003
20250829 1004
20250830 1004
20250831 1003
20250901 1004
20250902 1002
20250904 1002
20250905 1003
20250906 1003
20250907 1004
20250910 1004
20250911 1005
20250916 1005
20250917 1006
20250918 1005
20250922 1005
20250923 1002
20250925 1002
20250926 1003
20251004 1003
20251005 1004
20251006 1003
20251007 1002
20251008 1001
20251009 1003
20251010 1005
20251011 1006
20251012 1008
20251013 1009
20251014 1005
20251015 1005
20251016 1006
20251017 1007
20251018 1010
20251019 1014
20251021 1014
20251022 1016
20251023 1017
20251024 1016
20251025 1017
20251026 1018
20251027 1016
20251028 1019
20251029 1024
20251101 1024
20251102 1023
20251104 1023
20251105 1026
20251106 1045
20251107 1045
20251108 1046
20251109 1047
20251110 1048
20251111 1050
20251112 1049
20251113 1051
20251114 1053
20251115 1053
20251116 1052
20251117 1054
20251118 1056
20251119 1055
20251120 1058
20251121 1059
20251122 1051
20251123 1052
20251125 1052
20251126 1053
20251127 1052
20251128 1051
20251129 1052
20251130 1056
20251202 1060
20251204 1060
20251206 1067
20251207 1069
20251208 1070
