20230707 113191
20230709 113195
20230710 113168
20230711 113181
20230712 113228
20230713 113276
20230714 113336
20230715 113338
20230716 113331
20230717 113318
20230718 113332
20230719 113371
20230720 113410
20230721 113373
20230722 113437
20230723 113428
20230724 113428
20230725 113463
20230726 113522
20230727 113497
20230728 113547
20230729 113540
20230730 113540
20230731 113478
20230801 113534
20230802 113485
20230803 113528
20230804 113502
20230805 113533
20230806 113537
20230807 113454
20230808 113502
20230809 113535
20230810 113561
