20230922 8618
20230924 8601
20230925 8581
20230926 8568
20230927 8551
20230928 8518
20230929 8505
20230930 8492
20231001 8476
20231002 8440
20231003 8403
20231005 8378
20231007 8362
20231008 8329
20231009 8291
20231010 8282
20231011 8220
20231012 8208
20231013 8193
20231014 8179
20231015 8174
20231016 8184
20231017 8184
20231018 8142
20231019 8142
20231020 8096
20231021 8049
20231022 8033
20231023 8011
20231024 7995
20231025 7959
20231026 7930
20231027 7915
20231028 7911
20231029 7903
20231030 7891
20231031 7885
20231101 7877
20231102 7866
20231103 7864
20231104 7844
20231105 7837
20231106 7835
20231107 7841
20231108 7841
20231109 7843
20231110 7824
20231111 7826
20231112 7824
20231113 7818
20231114 7817
20231115 7806
20231116 7803
20231117 7803
20231118 7802
20231120 7782
