20180630 19203
20180731 19439
20180831 19436
20180930 19552
20181031 19661
20181130 19724
20181231 19703
20190131 19914
20190228 20015
20190331 20070
20190430 20105
20190531 20280
20190630 20281
20190731 20332
20190831 20341
20190930 20370
20191031 20454
20191130 20365
20191231 20309
20200131 20470
20200228 20611
20200331 20536
20200430 20615
20200531 20744
20200630 20972
20200731 21173
20200831 21239
20200930 21432
20201031 21622
20201130 21791
20201231 21892
20210131 22183
20210228 22302
20210331 22401
20210430 22477
20210531 22520
20210630 22692
20210731 22890
20210831 23074
20210930 23167
20211031 23225
20211130 23218
20211231 23209
20220131 23366
20220228 23355
20220331 23458
20220430 23503
20220531 23637
20220630 23522
20220731 23409
20220831 23379
20220930 23532
20221031 23638
20221130 23664
20221231 23625
20230131 23738
20230228 23805
20230331 23865
20230430 23887
20230531 23950
20230630 24015
20230707 24031
20230801 24031
20230802 24002
20230831 24002
20230901 24077
20231101 24077
20231102 24186
20231130 24186
20231201 24273
20231231 24273
20240101 24249
20240131 24249
20240201 24483
20240229 24483
20240301 24565
20240401 24565
20240402 24597
20240430 24597
20240501 24725
20240601 24725
20240602 24861
20240630 24861
20240701 24876
20240801 24876
20240802 24903
20240901 24903
20240902 24956
20240921 24956
20241003 25044
20241006 25044
20241111 25035
20241201 25035
20241202 25217
20241231 25217
20250101 25190
20250201 25190
20250202 25351
20250228 25351
20250301 25479
20250401 25479
20250402 25533
20250501 25533
20250502 25627
20250601 25627
20250602 25681
20250701 25681
20250702 25744
20250801 25744
20250802 25869
20250901 25869
20250902 25967
20251001 25967
20251002 26243
20251101 26243
20251102 26344
20251130 26344
20251202 26329
20251217 26329
20260103 26307
20260201 26307
20260202 26563
20260301 26563
20260303 26730
20260320 26730
