20230922 78
20231017 78
20231018 77
20231208 77
20231209 76
20240104 76
20240105 77
20240107 77
20240108 76
20240109 76
20240110 77
20240111 77
20240112 76
20240118 76
20240119 58
20240120 76
20240121 76
20240122 77
20240312 77
20240313 78
20240509 78
20240510 79
20240511 79
20240512 80
20240701 80
20240702 81
20240813 81
20240814 82
20240822 82
20240823 83
20240926 83
20240927 84
20240928 84
20240929 85
20241110 85
20241111 86
20241112 85
20250104 85
20250105 86
20250106 85
20250228 85
20250301 86
20250406 86
20250407 87
20250421 87
20250422 88
20250430 88
20250501 87
20250502 88
20250507 88
20250508 89
20250509 89
20250510 90
20250516 90
20250517 91
20250518 92
20250520 92
20250521 93
20250601 93
20250602 94
20250630 94
20250701 95
20250730 95
20250731 96
20251016 96
20251017 97
20251128 97
20251129 98
20260222 98
