20230707 18863
20230709 18861
20230710 18852
20230711 18861
20230712 18866
20230713 18856
20230714 18853
20230715 18862
20230716 18861
20230717 18866
20230718 18864
20230719 18867
20230720 18873
20230721 18876
20230722 18884
20230723 18892
20230724 18878
20230725 18871
20230726 18869
20230727 18869
20230728 18879
20230727 18869
20230729 18861
20230730 18869
20230727 18869
20230731 18874
20230727 18869
20230801 18901
20230727 18869
20230802 18911
20230727 18869
20230803 18913
20230727 18869
20230804 18908
20230727 18869
20230805 18911
20230727 18869
20230806 18914
20230727 18869
20230807 18910
20230727 18869
20230808 18916
20230727 18869
20230809 18911
20230727 18869
20230810 18917
20230727 18869
20230811 18906
20230727 18869
20230812 18904
20230727 18869
20230813 18902
20230727 18869
20230815 18898
20230727 18869
20230816 18900
20230727 18869
20230817 18904
20230727 18869
20230818 18908
20230727 18869
20230819 18917
20230727 18869
20230820 18915
20230727 18869
20230821 18909
20230727 18869
20230822 18908
20230727 18869
20230823 18917
20230824 18917
20230825 18918
20230824 18917
20230826 18913
20230824 18917
20230827 18912
20230824 18917
20230828 18913
20230824 18917
20230829 18912
20230824 18917
20230830 18921
20230901 18921
20230902 18924
20230901 18921
20230903 18918
20230901 18921
20230904 18904
20230901 18921
20230905 18907
20230901 18921
20230906 18906
20230901 18921
20230907 18892
20230909 18892
20230910 18888
20230911 18888
20230912 18893
20230913 18893
20230914 18890
20230913 18893
20230915 18885
20230916 18885
20230917 18871
20230916 18885
20230918 18845
20230916 18885
20230919 18834
20230916 18885
20230920 17289
20230916 18885
20230921 17307
20230916 18885
20230922 17312
20230916 18885
20230923 17309
20230924 17309
20230925 17315
20230924 17309
20230926 17317
20230924 17309
20230927 17299
20230924 17309
20230928 17291
20230924 17309
20230929 17289
20231001 17289
20231002 17283
20231001 17289
20231003 17276
20231001 17289
20231005 17259
20231001 17289
20231007 17268
20231001 17289
20231008 17269
20231001 17289
20231009 17271
20231001 17289
20231010 17258
20231001 17289
20231011 17245
20231001 17289
20231012 17235
20231001 17289
20231013 17234
20231001 17289
20231014 17238
20231001 17289
20231015 17247
20231001 17289
20231016 17243
20231001 17289
20231017 17251
20231001 17289
20231018 17245
20231001 17289
20231019 17240
20231001 17289
20231020 17251
20231001 17289
20231021 17255
20231001 17289
20231022 17253
20231001 17289
20231023 17260
20231001 17289
20231024 17259
20231001 17289
20231025 17270
20231001 17289
20231026 17288
20231001 17289
20231027 17297
20231001 17289
20231028 17288
20231001 17289
20231029 17271
20231001 17289
20231030 17287
20231001 17289
20231031 17279
20231001 17289
20231101 17282
20231001 17289
20231102 17293
20231001 17289
20231103 17301
20231001 17289
20231104 17306
20231105 17306
20231106 17302
20231105 17306
20231107 17310
20231105 17306
20231108 17319
20231105 17306
20231109 17329
20231105 17306
20231110 17342
20231105 17306
20231111 17341
20231105 17306
20231112 17342
20231105 17306
20231113 17350
20231105 17306
20231114 17358
20231105 17306
20231115 17362
20231105 17306
20231116 17370
20231105 17306
20231117 17424
20231105 17306
20231118 17423
20231105 17306
20231120 17421
20231105 17306
20231121 17427
20231105 17306
20231122 17438
20231105 17306
20231123 17437
20231105 17306
20231124 17441
20231105 17306
20231125 17444
20231105 17306
20231126 17443
20231105 17306
20231127 17448
20231105 17306
20231128 17461
20231105 17306
20231129 17589
20231105 17306
20231130 17596
20231105 17306
20231201 17597
20231105 17306
20231202 17609
20231105 17306
20231203 17620
20231105 17306
20231204 17617
20231105 17306
20231205 17619
20231105 17306
20231206 17600
20231105 17306
20231207 17601
20231105 17306
20231208 17612
20231105 17306
20231209 17615
20231105 17306
20231210 17613
20231105 17306
20231211 17619
20231105 17306
20231212 17622
20231105 17306
20231213 17623
20231105 17306
20231214 17624
20231105 17306
20231215 17621
20231105 17306
20231216 17637
20231105 17306
20231217 17638
20231105 17306
20231218 17646
20231105 17306
20231219 17645
20231105 17306
20231220 17644
20231105 17306
20231221 17657
20231105 17306
20231222 17676
20231105 17306
20231223 17684
20231105 17306
20231224 17695
20231105 17306
20231225 17671
20231105 17306
20231226 17654
20231105 17306
20231227 17660
20231105 17306
20231230 17706
20231105 17306
20231231 17712
20231105 17306
20240101 17707
20231105 17306
20240102 17718
20231105 17306
20240103 17724
20231105 17306
20240104 17732
20231105 17306
20240105 17731
20231105 17306
20240106 17741
20231105 17306
20240107 17739
20231105 17306
20240108 17733
20231105 17306
20240109 17739
20231105 17306
20240110 17757
20231105 17306
20240111 17810
20231105 17306
20240112 17805
20231105 17306
20240113 17828
20231105 17306
20240114 17833
20231105 17306
20240115 17857
20231105 17306
20240116 17862
20231105 17306
20240117 17871
20231105 17306
20240118 17866
20240119 17866
20240120 17861
20240119 17866
20240121 17856
20240119 17866
20240122 17847
20240119 17866
20240124 17849
20240119 17866
20240125 17845
20240119 17866
20240126 17843
20240119 17866
20240127 17848
20240119 17866
20240128 17852
20240119 17866
20240129 17848
20240119 17866
20240130 17851
20240131 17851
20240201 17855
20240202 17855
20240203 17841
20240202 17855
20240204 17853
20240202 17855
20240205 17859
20240202 17855
20240206 17862
20240202 17855
20240207 17864
20240208 17864
20240209 17862
20240208 17864
20240210 17855
20240208 17864
20240211 17860
20240208 17864
20240212 17862
20240208 17864
20240213 17860
20240214 17860
20240215 17852
20240214 17860
20240216 17851
20240214 17860
20240217 17846
20240214 17860
20240218 17848
20240214 17860
20240219 17837
20240214 17860
20240220 17830
20240214 17860
20240221 17831
20240214 17860
20240222 17826
20240223 17826
20240224 17833
20240223 17826
20240225 17844
20240223 17826
20240226 17848
20240223 17826
20240227 17851
20240223 17826
20240228 17846
20240223 17826
20240229 17842
20240223 17826
20240301 17843
20240223 17826
20240302 17841
20240223 17826
20240303 17833
20240223 17826
20240304 17839
20240223 17826
20240305 17832
20240223 17826
20240306 17834
20240223 17826
20240307 17835
20240223 17826
20240308 17833
20240223 17826
20240309 17843
20240223 17826
20240310 17841
20240223 17826
20240311 17831
20240223 17826
20240312 17874
20240223 17826
20240313 17869
20240223 17826
20240314 17859
20240223 17826
20240315 17860
20240223 17826
20240316 17855
20240223 17826
20240317 17856
20240223 17826
20240318 17884
20240223 17826
20240319 17880
20240223 17826
20240320 17882
20240223 17826
20240321 17889
20240322 17889
20240323 17874
20240322 17889
20240324 17881
20240322 17889
20240325 17869
20240322 17889
20240326 17870
20240322 17889
20240327 17869
20240322 17889
20240328 17868
20240322 17889
20240329 17861
20240322 17889
20240330 17857
20240322 17889
20240331 17850
20240322 17889
20240401 17847
20240322 17889
20240402 17850
20240322 17889
20240403 17851
20240322 17889
20240404 17858
20240322 17889
20240405 17843
20240322 17889
20240406 17839
20240322 17889
20240407 17845
20240322 17889
20240408 17837
20240322 17889
20240409 17839
20240322 17889
20240410 17847
20240322 17889
20240411 17842
20240322 17889
20240412 17833
20240322 17889
20240413 17861
20240322 17889
20240415 17864
20240322 17889
20240416 17872
20240322 17889
20240417 17877
20240322 17889
20240418 17871
20240322 17889
20240419 17864
20240322 17889
20240420 17863
20240322 17889
20240421 17857
20240322 17889
20240422 17859
20240322 17889
20240423 17846
20240322 17889
20240424 17917
20240322 17889
20240425 17920
20240322 17889
20240426 17921
20240322 17889
20240427 17912
20240322 17889
20240428 17908
20240322 17889
20240429 17920
20240322 17889
20240430 17924
20240322 17889
20240501 17935
20240322 17889
20240503 17955
20240322 17889
20240504 17950
20240322 17889
20240505 17947
20240322 17889
20240506 17937
20240322 17889
20240507 17933
20240322 17889
20240508 17939
20240322 17889
20240509 17936
20240322 17889
20240510 17944
20240322 17889
20240511 17943
20240322 17889
20240512 17935
20240322 17889
20240513 17942
20240322 17889
20240514 17979
20240322 17889
20240515 17978
20240322 17889
20240516 17974
20240322 17889
20240517 18004
20240518 18004
20240519 18003
20240520 18003
20240521 18005
20240520 18003
20240522 17999
20240520 18003
20240523 18013
20240520 18003
20240524 18020
20240520 18003
20240525 18027
20240520 18003
20240526 18035
20240520 18003
20240527 18032
20240528 18032
20240529 18037
20240528 18032
20240530 18062
20240528 18032
20240531 18077
20240528 18032
20240601 18088
20240528 18032
20240602 18082
20240528 18032
20240603 18083
20240528 18032
20240604 18073
20240528 18032
20240605 18071
20240528 18032
20240606 18068
20240528 18032
20240609 18085
20240528 18032
20240611 18104
20240528 18032
20240612 18119
20240613 18119
20240614 18121
20240613 18119
20240615 18118
20240616 18118
20240617 18115
20240616 18118
20240618 18114
20240620 18118
20240616 18118
20240621 18144
20240616 18118
20240622 18150
20240623 18150
20240624 18157
20240623 18150
20240626 18164
20240623 18150
20240627 18165
20240623 18150
20240628 18162
20240623 18150
20240629 18171
20240623 18150
20240630 18174
20240623 18150
20240701 18178
20240623 18150
20240702 18176
20240623 18150
20240703 18171
20240623 18150
20240704 18175
20240623 18150
20240705 18177
20240623 18150
20240706 18176
20240623 18150
20240707 18168
20240623 18150
20240708 18180
20240623 18150
20240709 18182
20240623 18150
20240710 18173
20240623 18150
20240711 18179
20240623 18150
20240712 18176
20240623 18150
20240713 18178
20240623 18150
20240714 18183
20240623 18150
20240715 18177
20240623 18150
20240716 18181
20240623 18150
20240717 18188
20240623 18150
20240718 18194
20240623 18150
20240719 18188
20240623 18150
20240720 18199
20240623 18150
20240721 18195
20240623 18150
20240722 18191
20240623 18150
20240723 18193
20240724 18193
20240725 18201
20240724 18193
20240726 18194
20240727 18194
20240728 18193
20240727 18194
20240729 18192
20240727 18194
20240730 18191
20240727 18194
20240731 18190
20240727 18194
20240801 18200
20240727 18194
20240802 18205
20240727 18194
20240803 18203
20240727 18194
20240804 18201
20240727 18194
20240805 18197
20240727 18194
20240806 18199
20240727 18194
20240807 18201
20240727 18194
20240808 18203
20240727 18194
20240809 18205
20240727 18194
20240810 18213
20240727 18194
20240811 18223
20240727 18194
20240812 18219
20240727 18194
20240813 18225
20240727 18194
20240814 18233
20240727 18194
20240815 18244
20240727 18194
20240816 18247
20240818 18247
20240819 18241
20240818 18247
20240820 18251
20240818 18247
20240821 18262
20240818 18247
20240822 18258
20240818 18247
20240823 18261
20240818 18247
20240824 18259
20240818 18247
20240825 18250
20240818 18247
20240826 18246
20240818 18247
20240827 18237
20240818 18247
20240828 18235
20240818 18247
20240829 18226
20240818 18247
20240830 18231
20240818 18247
20240831 18227
20240818 18247
20240901 18232
20240818 18247
20240902 18233
20240818 18247
20240903 18236
20240818 18247
20240904 18249
20240818 18247
20240905 18254
20240818 18247
20240906 18260
20240818 18247
20240907 18281
20240908 18281
20240909 18286
20240910 18281
20240908 18281
20240911 18278
20240908 18281
20240912 18286
20240913 18286
20240914 18290
20240913 18286
20240915 18295
20240913 18286
20240916 18296
20240913 18286
20240917 18285
20240913 18286
20240918 18273
20240913 18286
20240919 18279
20240913 18286
20240920 18283
20240913 18286
20240921 18284
20240913 18286
20240921 18285
20240913 18286
20240922 18284
20240922 18284
