20230707 707
20230709 707
20230710 706
20230711 705
20230712 705
20230714 705
20230715 705
20230716 705
20230717 706
20230718 706
20230719 705
20230720 705
20230721 705
20230722 705
20230723 704
20230724 704
20230725 704
20230726 705
20230727 705
20230728 701
20230729 701
20230730 701
20230731 701
20230801 701
20230802 701
20230803 701
20230804 701
20230805 701
20230806 700
20230807 700
20230808 700
20230809 701
20230810 701
20230811 697
20230812 697
20230813 697
20230815 697
20230816 696
20230817 696
20230818 697
20230819 697
20230820 697
20230821 697
20230822 698
20230823 698
20230824 697
20230825 697
20230826 697
20230827 697
20230828 697
20230829 697
20230830 697
20230831 696
20230901 695
20230902 695
20230903 695
20230904 695
20230905 695
20230906 695
20230907 695
20230908 695
20230909 695
20230910 695
20230911 695
20230912 695
20230913 695
20230914 695
20230915 695
20230916 694
20230917 694
20230918 693
20230919 694
20230920 694
20230921 694
20230922 694
20230923 694
20230924 694
20230925 694
20230926 694
20230927 694
20230928 694
20230929 694
20230930 694
20231001 694
20231002 694
20231003 694
20231005 691
20231007 693
20231008 692
20231009 691
20231010 691
20231011 690
20231012 689
20231013 690
20231014 689
20231015 689
20231016 688
20231017 688
20231018 688
20231019 688
20231020 688
20231021 687
20231022 687
20231023 687
20231024 687
20231025 687
20231026 687
20231027 687
20231028 687
20231029 687
20231030 687
20231031 686
20231101 686
20231102 686
20231103 687
20231104 687
20231105 685
20231106 685
20231107 684
20231108 685
20231109 685
20231110 685
20231111 685
20231112 685
20231113 683
20231114 681
20231115 680
20231116 683
20231117 684
20231118 685
20231120 685
20231121 685
20231122 683
20231123 683
20231124 683
20231125 682
20231126 682
20231127 681
20231128 681
20231129 680
20231130 680
20231201 680
20231202 680
20231203 679
20231204 679
20231205 679
20231206 680
20231207 680
20231208 680
20231209 681
20231210 685
20231211 686
20231212 686
20231213 686
20231214 686
20231215 688
20231216 690
20231217 690
20231218 690
20231219 690
20231220 690
20231221 690
20231222 692
20231223 690
20231224 687
20231225 687
20231226 687
20231227 685
20231230 685
20231231 684
20240101 684
20240102 684
20240103 685
20240104 685
20240105 685
20240106 685
20240107 685
20240108 685
20240109 685
20240110 685
20240111 685
20240112 685
20240113 686
20240114 686
20240115 687
20240116 687
20240117 687
20240118 686
20240119 685
20240120 684
20240121 684
20240122 684
20240124 684
20240125 684
20240126 685
20240127 685
20240128 684
20240129 684
20240130 684
20240131 684
20240201 684
20240202 684
20240203 684
20240204 684
20240205 684
20240206 684
20240207 684
20240208 684
20240209 684
20240210 684
20240211 684
20240212 684
20240213 685
20240214 685
20240215 685
20240216 681
20240217 681
20240218 681
20240219 681
20240220 681
20240221 681
20240222 681
20240223 681
20240224 681
20240225 681
20240226 683
20240227 683
20240228 683
20240229 683
20240301 683
20240302 685
20240303 685
20240304 685
20240305 684
20240306 684
20240307 684
20240308 684
20240309 684
20240310 684
20240311 684
20240312 684
20240313 684
20240314 683
20240315 683
20240316 683
20240317 683
20240318 682
20240319 683
20240320 683
20240321 683
20240322 684
20240323 684
20240324 684
20240325 684
20240326 685
20240327 685
20240328 684
20240329 684
20240330 684
20240331 683
20240401 681
20240402 680
20240403 680
20240404 679
20240405 678
20240406 678
20240407 679
20240408 679
20240409 678
20240410 678
20240411 678
20240412 678
20240413 678
20240415 678
20240416 678
20240417 677
20240418 676
20240419 675
20240420 675
20240421 675
20240422 674
20240423 675
20240424 675
20240425 675
20240426 676
20240427 676
20240428 676
20240429 676
20240430 676
20240501 676
20240503 676
20240504 676
20240505 676
20240506 676
20240507 677
20240508 677
20240509 677
20240510 676
20240511 675
20240512 675
20240513 675
20240514 674
20240515 673
20240516 673
20240517 673
20240518 672
20240519 672
20240520 670
20240521 670
20240522 671
20240523 671
20240524 671
20240525 671
20240526 671
20240527 670
20240528 671
20240529 670
20240530 671
20240531 671
20240601 671
20240602 670
20240603 670
20240604 670
20240605 670
20240606 671
20240609 671
20240611 671
20240612 669
20240613 669
20240614 666
20240615 667
20240616 667
