20230707 55579
20230709 55566
20230710 55540
20230711 55552
20230712 55562
20230713 55579
20230714 55588
20230715 55587
20230716 55551
20230717 55559
20230718 55563
20230719 55566
20230720 55577
20230721 55599
20230722 55607
20230723 55587
20230724 55585
20230725 55573
20230726 55561
20230727 55569
20230728 55572
20230729 55564
20230730 55570
20230731 55573
20230801 55678
20230802 55804
20230803 55795
20230804 55797
20230805 55814
20230806 55823
20230807 55788
20230808 55794
20230809 55790
20230810 55800
20230811 55798
20230812 55808
20230813 55815
20230815 55775
20230816 55776
20230817 55770
20230818 55782
20230819 55766
20230820 55752
20230821 55776
20230822 55755
20230823 55765
20230824 55768
20230825 55767
20230826 55800
20230827 55811
20230828 55788
20230829 55795
20230830 55815
20230831 55793
20230902 55791
20230903 55799
20230904 55789
20230905 55803
20230906 55818
20230907 55808
20230908 55771
20230909 55759
20230910 55739
20230911 55746
20230912 55752
20230913 55772
20230914 55778
20230915 55776
20230916 55772
20230917 55773
20230918 55773
20230919 55797
20230920 54263
20230921 54322
