20230922 398
20230924 399
20231020 399
20231021 400
20231022 400
20231023 401
20231026 401
20231027 402
20231108 402
20231109 403
20231111 403
20231112 404
20231125 404
20231126 405
20231206 405
20231207 407
20231221 407
20231222 408
20240108 408
20240109 409
20240121 409
20240122 411
20240129 411
20240130 412
20240131 413
20240202 413
20240203 376
20240204 376
20240205 377
20240206 378
20240222 378
20240223 379
20240225 379
20240226 381
20240229 381
20240301 382
20240302 383
20240303 384
20240307 384
20240308 382
20240309 382
20240310 383
20240315 383
20240316 384
20240317 385
20240320 385
20240321 386
20240322 390
20240409 390
20240410 391
20240511 391
20240512 392
20240513 392
20240514 393
20240515 394
20240527 394
20240528 395
20240601 395
20240602 396
20240609 396
20240611 398
20240612 398
20240613 399
20240615 399
20240616 400
20240617 401
20240630 401
20240701 402
20240804 402
20240805 403
20240809 403
20240810 404
20240813 404
20240814 405
20240816 405
20240817 406
20240824 406
20240825 407
20240829 407
20240830 408
20240901 408
20240902 405
20240908 405
20240909 406
20240916 406
20240917 407
20240921 407
20240922 406
20240925 408
20240927 408
20240928 409
20240929 409
20240930 410
20241004 410
20241005 411
20241006 411
20241007 412
20241009 412
20241010 409
20241011 411
20241014 411
20241015 425
20241027 425
20241028 426
20241105 426
20241106 427
20241114 427
20241115 428
20241124 428
20241125 423
20241126 426
20241127 427
20241206 427
20241207 428
20241215 428
20241216 429
20241221 429
20241222 435
20241223 435
20241224 436
20241230 436
20241231 437
20250110 437
20250111 438
20250115 438
20250116 439
20250117 454
20250118 454
20250119 455
20250120 456
20250121 457
20250125 457
20250126 459
20250127 460
20250208 460
20250210 462
20250301 462
20250302 461
20250303 462
20250309 462
20250310 464
20250314 464
20250315 465
20250322 465
20250323 466
20250324 466
20250326 467
20250411 467
20250412 468
20250425 468
20250426 469
20250427 469
20250428 470
20250502 470
20250503 471
20250505 471
20250506 472
20250507 472
20250508 474
20250509 474
20250510 475
20250511 476
20250516 476
20250517 479
20250518 479
20250519 480
20250524 480
20250525 481
20250529 481
20250530 482
20250531 484
20250601 484
20250602 485
20250603 486
20250604 486
20250605 487
20250612 487
20250613 488
20250614 489
20250615 490
20250619 490
20250620 491
20250627 491
20250628 492
20250629 492
20250630 493
20250704 493
20250705 494
20250709 494
20250710 495
20250711 495
20250712 493
20250717 493
20250718 494
20250719 494
20250720 495
20250823 495
20250824 494
20250825 495
20250831 495
20250901 497
20250908 497
20250909 498
20250912 498
20250913 499
20250914 499
20250915 500
20250917 500
20250918 499
20250919 500
20250921 500
20250922 501
20250923 502
20251005 502
20251006 503
20251011 503
20251012 502
20251015 502
20251016 503
20251020 503
20251021 504
20251025 504
20251026 505
20251101 505
20251102 506
20251110 506
20251111 511
20251114 511
20251115 512
20251122 512
20251123 513
20251124 514
20251217 514
20260103 515
20260114 515
20260115 516
20260116 516
20260117 517
20260205 517
20260206 516
20260208 517
20260211 517
20260212 518
20260213 518
20260214 519
20260223 519
20260224 520
20260226 520
20260227 519
20260316 519
20260317 520
20260318 519
20260321 519
