20230922 3978
20230924 3977
20230925 3975
20230926 3975
20230927 3975
20230928 3981
20230929 3982
20230930 3983
20231001 3982
20231002 3980
20231003 3981
20231005 3972
20231007 3979
20231008 3978
20231009 3979
20231010 3975
20231011 3973
20231012 3976
20231013 3978
20231014 3978
20231015 3984
20231016 3983
20231017 3983
20231018 3980
20231019 3980
20231020 3983
20231021 3985
20231022 3983
20231023 3978
20231024 3979
20231025 3972
20231026 3973
20231027 3976
20231028 3975
20231029 3977
20231030 3977
20231031 3978
20231101 3979
20231102 3982
20231103 3984
20231104 3984
20231105 3985
20231106 3985
20231107 3983
20231108 3983
20231109 3987
20231110 3985
20231111 3985
20231112 3987
20231113 3986
20231114 3988
20231115 3988
20231116 3985
20231117 3984
20231118 3983
20231120 3986
20231121 3986
20231122 3986
20231123 3989
20231124 3988
20231125 3986
20231126 3979
20231127 3981
20231128 3977
20231129 3973
20231130 3972
20231201 3973
20231202 3972
20231203 3979
20231204 3980
20231205 3977
20231206 3976
20231207 3973
20231208 3974
20231209 3974
20231210 3975
20231211 3975
20231212 3974
20231213 3975
20231214 3974
