20230707 18954
20230709 18951
20230710 18851
20230711 18900
20230712 18846
20230713 18859
20230714 18831
20230715 18689
20230716 18654
20230717 18647
20230718 18644
20230719 18625
20230720 18601
20230721 18564
20230722 18539
20230723 18513
20230724 18536
20230725 18505
20230726 18514
20230727 18531
20230728 18541
20230729 18500
20230730 18515
20230731 18536
20230801 18546
20230802 18551
20230803 18552
20230804 18006
20230805 17998
20230806 17985
20230807 18007
20230808 18025
20230809 18024
20230810 18011
20230811 18006
20230812 18012
20230813 18003
20230815 17964
20230816 17966
20230817 17974
20230818 17948
20230819 17941
20230820 17961
20230821 17951
20230822 17957
20230823 17949
20230824 17940
20230825 17895
20230826 17916
20230827 17922
20230828 17926
20230829 17915
20230830 17920
20230831 17899
20230902 17881
20230903 17880
20230904 17974
20230905 18020
20230906 18073
20230907 18166
20230908 18176
20230909 18171
20230910 18181
20230911 18196
20230912 18147
20230913 18155
20230914 18153
20230915 18167
20230916 18145
20230917 18138
20230918 18134
20230919 18139
20230920 17704
20230921 17728
20230922 17748
20230923 17770
20230924 17771
20230925 17761
20230926 17808
20230927 17839
20230928 17859
20230929 17859
20230930 17861
20231001 17874
20231002 17868
20231003 17577
20231005 17391
20231007 17394
20231008 17400
20231009 17416
20231010 17417
20231011 17470
20231012 17473
20231013 17502
20231014 17528
20231015 17544
20231016 17547
20231017 17538
20231018 17538
20231019 17548
20231020 17573
20231021 17590
20231022 17619
20231023 17690
20231024 17747
20231025 17754
20231026 17776
20231027 17794
20231028 17777
20231029 17811
20231030 17815
20231031 17832
20231101 17817
20231102 17661
20231103 17686
20231104 17707
20231105 17717
20231106 17716
20231107 17740
20231108 17709
20231109 17536
20231110 17549
20231111 17563
20231112 17632
20231113 17618
20231114 17614
20231115 17507
20231116 17509
20231117 17513
20231118 17500
20231120 17500
20231121 17449
20231122 17454
20231123 17478
20231124 17502
20231125 17402
20231126 17415
20231127 17419
20231128 17437
20231129 17433
20231130 17458
20231201 17505
20231202 17537
20231203 17552
20231204 17591
20231205 17611
20231206 17597
20231207 17572
20231208 17573
20231209 17535
20231210 17595
20231211 17607
20231212 17635
20231213 17685
20231214 17711
20231215 17632
20231216 17618
20231217 17753
20231218 17807
20231219 17822
20231220 17845
20231221 17837
20231222 17853
20231223 17861
20231224 17926
20231225 17902
20231226 17868
20231227 17813
20231230 17899
20231231 17933
20240101 17945
20240102 17974
20240103 17994
20240104 18085
20240105 18145
20240106 18144
20240107 18147
20240108 18160
20240109 18104
20240110 18129
20240111 18115
20240112 18130
20240113 18126
20240114 18142
20240115 18159
20240116 18104
20240117 18112
20240118 18123
20240119 18136
20240120 18166
20240121 18168
20240122 18182
20240124 18291
20240125 18313
20240126 18319
20240127 18225
20240128 18106
20240129 18025
20240130 18022
20240131 18033
20240201 18050
20240202 18105
20240203 18142
20240204 18146
20240205 18139
20240206 18056
20240207 18186
20240208 18189
20240209 18204
20240210 18213
20240211 18233
20240212 18261
20240213 18276
20240214 18286
20240215 18303
20240216 17972
20240217 17975
20240218 17994
20240219 18073
20240220 18012
20240221 18021
20240222 18033
20240223 18026
20240224 18015
20240225 18028
20240226 18013
20240227 18059
20240228 18039
20240229 18012
20240301 18052
20240302 18055
20240303 18070
20240304 18064
20240305 18084
20240306 18069
20240307 18085
20240308 18071
20240309 18079
20240310 17962
20240311 17973
20240312 18001
20240313 18008
20240314 18073
20240315 18091
20240316 18147
20240317 18162
20240318 18138
20240319 18178
20240320 18186
20240321 18301
20240322 18134
20240323 18141
20240324 18150
20240325 18036
20240326 18068
20240327 18228
20240328 18249
20240329 18357
20240330 18481
20240331 18442
20240401 18393
20240402 18478
20240403 18460
20240404 18389
20240405 18414
20240406 18723
20240407 18808
20240408 18690
20240409 18866
20240410 19007
20240411 19153
20240412 19273
20240413 19293
20240415 18969
20240416 19172
20240417 19173
20240418 19063
20240419 19134
20240420 19063
20240421 19099
20240422 19088
20240423 19113
20240424 19170
20240425 19162
20240426 19173
20240427 19171
20240428 19215
20240429 19207
20240430 19227
20240501 19300
20240503 19258
20240504 19221
20240505 19188
20240506 19173
20240507 19214
20240508 19236
20240509 19242
20240510 19260
20240511 19275
20240512 19275
20240513 19279
20240514 19312
20240515 19345
20240516 19381
20240517 19383
20240518 19442
20240519 19447
20240520 19415
20240521 19353
20240522 19390
20240523 19399
20240524 19275
20240525 19284
20240526 19153
20240527 19021
20240528 18930
20240529 18918
20240530 18795
20240531 18812
20240601 18740
20240602 18762
20240603 18779
20240604 18771
20240605 18753
20240606 18736
20240609 18744
20240611 18565
20240612 18605
20240613 18607
20240614 18620
20240615 18597
20240616 18609
20240617 18595
20240618 18576
20240620 18568
20240621 18581
20240622 18599
20240623 18615
20240624 18566
20240626 18599
20240627 18600
20240628 18334
20240629 18319
20240630 18303
20240701 18318
20240702 18331
20240703 18297
20240704 18332
20240705 18377
20240706 18401
20240707 18383
20240708 18414
20240709 18462
20240710 18503
20240711 18536
20240712 18556
20240713 18553
20240714 18474
20240715 18486
20240716 18509
20240717 18509
20240718 18492
20240719 18464
20240720 18457
20240721 18486
20240722 18487
20240723 18508
20240724 18508
20240725 18514
20240726 18533
20240727 18583
20240728 18630
20240729 18646
20240730 18666
20240731 18685
20240801 18688
20240802 18696
20240803 18734
20240804 18722
20240805 18681
20240806 18712
20240807 18739
20240808 18748
20240809 18736
20240810 18733
20240811 18747
20240812 18773
20240813 18796
20240814 18815
20240815 18790
20240816 18810
20240817 18824
20240818 18827
20240819 18839
20240820 18854
20240821 18862
20240822 18913
20240823 18943
20240824 18989
20240825 19038
20240826 19061
20240827 19059
20240828 19056
20240829 19077
20240830 19033
20240831 19043
20240901 19062
20240902 19119
20240903 19157
20240904 19206
20240905 19237
20240906 19302
20240907 19304
20240908 19338
20240909 19339
20240910 19357
20240911 19357
20240912 19374
20240913 19405
20240914 19406
20240915 19449
20240916 19504
20240917 19511
20240918 19533
20240919 19612
20240920 19703
20240921 19689
20240922 19716
20240925 19889
20240926 19907
20240927 19999
20240928 20030
20240929 20051
20240930 20063
20241001 20134
20241002 20201
20241003 20245
20241004 20305
20241005 20317
20241006 20384
20241007 20389
20241008 20373
20241009 20437
20241010 20418
20241011 20448
20241012 20431
20241013 20437
20241014 20438
20241015 20444
20241016 20491
20241017 20505
20241018 20528
20241019 20567
20241020 20618
20241021 20589
20241022 20614
20241023 20645
20241024 20704
20241025 20739
20241026 20760
20241027 20767
20241028 20835
20241029 20864
20241030 20888
20241031 20856
20241101 20987
20241102 20956
20241103 20955
20241104 21039
20241105 21051
20241106 21285
20241107 21294
20241108 21272
20241109 21600
20241110 21889
20241111 21930
20241112 22089
20241113 21774
20241114 21855
20241115 21900
20241116 21878
20241117 21870
20241118 21875
20241119 21885
20241120 21898
20241121 21936
20241122 21930
20241123 21939
20241124 21959
20241125 21959
20241126 21971
20241127 21987
20241128 22028
20241129 22120
20241130 22133
20241201 22154
20241202 22145
20241203 22172
20241204 22174
20241205 22169
20241206 22102
20241207 22110
20241208 22123
20241209 22112
20241210 22127
20241211 22128
20241212 22120
20241213 22120
20241214 22121
20241215 22142
20241216 22088
20241217 22080
20241218 22123
20241219 22127
20241220 22144
20241221 22171
20241222 22164
20241223 22172
20241224 22240
20241225 22257
20241226 22290
20241227 22344
20241228 22388
20241229 22409
20241230 22418
20241231 22478
20250101 22493
20250102 22504
20250103 22558
20250104 22540
20250105 22507
20250106 22512
20250107 22512
20250108 22480
20250109 22483
20250110 22475
20250111 22466
20250112 22547
20250113 22550
20250114 22562
20250115 22558
20250116 22600
20250117 22600
20250118 22511
20250119 22539
20250120 22515
20250121 22535
20250122 22530
20250123 22538
20250124 22562
20250125 22582
20250126 22617
20250127 22574
20250128 22540
20250129 22507
20250130 22504
20250131 22499
20250201 22485
20250202 22484
20250203 22475
20250204 22478
20250205 22498
20250206 22508
20250207 22532
20250208 22520
20250210 22552
20250211 22584
20250212 22626
20250213 22667
20250214 22678
20250215 22511
20250216 22490
20250217 22490
20250218 22499
20250219 22611
20250220 22685
20250221 22705
20250222 22765
20250223 22781
20250224 22812
20250225 22868
20250226 22853
20250227 22876
20250228 22913
20250301 22690
20250302 22786
20250303 22818
20250304 22861
20250305 22433
20250306 22429
20250307 22467
20250308 22478
20250309 22479
20250310 22474
20250311 22482
20250312 22509
20250313 22522
20250314 22496
20250315 22507
20250316 22507
20250317 22511
20250318 22514
20250319 22626
20250320 22630
20250321 22647
20250322 22680
20250323 22693
20250324 22677
20250326 22693
20250327 22640
20250328 22617
20250329 22643
20250330 22708
20250331 22715
20250401 22713
20250402 22677
20250403 22659
20250404 22672
20250405 22654
20250406 22659
20250407 22765
20250408 22774
20250409 22774
20250410 22762
20250411 22757
20250412 22646
20250413 22653
20250414 22638
20250415 22626
20250416 22586
20250417 22559
20250418 22557
20250419 22503
20250420 22511
20250421 22474
20250422 22459
20250423 22492
20250424 22478
20250425 22480
20250426 22361
20250427 22371
20250428 22401
20250429 22391
20250430 22376
20250501 22343
20250502 22171
20250503 22141
20250504 22080
20250505 21989
20250506 21992
20250507 21999
20250508 21947
20250509 21851
20250510 21810
20250511 21677
20250512 21544
20250513 21506
20250514 21447
20250515 21325
20250516 21290
20250517 21084
20250518 20830
20250519 20734
20250520 20739
20250521 20646
20250522 20406
20250523 20427
20250524 20544
20250525 20685
20250526 21382
20250527 21413
20250528 21441
20250529 21563
20250530 21951
20250531 21984
20250601 21972
20250602 22015
20250603 22084
20250604 22116
20250605 22167
20250606 22114
20250607 22085
20250608 22071
20250609 22077
20250610 22104
20250611 22182
20250612 22167
20250613 22146
20250614 22139
20250615 22113
20250616 22092
20250617 22591
20250618 22574
20250619 22544
20250620 22514
20250621 22500
20250622 22991
20250623 22662
20250624 22364
20250625 22350
20250626 22349
20250627 22378
20250628 22386
20250629 22386
20250630 22381
20250701 22338
20250702 22317
20250703 22320
20250704 22324
20250705 22337
20250706 22327
20250707 22298
20250708 22310
20250709 22275
20250710 22265
20250711 22239
20250712 22236
20250713 22235
20250714 22225
20250715 22199
20250716 22203
20250717 22171
20250718 22141
20250719 22126
20250720 22112
20250722 22128
20250723 22185
20250724 22168
20250725 22149
20250726 22101
20250727 22127
20250728 22133
20250729 22156
20250730 22161
20250731 22177
20250801 22185
20250802 22205
20250803 22207
20250804 22212
20250805 22193
20250806 22519
20250807 22494
20250808 22549
20250810 22543
20250811 22536
20250812 22547
20250813 22499
20250814 22534
20250815 22596
20250816 22604
20250817 22583
20250818 22599
20250819 22597
20250820 22703
20250821 22727
20250822 22719
20250823 22832
20250824 22865
20250825 22869
20250826 23077
20250827 23111
20250828 23130
20250829 23130
20250830 23179
20250831 23177
20250901 23090
20250902 23089
20250903 23058
20250904 23036
20250905 22998
20250906 22920
20250907 22895
20250908 22881
20250909 22873
20250910 22860
20250911 23365
20250912 24859
20250913 27873
20250914 28394
20250915 29379
20250916 30520
20250917 31272
20250918 32293
20250919 33292
20250920 33817
20250921 33839
20250922 34876
20250923 35398
20250924 35918
20250925 36417
20250926 38424
20250927 41925
20250928 44921
20250929 45678
20250930 45702
20251001 45750
20251002 46267
20251003 46325
20251004 46364
20251005 46470
20251006 46463
20251007 46942
20251008 46922
20251009 46937
20251010 46843
20251011 47311
20251012 47353
20251013 47382
20251014 47483
20251015 47518
20251016 47503
20251017 47495
