20230707 19392
20230709 19389
20230710 19386
20230711 19385
20230712 19382
20230713 19389
20230714 19391
20230715 19393
20230716 19390
20230717 19391
20230718 19384
20230719 19381
20230720 19380
20230721 19382
20230722 19381
20230919 19381
20230920 19123
20231207 19123
20231208 18633
20231209 18634
20231210 18629
20231211 18628
20231212 18629
20231213 18628
20231214 18629
20231215 18631
20231216 18632
20231217 18628
20231218 18628
20231219 18627
20231220 18630
20231221 18627
20231222 18623
20231223 18622
20231224 18618
20231225 18615
20231226 18611
20231227 18613
20231230 18263
20231231 18263
20240101 18261
20240102 18261
20240103 18262
20240104 18260
20240105 18260
20240106 18259
20240107 18261
20240108 18261
20240109 18264
20240110 18262
20240111 18265
20240112 18267
20240113 18265
20240114 18265
20240115 18262
20240116 18267
20240117 18272
20240118 18270
20240121 18270
20240122 18268
20240124 18264
20240125 18264
20240126 18266
20240127 18269
20240128 18261
20240129 18253
20240130 18251
20240131 18256
20240201 18253
20240202 18250
20240203 18250
20240204 18248
20240205 18243
20240206 18243
20240207 18241
20240208 18240
20240209 18240
20240210 18238
20240211 18234
20240212 18235
20240213 18234
20240214 18236
20240215 18236
20240216 18229
20240217 18228
20240218 18229
20240219 18222
20240220 18222
20240221 18215
20240222 18213
20240223 18213
20240224 18223
20240225 18222
20240226 18218
20240227 18215
20240228 18219
20240229 18225
20240301 18222
20240302 18221
20240303 18217
20240304 18211
20240305 18208
20240624 18208
20240626 18208
20240627 18208
20240628 18208
20240629 18208
20240630 18208
20240701 18208
20240702 18208
20240703 18208
20240704 18208
20240705 18208
20240706 18208
20240707 18208
20240708 18208
20240709 18208
20240710 18208
20240711 18208
20240712 18208
20240713 18208
20240714 18208
20240715 18208
20240716 18208
20240717 18208
20240718 18208
20240719 18208
20240720 18208
20240721 18208
20240722 18208
20240723 18208
20240724 18208
20240725 18208
