20230707 9995
20230709 9991
20230710 9992
20230711 9980
20230712 9979
20230713 9987
20230714 9983
20230715 9971
20230716 9966
20230717 9964
20230718 9973
20230719 9973
20230720 9972
20230721 9964
20230722 9915
20230723 9915
20230724 9906
20230725 9902
20230726 9907
20230727 9906
20230728 9901
20230729 9910
20230730 9912
20230731 9910
20230801 9912
20230802 9913
20230803 9919
20230804 9912
20230805 9911
20230806 9912
20230807 9902
20230808 9898
20230809 9898
20230810 9899
20230811 9899
20230812 9905
20230813 9910
20230815 9914
20230816 9915
20230817 9916
20230818 9916
20230819 9910
20230820 9902
20230821 9878
20230822 9873
20230823 9877
20230824 9885
20230825 9886
20230826 9886
20230827 9885
20230828 9885
20230829 9882
20230830 9885
20230831 9884
20230901 9884
20230902 9893
20230903 9894
20230904 9886
20230905 9879
20230906 9880
20230907 9879
20230908 9871
20230909 9876
20230910 9878
20230911 9877
20230912 9876
20230913 9874
20230914 9873
20230915 9870
20230916 9864
20230917 9861
20230918 9854
20230919 9859
20230920 8915
20230921 8920
20230922 8925
20230923 8925
20230924 8922
20230925 8915
20230926 8914
20230927 8915
20230928 8916
20230929 8915
20230930 8919
20231001 8916
20231002 8917
20231003 8917
20231005 8896
20231007 8893
20231008 8888
20231009 8884
20231010 8871
20231011 8863
20231012 8861
20231013 8858
20231014 8852
20231015 8852
20231016 8847
20231017 8837
20231018 8833
20231019 8834
20231020 8840
20231021 8838
20231022 8831
20231023 8817
20231024 8817
20231025 8819
20231026 8817
20231027 8819
20231028 8816
20231029 8819
20231030 8818
20231031 8811
20231101 8809
20231102 8807
20231103 8806
20231104 8809
20231105 8809
20231106 8814
20231107 8808
20231108 8808
20231109 8808
20231110 8812
20231111 8807
20231112 8777
20231113 8777
20231114 8776
20231115 8778
20231116 8770
20231117 8774
20231118 8776
20231120 8770
20231121 8769
20231122 8767
20231123 8763
20231124 8764
20231125 8767
20231126 8766
20231127 8766
20231128 8758
20231129 8759
20231130 8758
20231201 8758
20231202 8752
20231203 8751
20231204 8748
20231205 8745
20231206 8748
20231207 8745
20231208 8747
20231209 8746
20231210 8765
20231211 8752
20231212 8754
20231213 8775
20231214 8775
20231215 8777
20231216 8776
20231217 8781
20231218 8783
20231219 8775
20231220 8778
20231221 8781
20231222 8785
20231223 8785
20231224 8784
20231225 8787
20231226 8785
20231227 8767
20231230 8788
20231231 8782
20240101 8753
20240102 8752
20240103 8750
20240104 8746
20240105 8739
20240106 8741
20240107 8736
20240108 8733
20240109 8735
20240110 8729
20240111 8735
20240112 8724
20240113 8715
20240114 8702
20240115 8691
20240116 8682
20240117 8681
20240118 8678
20240119 8681
20240120 8684
20240121 8676
20240122 8667
20240124 8657
20240125 8657
20240126 8658
20240127 8640
20240128 8644
20240129 8643
20240130 8652
20240131 8643
20240201 8644
20240202 8645
20240203 8637
20240204 8639
20240205 8634
20240206 8644
20240207 8650
20240208 8651
20240209 8652
20240210 8649
20240211 8651
20240212 8643
20240213 8631
20240214 8624
20240215 8626
20240216 8632
20240217 8630
20240218 8628
20240219 8624
20240220 8619
20240221 8610
20240222 8611
20240223 8611
20240224 8611
20240225 8604
20240226 8593
20240227 8597
20240228 8598
20240229 8599
20240301 8601
20240302 8604
20240303 8603
20240304 8603
20240305 8601
20240306 8602
20240307 8603
20240308 8600
20240309 8599
20240310 8600
20240311 8606
20240312 8602
20240313 8602
20240314 8602
