20230707 38230
20230709 38216
20230710 38226
20230711 38242
20230712 38276
20230713 38298
20230714 38321
20230715 38318
20230716 38333
20230717 38329
20230718 38344
20230719 38361
20230720 38370
20230721 38359
20230722 38340
20230723 38311
20230724 38301
20230725 38302
20230726 38303
20230727 38305
20230728 38320
20230729 38227
20230730 38225
20230731 38235
20230801 38239
20230802 38197
20230803 38210
20230804 38229
20230805 38248
20230806 38231
20230807 38221
20230808 38222
20230809 38242
20230810 38263
20230811 38293
20230812 38292
20230813 38313
20230815 38337
20230816 38331
20230817 38340
20230818 38356
20230819 38354
20230820 38328
20230821 38329
20230822 38335
20230823 38342
20230824 38363
20230825 38365
20230826 38351
20230827 38351
20230828 38347
20230827 38351
20230829 38350
20230827 38351
20230830 38357
20230831 38357
20230902 38271
20230831 38357
20230903 38279
20230831 38357
20230904 38281
20230831 38357
20230905 38255
20230831 38357
20230906 38259
20230831 38357
20230907 38267
20230831 38357
20230908 38263
20230831 38357
20230909 38273
20230831 38357
20230910 38276
20230831 38357
20230911 38262
20230831 38357
20230912 38269
20230831 38357
20230913 38282
20230831 38357
20230914 38291
20230831 38357
20230915 38289
20230831 38357
20230916 38299
20230831 38357
20230917 38298
20230831 38357
20230918 38287
20230831 38357
20230919 38293
20230831 38357
20230920 35345
20230831 38357
20230921 35366
20230831 38357
20230922 35359
20230831 38357
20230923 35357
20230831 38357
20230924 35352
20230831 38357
20230925 35305
20230831 38357
20230926 35320
20230927 35320
20230928 35319
20230927 35320
20230929 35305
20230927 35320
20230930 35307
20231001 35307
20231002 35297
20231001 35307
20231003 35300
20231001 35307
20231005 35290
20231001 35307
20231007 35320
20231001 35307
20231008 35310
20231001 35307
20231009 35313
20231001 35307
20231010 35316
20231001 35307
20231011 35322
20231001 35307
20231012 35320
20231001 35307
20231013 35321
20231001 35307
20231014 35334
20231001 35307
20231015 35341
20231001 35307
20231016 35334
20231001 35307
20231017 35346
20231001 35307
20231018 35355
20231001 35307
20231019 35363
20231001 35307
20231020 35370
20231001 35307
20231021 35390
20231001 35307
20231022 35387
20231001 35307
20231023 35389
20231001 35307
20231024 35404
20231001 35307
20231025 35422
20231001 35307
20231026 35420
20231001 35307
20231027 35418
20231001 35307
20231028 35441
20231001 35307
20231029 35436
20231001 35307
20231030 35431
20231001 35307
20231031 35430
20231001 35307
20231101 35442
20231001 35307
20231102 35463
20231001 35307
20231103 35457
20231001 35307
20231104 35458
20231001 35307
20231105 35453
20231001 35307
20231106 35442
20231001 35307
20231107 35446
20231001 35307
20231108 35835
20231001 35307
20231109 35913
20231001 35307
20231110 35923
20231001 35307
20231111 35925
20231001 35307
20231112 35911
20231001 35307
20231113 35903
20231001 35307
20231114 35907
20231001 35307
20231115 35919
20231001 35307
20231116 35926
20231001 35307
20231117 35916
20231001 35307
20231118 35937
20231001 35307
20231120 35944
20231001 35307
20231121 35942
20231001 35307
20231122 35957
20231001 35307
20231123 35961
20231001 35307
20231124 35957
20231001 35307
20231125 35967
20231001 35307
20231126 35963
20231001 35307
20231127 35961
20231001 35307
20231128 35962
20231001 35307
20231129 35973
20231001 35307
20231130 35957
20231001 35307
20231201 35966
20231001 35307
20231202 35976
20231001 35307
20231203 35963
20231001 35307
20231204 35952
20231001 35307
20231205 35962
20231001 35307
20231206 35984
20231001 35307
20231207 35997
20231001 35307
20231208 36000
20231001 35307
20231209 36007
20231001 35307
20231210 36002
20231001 35307
20231211 35992
20231001 35307
20231212 36002
20231213 36002
20231214 35994
20231213 36002
20231215 35990
20231216 35990
20231217 35975
20231216 35990
20231218 35976
20231216 35990
20231219 35977
20231216 35990
20231220 35978
20231216 35990
20231221 36030
20231222 36030
20231223 36024
20231222 36030
20231224 36021
20231222 36030
20231225 36011
20231222 36030
20231226 35941
20231222 36030
20231227 35896
20231222 36030
20231230 35984
20231222 36030
20231231 35978
20231222 36030
20240101 35977
20231222 36030
20240102 35968
20231222 36030
20240103 35965
20231222 36030
20240104 35975
20231222 36030
20240105 35977
20231222 36030
20240106 35972
20231222 36030
20240107 35965
20231222 36030
20240108 35942
20231222 36030
20240109 35936
20231222 36030
20240110 35942
20231222 36030
20240111 35943
20231222 36030
20240112 35982
20231222 36030
20240113 35984
20231222 36030
20240114 35980
20231222 36030
20240115 35965
20231222 36030
20240116 35968
20231222 36030
20240117 35956
20231222 36030
20240118 35953
20231222 36030
20240119 35973
20231222 36030
20240120 35987
20231222 36030
20240121 35989
20231222 36030
20240122 35988
20231222 36030
20240124 36012
20231222 36030
20240125 36024
20231222 36030
20240126 36026
20231222 36030
20240127 36048
20231222 36030
20240128 36047
20231222 36030
20240129 36037
20231222 36030
20240130 36058
20231222 36030
20240131 36075
20231222 36030
20240201 36088
20231222 36030
20240202 36100
20231222 36030
20240203 36106
20231222 36030
20240204 36109
20231222 36030
20240205 36020
20231222 36030
20240206 36033
20231222 36030
20240207 36046
20231222 36030
20240208 36060
20231222 36030
20240209 36077
20231222 36030
20240210 36032
20231222 36030
20240211 36010
20231222 36030
20240212 36014
20231222 36030
20240213 36032
20231222 36030
20240214 36044
20231222 36030
20240215 36058
20231222 36030
20240216 36069
20231222 36030
20240217 36080
20231222 36030
20240218 36082
20231222 36030
20240219 36075
20231222 36030
20240220 36089
20231222 36030
20240221 36105
20231222 36030
20240222 36111
20231222 36030
20240223 36118
20231222 36030
20240224 36126
20231222 36030
20240225 36122
20231222 36030
20240226 36126
20231222 36030
20240227 36123
20231222 36030
20240228 36125
20231222 36030
20240229 36136
20231222 36030
20240301 36158
20231222 36030
20240302 36177
20231222 36030
20240303 36170
20231222 36030
20240304 36162
20231222 36030
20240305 36157
20231222 36030
20240306 36170
20231222 36030
20240307 36187
20231222 36030
20240308 36198
20231222 36030
20240309 36197
20231222 36030
20240310 36187
20231222 36030
20240311 36182
20231222 36030
20240312 36194
20231222 36030
20240313 36218
20231222 36030
20240314 36215
20231222 36030
20240315 36225
20231222 36030
20240316 36214
20231222 36030
20240317 36199
20231222 36030
20240318 36184
20231222 36030
20240319 36227
20231222 36030
20240320 36233
20231222 36030
20240321 36211
20231222 36030
20240322 36188
20231222 36030
20240323 36191
20231222 36030
20240324 36198
20231222 36030
20240325 36177
20231222 36030
20240326 36172
20240327 36172
20240328 36162
20240327 36172
20240329 36155
20240327 36172
20240330 36165
20240327 36172
20240331 36166
20240327 36172
20240401 36150
20240327 36172
20240402 36143
20240327 36172
20240403 36169
20240327 36172
20240404 36165
20240327 36172
20240405 36188
20240327 36172
20240406 36180
20240327 36172
20240407 36167
20240327 36172
20240408 36152
20240327 36172
20240409 36170
20240327 36172
20240410 36184
20240411 36184
20240412 36201
20240411 36184
20240413 36202
20240411 36184
20240415 36201
20240411 36184
20240416 36191
20240411 36184
20240417 36193
20240411 36184
20240418 36205
20240411 36184
20240419 36209
20240411 36184
20240420 36200
20240411 36184
20240421 36202
20240422 36184
20240411 36184
20240423 36192
20240411 36184
20240424 36180
20240411 36184
20240425 36177
20240411 36184
20240426 36179
20240411 36184
20240427 36194
20240411 36184
20240428 36179
20240411 36184
20240429 36151
20240411 36184
20240430 36152
20240411 36184
20240501 36154
20240411 36184
20240503 36152
20240411 36184
20240504 36158
20240411 36184
20240505 36170
20240411 36184
20240506 36167
20240411 36184
20240507 36193
20240411 36184
20240508 36214
20240411 36184
20240509 36229
20240411 36184
20240510 36246
20240411 36184
20240511 36253
20240411 36184
20240512 36241
20240411 36184
20240513 36251
20240411 36184
20240514 36266
20240411 36184
20240515 36288
20240411 36184
20240516 36299
20240411 36184
20240517 36317
20240411 36184
20240518 36330
20240411 36184
20240519 36334
20240411 36184
20240520 36318
20240411 36184
20240521 36312
20240411 36184
20240522 36321
20240411 36184
20240523 36346
20240411 36184
20240524 36375
20240411 36184
20240525 36382
20240411 36184
20240526 36403
20240411 36184
20240527 36367
20240411 36184
20240528 36369
20240529 36369
20240530 36377
20240529 36369
20240531 36396
20240529 36369
20240601 36388
20240529 36369
20240602 36374
20240529 36369
20240603 36363
20240529 36369
20240604 36410
20240529 36369
20240605 36427
20240529 36369
20240606 36435
20240529 36369
20240609 36406
20240529 36369
20240611 36374
20240529 36369
20240612 36363
20240613 36363
20240614 36343
20240613 36363
20240615 36331
20240613 36363
20240616 36316
20240613 36363
20240617 36303
20240613 36363
20240618 36306
20240613 36363
20240620 36318
20240613 36363
20240621 36306
20240613 36363
20240622 36315
20240613 36363
20240623 36298
20240613 36363
20240624 36288
20240613 36363
20240626 36277
20240613 36363
20240627 36282
20240613 36363
20240628 36271
20240613 36363
20240629 36264
20240613 36363
20240630 36241
20240613 36363
20240701 36223
20240702 36223
20240703 36240
20240702 36223
20240704 36256
20240702 36223
20240705 36266
20240702 36223
20240706 36279
20240702 36223
20240707 36270
20240702 36223
20240708 36288
20240702 36223
20240709 36303
20240702 36223
20240710 36328
20240702 36223
20240711 36372
20240702 36223
20240712 36397
20240702 36223
20240713 36404
20240702 36223
20240714 36385
20240702 36223
20240715 36366
20240702 36223
20240716 36364
20240702 36223
20240717 36382
20240702 36223
20240718 36400
20240702 36223
20240719 36411
20240702 36223
20240720 36410
20240702 36223
20240721 36392
20240702 36223
20240722 36372
20240702 36223
20240723 36388
20240724 36388
20240725 36412
20240724 36388
20240726 36433
20240724 36388
20240727 36445
20240724 36388
20240728 36426
20240724 36388
20240729 36416
20240724 36388
20240730 36430
20240724 36388
20240731 36459
20240724 36388
20240801 36476
20240724 36388
20240802 36484
20240724 36388
20240803 36489
20240724 36388
20240804 36488
20240724 36388
20240805 36501
20240806 36501
20240807 36519
20240806 36501
20240808 36615
20240806 36501
20240809 36626
20240806 36501
20240810 36638
20240806 36501
20240811 36634
20240806 36501
20240812 36630
20240806 36501
20240813 36652
20240806 36501
20240814 36672
20240806 36501
20240815 36686
20240806 36501
20240816 36700
20240806 36501
20240817 36702
20240806 36501
20240818 36692
20240806 36501
20240819 36689
20240806 36501
20240820 36702
20240806 36501
20240821 36697
20240806 36501
20240822 36707
20240806 36501
20240823 36733
20240806 36501
20240824 36751
20240806 36501
20240825 36728
20240806 36501
20240826 36723
20240806 36501
20240827 36731
20240806 36501
20240828 36756
20240806 36501
20240829 36753
20240806 36501
20240830 36765
20240806 36501
20240831 36784
20240806 36501
20240901 36778
20240806 36501
20240902 36782
20240806 36501
20240903 36770
20240806 36501
20240904 36789
20240806 36501
20240905 36808
20240806 36501
20240906 36800
20240806 36501
20240907 36803
20240806 36501
20240908 36796
20240806 36501
20240909 36804
20240806 36501
20240910 36810
20240806 36501
20240911 36827
20240806 36501
20240912 36849
20240806 36501
20240913 36889
20240806 36501
20240914 36886
20240806 36501
20240915 36899
20240806 36501
20240916 36890
20240806 36501
20240917 36901
20240806 36501
20240918 36914
20240806 36501
20240919 36938
20240806 36501
20240920 36943
20240806 36501
20240921 36937
20240806 36501
20240921 36950
20240806 36501
20240922 36937
20240806 36501
20240925 36953
20240925 36953
