20230707 10861
20230709 10854
20230710 10855
20230711 10861
20230712 10865
20230713 10861
20230714 10853
20230715 10849
20230716 10846
20230717 10841
20230718 10836
20230719 10830
20230720 10831
20230721 10829
20230722 10827
20230723 10823
20230724 10819
20230725 10817
20230726 10822
20230727 10825
20230728 10819
20230729 10823
20230730 10811
20230731 10805
20230801 10802
20230802 10800
20230803 10799
20230804 10803
20230805 10803
20230806 10805
20230807 10804
20230808 10803
20230809 10808
20230810 10813
