20230707 23747
20230709 23762
20230710 23764
20230711 23788
20230712 23808
20230713 23819
20230714 23824
20230715 23840
20230716 23847
20230717 23852
20230718 23876
20230719 23880
20230720 23891
20230721 23891
20230722 23892
20230721 23891
20230723 23900
20230721 23891
20230724 23904
20230721 23891
20230725 23918
20230721 23891
20230726 23946
20230721 23891
20230727 24004
20230721 23891
20230728 24026
20230721 23891
20230729 24047
20230721 23891
20230730 24060
20230721 23891
20230731 24081
20230721 23891
20230801 24111
20230721 23891
20230802 24139
20230721 23891
20230803 24148
20230721 23891
20230804 24159
20230721 23891
20230805 24092
20230721 23891
20230806 24078
20230807 24078
20230808 24091
20230807 24078
20230809 24116
20230807 24078
20230810 24142
20230807 24078
20230811 24157
20230807 24078
20230812 24181
20230807 24078
20230813 24238
20230815 24238
20230816 24251
20230815 24238
20230817 24270
20230815 24238
20230818 24282
20230815 24238
20230819 24311
20230815 24238
20230820 24305
20230815 24238
20230821 24308
20230815 24238
20230822 24330
20230815 24238
20230823 24347
20230815 24238
20230824 24343
20230815 24238
20230825 24339
20230815 24238
20230826 24353
20230815 24238
20230827 24362
20230815 24238
20230828 24367
20230815 24238
20230829 24374
20230815 24238
20230830 24362
20230815 24238
20230831 24365
20230901 24365
20230902 24361
20230901 24365
20230903 24366
20230901 24365
20230904 24379
20230901 24365
20230905 24400
20230901 24365
20230906 24428
20230901 24365
20230907 24453
20230901 24365
20230908 24495
20230901 24365
20230909 24487
20230901 24365
20230910 24490
20230901 24365
20230911 24505
20230901 24365
20230912 24527
20230901 24365
20230913 24560
20230901 24365
20230914 24550
20230901 24365
20230915 24574
20230901 24365
20230916 24588
20230901 24365
20230917 24614
20230901 24365
20230918 24629
20230901 24365
20230919 24663
20230901 24365
20230920 24120
20230901 24365
20230921 24180
20230901 24365
20230922 24222
20230923 24222
20230924 24262
20230923 24222
20230925 24390
20230923 24222
20230926 24422
20230923 24222
20230927 24473
20230923 24222
20230928 24513
20230923 24222
20230929 24567
20230923 24222
20230930 24607
20230923 24222
20231001 24648
20230923 24222
20231002 24672
20230923 24222
20231003 24700
20230923 24222
20231005 24763
20230923 24222
20231007 24856
20230923 24222
20231008 24881
20230923 24222
20231009 24907
20230923 24222
20231010 24944
20230923 24222
20231011 24966
20230923 24222
20231012 24992
20230923 24222
20231013 25011
20230923 24222
20231014 25029
20230923 24222
20231015 25042
20230923 24222
20231016 25070
20230923 24222
20231017 25108
20230923 24222
20231018 25137
20230923 24222
20231019 25141
20230923 24222
20231020 25168
20230923 24222
20231021 25185
20230923 24222
20231022 25186
20230923 24222
20231023 25217
20230923 24222
20231024 25253
20230923 24222
20231025 25273
20230923 24222
20231026 25315
20230923 24222
20231027 25365
20230923 24222
20231028 25403
20230923 24222
20231029 25410
20230923 24222
20231030 25451
20230923 24222
20231031 25479
20230923 24222
20231101 25468
20230923 24222
20231102 25513
20230923 24222
20231103 25542
20230923 24222
20231104 25567
20230923 24222
20231105 25563
20230923 24222
20231106 25588
20230923 24222
20231107 25620
20230923 24222
20231108 25647
20230923 24222
20231109 25650
20230923 24222
20231110 25676
20230923 24222
20231111 25698
20230923 24222
20231112 25686
20230923 24222
20231113 25696
20230923 24222
20231114 25714
20230923 24222
20231115 25725
20230923 24222
20231116 25736
20230923 24222
20231117 25761
20230923 24222
20231118 25771
20230923 24222
20231120 25789
20230923 24222
20231121 25826
20230923 24222
20231122 25868
20230923 24222
20231123 25894
20230923 24222
20231124 25914
20230923 24222
20231125 25928
20230923 24222
20231126 26007
20230923 24222
20231127 26019
20230923 24222
20231128 26050
20230923 24222
20231129 26043
20230923 24222
20231130 26053
20230923 24222
20231201 26068
20230923 24222
20231202 26087
20230923 24222
20231203 26088
20230923 24222
20231204 26091
20230923 24222
20231205 26098
20230923 24222
20231206 26110
20230923 24222
20231207 26145
20230923 24222
20231208 26155
20230923 24222
20231209 26164
20230923 24222
20231210 26159
20230923 24222
20231211 26175
20230923 24222
20231212 26207
20230923 24222
20231213 26223
20230923 24222
20231214 26234
20230923 24222
20231215 26235
20230923 24222
20231216 26242
20230923 24222
20231217 26229
20230923 24222
20231218 26235
20230923 24222
20231219 26231
20230923 24222
20231220 26238
20230923 24222
20231221 26235
20230923 24222
20231222 26229
20230923 24222
20231223 26264
20230923 24222
20231224 26269
20230923 24222
20231225 26278
20230923 24222
20231226 26276
20230923 24222
20231227 26281
20230923 24222
20231230 26298
20230923 24222
20231231 26282
20230923 24222
20240101 26236
20230923 24222
20240102 26217
20230923 24222
20240103 26222
20230923 24222
20240104 26214
20230923 24222
20240105 26201
20230923 24222
20240106 26187
20230923 24222
20240107 26157
20230923 24222
20240108 26123
20230923 24222
20240109 26035
20230923 24222
20240110 26011
20230923 24222
20240111 25988
20230923 24222
20240112 25981
20230923 24222
20240113 25969
20230923 24222
20240114 25935
20230923 24222
20240115 25922
20230923 24222
20240116 25913
20230923 24222
20240117 25894
20230923 24222
20240118 25902
20230923 24222
20240119 25913
20230923 24222
20240120 25870
20230923 24222
20240121 25843
20230923 24222
20240122 25836
20230923 24222
20240124 25840
20230923 24222
20240125 25837
20230923 24222
20240126 25843
20230923 24222
20240127 25870
20230923 24222
20240128 25826
20230923 24222
20240129 25827
20230923 24222
20240130 25710
20230923 24222
20240131 25684
20230923 24222
20240201 25667
20230923 24222
20240202 25679
20230923 24222
20240203 25667
20240204 25667
20240205 25691
20240204 25667
20240206 25668
20240204 25667
20240207 25601
20240204 25667
20240208 25610
20240204 25667
20240209 25645
20240204 25667
20240210 25670
20240204 25667
20240211 25679
20240204 25667
20240212 25680
20240204 25667
20240213 25705
20240204 25667
20240214 25743
20240204 25667
20240215 25747
20240204 25667
20240216 25746
20240204 25667
20240217 25732
20240204 25667
20240218 25762
20240204 25667
20240219 25726
20240204 25667
20240220 25675
20240204 25667
20240221 25645
20240204 25667
20240222 25669
20240204 25667
20240223 25651
20240204 25667
20240224 25638
20240204 25667
20240225 25633
20240204 25667
20240226 25664
20240204 25667
20240227 25674
20240204 25667
20240228 25680
20240204 25667
20240229 25624
20240204 25667
20240301 25588
20240204 25667
20240302 25571
20240204 25667
20240303 25543
20240204 25667
20240304 25542
20240204 25667
20240305 25537
20240204 25667
20240306 25502
20240204 25667
20240307 25479
20240204 25667
20240308 25437
20240204 25667
20240309 25427
20240204 25667
20240310 25383
20240204 25667
20240311 25392
20240204 25667
20240312 25409
20240204 25667
20240313 25333
20240204 25667
20240314 25283
20240204 25667
20240315 25288
20240204 25667
20240316 25176
20240204 25667
20240317 25186
20240204 25667
20240318 25128
20240204 25667
20240319 25129
20240204 25667
20240320 25094
20240204 25667
20240321 25105
20240204 25667
20240322 25036
20240204 25667
20240323 24991
20240204 25667
20240324 24908
20240204 25667
20240325 24847
20240204 25667
20240326 24860
20240204 25667
20240327 24823
20240204 25667
20240328 24828
20240204 25667
20240329 24812
20240204 25667
20240330 24793
20240204 25667
20240331 24767
20240204 25667
20240401 24762
20240204 25667
20240402 24771
20240204 25667
20240403 24776
20240204 25667
20240404 24724
20240204 25667
20240405 24700
20240204 25667
20240406 24698
20240204 25667
20240407 24666
20240204 25667
20240408 24663
20240204 25667
20240409 24672
20240204 25667
20240410 24686
20240204 25667
20240411 24680
20240204 25667
20240412 24683
20240204 25667
20240413 24663
20240204 25667
20240415 24654
20240204 25667
20240416 24647
20240204 25667
20240417 24653
20240204 25667
20240418 24650
20240204 25667
20240419 24644
20240204 25667
20240420 24666
20240204 25667
20240421 24655
20240204 25667
20240422 24617
20240204 25667
20240423 24635
20240204 25667
20240424 24650
20240204 25667
20240425 24646
20240204 25667
20240426 24648
20240204 25667
20240427 24657
20240204 25667
20240428 24643
20240204 25667
20240429 24628
20240204 25667
20240430 24638
20240204 25667
20240501 24652
20240204 25667
20240503 24627
20240204 25667
20240504 24584
20240204 25667
20240505 24571
20240204 25667
20240506 24560
20240204 25667
20240507 24570
20240204 25667
20240508 24581
20240204 25667
20240509 24608
20240510 24608
20240511 24617
20240510 24608
20240512 24615
20240510 24608
20240513 24624
20240510 24608
20240514 24682
20240510 24608
20240515 24697
20240510 24608
20240516 24711
20240510 24608
20240517 24739
20240510 24608
20240518 24748
20240510 24608
20240519 24727
20240510 24608
20240520 24697
20240510 24608
20240521 24687
20240510 24608
20240522 24650
20240510 24608
20240523 24570
20240510 24608
20240524 24546
20240510 24608
20240525 24569
20240510 24608
20240526 24576
20240510 24608
20240527 24573
20240510 24608
20240528 24594
20240510 24608
20240529 24613
20240510 24608
20240530 24612
20240510 24608
20240531 24617
20240510 24608
20240601 24631
20240510 24608
20240602 24647
20240510 24608
20240603 24629
20240510 24608
20240604 24624
20240510 24608
20240605 24683
20240510 24608
20240606 24694
20240510 24608
20240609 24742
20240510 24608
20240611 24831
20240510 24608
20240612 24902
20240510 24608
20240613 24865
20240510 24608
20240614 24936
20240510 24608
20240615 24898
20240510 24608
20240616 24948
20240510 24608
20240617 24937
20240510 24608
20240618 24972
20240510 24608
20240620 24991
20240510 24608
20240621 25008
20240510 24608
20240622 25044
20240510 24608
20240623 25051
20240510 24608
20240624 25030
20240510 24608
20240626 25074
20240510 24608
20240627 25054
20240510 24608
20240628 25034
20240510 24608
20240629 25050
20240510 24608
20240630 25031
20240510 24608
20240701 25053
20240510 24608
20240702 25077
20240510 24608
20240703 25084
20240510 24608
20240704 25076
20240510 24608
20240705 25087
20240510 24608
20240706 25034
20240510 24608
20240707 25041
20240510 24608
20240708 25051
20240510 24608
20240709 25043
20240510 24608
20240710 25070
20240510 24608
20240711 25074
20240510 24608
20240712 25062
20240510 24608
20240713 25087
20240510 24608
20240714 25080
20240510 24608
20240715 25072
20240510 24608
20240716 25055
20240510 24608
20240717 25057
20240510 24608
20240718 25068
20240510 24608
20240719 25090
20240510 24608
20240720 25136
20240510 24608
20240721 25118
20240510 24608
20240722 25106
20240510 24608
20240723 25127
20240724 25127
20240725 25136
20240724 25127
20240726 25159
20240724 25127
20240727 25168
20240724 25127
20240728 25171
20240724 25127
20240729 25185
20240724 25127
20240730 25202
20240724 25127
20240731 25226
20240724 25127
20240801 25277
20240724 25127
20240802 25324
20240724 25127
20240803 25375
20240724 25127
20240804 25389
20240724 25127
20240805 25435
20240724 25127
20240806 25462
20240724 25127
20240807 25480
20240724 25127
20240808 25556
20240724 25127
20240809 25609
20240724 25127
20240810 25653
20240724 25127
20240811 25688
20240724 25127
20240812 25722
20240724 25127
20240813 25814
20240724 25127
20240814 25881
20240724 25127
20240815 25918
20240724 25127
20240816 25972
20240724 25127
20240817 26012
20240724 25127
20240818 26021
20240724 25127
20240819 26043
20240724 25127
20240820 26144
20240724 25127
20240821 26215
20240724 25127
20240822 26321
20240724 25127
20240823 26402
20240724 25127
20240824 26436
20240724 25127
20240825 26464
20240724 25127
20240826 26515
20240724 25127
20240827 26568
20240724 25127
20240828 26701
20240724 25127
20240829 26737
20240724 25127
20240830 26710
20240724 25127
20240831 26725
20240724 25127
20240901 26756
20240724 25127
20240902 26817
20240724 25127
20240903 26920
20240724 25127
20240904 26911
20240724 25127
20240905 26992
20240724 25127
20240906 26997
20240724 25127
20240907 27031
20240724 25127
20240908 27075
20240724 25127
20240909 27076
20240724 25127
20240910 27148
20240724 25127
20240911 27189
20240724 25127
20240912 27239
20240724 25127
20240913 27336
20240724 25127
20240914 27395
20240724 25127
20240915 27491
20240724 25127
20240916 27482
20240724 25127
20240917 27563
20240724 25127
20240918 27664
20240724 25127
20240919 27736
20240724 25127
20240920 27875
20240724 25127
20240921 27917
20240724 25127
20240921 27966
20240922 27966
