20230707 13
20230709 13
20230710 13
20230711 13
20230712 13
20230714 13
20230715 13
20230716 13
20230717 13
20230718 13
20230719 13
20230720 13
20230721 13
20230722 13
20230723 13
20230724 13
20230725 13
20230726 13
20230727 13
20230728 13
20230729 13
20230730 13
20230731 13
20230801 13
20230802 13
20230803 13
20230804 13
20230805 13
20230806 13
20230807 13
20230808 13
20230809 13
20230810 13
20230811 13
20230812 13
20230813 13
20230815 13
20230816 13
20230817 13
20230818 13
20230819 13
20230820 13
20230821 13
20230822 13
20230823 13
20230824 13
20230825 13
20230826 13
20230827 13
20230828 13
20230829 13
20230830 13
20230831 13
20230901 13
20230902 13
20230903 13
20230904 13
20230905 13
20230906 13
20230907 13
20230908 13
20230909 13
20230910 13
20230911 13
20230912 13
20230913 13
20230914 13
20230915 13
20230916 13
20230917 13
20230918 13
20230919 13
20230920 11
20230921 11
20230922 11
20230923 11
20230924 11
20230925 11
20230926 11
20230927 11
20230928 11
20230929 11
20230930 11
20231001 11
20231002 11
20231003 11
20231005 11
20231007 11
20231008 11
