20230707 8
20230919 8
20230920 6
20230926 6
20230927 7
20240624 7
20240626 7
20240627 7
20240628 8
20240629 8
20240630 8
20240701 8
20240702 8
20240703 8
20240704 8
20240705 8
20240706 8
20240707 8
20240708 8
20240709 8
20240710 8
20240711 8
20240712 8
20240713 8
20240714 8
20240715 8
20240716 8
20240717 8
20240718 8
20240719 8
20240720 8
20240721 8
20240722 8
20240723 8
20240724 8
20240725 8
20240726 8
20240727 8
20240728 8
20240729 8
20240730 8
20240731 8
20240801 8
20240802 8
20240803 8
20240804 8
20240805 8
20240806 8
20240807 8
20240808 8
20240809 8
20240810 8
20240811 8
20240812 8
20240813 8
20240814 8
20240815 8
20240816 8
20240817 8
20240818 8
20240819 8
20240820 8
20240821 8
20240822 8
20240823 8
