20230707 1154
20230709 1143
20230710 1145
20230711 1145
20230712 1146
20230713 1141
20230714 1142
20230715 1141
20230716 1139
20230717 1141
20230718 1138
20230719 1137
20230720 1140
20230721 1139
20230722 1137
20230723 1140
20230724 1140
20230725 1141
20230726 1140
20230727 1136
20230728 1136
20230729 1136
20230730 1145
20230731 1153
20230801 1153
20230802 1156
20230803 1156
20230804 1157
20230805 1155
20230806 1153
20230807 1154
20230808 1155
20230809 1155
20230810 1155
20230811 1158
20230812 1159
20230813 1160
20230815 1152
20230816 1158
20230817 1161
20230818 1163
20230819 1165
20230820 1165
20230821 1150
20230822 1146
20230823 1146
20230824 1146
20230825 1162
20230826 1168
20230827 1169
20230828 1169
20230829 1169
20230830 1165
20230831 1165
20230901 1165
20230902 1159
20230903 1159
20230904 1159
20230905 1156
20230906 1145
20230907 1139
20230908 1138
20230909 1138
20230910 1138
20230911 1140
20230912 1140
20230913 1132
20230914 1134
20230915 1133
20230916 1146
20230917 1149
20230918 1155
20230919 1157
20230920 1144
20230921 1146
20230922 1128
20230923 1123
20230924 1119
20230925 1119
20230926 1109
20230927 1107
20230928 1106
20230929 1106
20230930 1115
20231001 1120
20231002 1122
20231003 1122
20231005 1125
20231007 1127
20231008 1125
20231009 1125
