20230707 28
20230919 28
20230920 27
20240220 27
20240221 28
20240624 28
20240626 28
20240627 28
20240628 28
20240629 28
20240630 28
20240701 28
20240702 28
20240703 28
20240704 28
20240705 28
20240706 28
20240707 28
20240708 28
20240709 28
20240710 28
20240711 28
20240712 28
20240713 28
20240714 28
20240715 28
20240716 28
20240717 28
20240718 28
20240719 28
20240720 28
20240721 28
20240722 28
20240723 28
20240724 28
20240725 28
20240726 28
20240727 28
20240728 28
20240729 28
20240730 28
20240731 28
20240801 28
20240802 28
20240803 28
20240804 28
20240805 28
20240806 28
20240807 28
20240808 28
20240809 28
20240810 28
20240811 28
20240812 28
20240813 28
20240814 28
20240815 28
20240816 28
20240817 28
20240818 28
20240819 28
20240820 28
20240821 28
20240822 28
20240823 28
20240824 28
20240825 28
20240826 28
20240827 28
20240828 28
20240829 28
20240830 28
20240831 28
20240901 28
20240902 28
20240903 28
20240904 28
20240905 28
20240906 28
20240907 28
20240908 28
20240909 28
20240910 28
20240911 28
20240912 28
20240913 28
20240914 28
20240915 28
20240916 28
20240917 28
20240918 28
