20230707 19
20230919 19
20230920 18
20240624 18
20240626 18
20240627 18
20240628 18
20240629 18
20240630 18
20240701 18
20240702 18
20240703 18
20240704 18
20240705 18
20240706 18
20240707 18
20240708 18
20240709 18
20240710 18
20240711 18
20240712 18
20240713 18
20240714 18
20240715 18
20240716 18
20240717 18
20240718 18
20240719 18
20240720 18
20240721 18
20240722 18
20240723 18
20240724 18
20240725 18
20240726 18
20240727 18
20240728 18
20240729 18
20240730 18
20240731 18
20240801 18
20240802 18
20240803 18
20240804 18
20240805 18
20240806 18
20240807 18
20240808 18
20240809 18
20240810 18
20240811 18
20240812 18
20240813 18
20240814 18
20240815 18
20240816 18
20240817 18
20240818 18
20240819 18
20240820 18
20240821 18
20240822 18
20240823 18
20240824 18
20240825 18
20240826 18
20240827 18
20240828 18
20240829 18
20240830 18
20240831 18
20240901 18
20240902 18
20240903 18
