20230707 246
20230709 246
20230710 246
20230711 246
20230712 246
20230713 245
20230714 245
20230715 245
20230716 245
20230717 245
20230718 245
20230719 245
20230720 245
20230721 245
20230722 245
20230723 245
20230724 245
20230725 245
20230726 245
20230727 245
20230728 245
20230729 245
20230730 245
20230731 245
20230801 245
20230802 245
20230803 245
20230804 245
20230805 245
20230806 245
20230807 245
20230808 245
20230809 245
20230810 244
20230811 244
20230812 244
20230813 244
20230815 244
20230816 244
20230817 244
20230818 244
20230819 244
20230820 244
20230821 244
20230822 244
20230823 244
20230824 244
20230825 244
20230826 244
20230827 244
20230828 244
20230829 244
20230830 244
20230831 244
20230901 244
20230902 242
20230903 238
20230904 237
20230905 237
20230906 236
20230907 236
20230908 236
20230909 236
20230910 236
20230911 236
20230912 237
20230913 237
20230914 237
20230915 237
20230916 237
20230917 237
20230918 237
20230919 237
20230920 233
20230921 233
20230922 233
20230923 232
20230924 232
20230925 232
20230926 232
20230927 232
20230928 231
20230929 231
20230930 231
20231001 231
20231002 231
20231003 231
20231005 231
20231007 231
20231008 230
20231009 229
20231010 229
20231011 229
20231012 229
20231013 228
20231014 228
20231015 228
20231016 228
20231017 228
20231018 228
20231019 226
20231020 224
20231021 223
20231022 223
20231023 223
20231024 223
20231025 221
20231026 221
20231027 221
20231028 221
20231029 221
20231030 221
20231031 221
20231101 221
20231102 221
20231103 221
20231104 221
20231105 221
20231106 221
20231107 220
20231108 219
20231109 218
20231110 218
20231111 218
20231112 218
20231113 217
20231114 217
20231115 217
20231116 217
20231117 217
20231118 217
20231120 217
20231121 217
20231122 217
20231123 217
20231124 217
20231125 217
20231126 217
20231127 217
20231128 217
20231129 217
20231130 217
20231201 217
20231202 215
20231203 215
20231204 216
20231205 216
20231206 216
20231207 216
20231208 216
20231209 216
20231210 216
20231211 216
20231212 216
20231213 216
20231214 216
20231215 216
20231216 216
20231217 216
20231218 216
20231219 216
20231220 216
20231221 216
20231222 216
20231223 216
20231224 216
20231225 216
20231226 216
20231227 216
20231230 216
20231231 216
20240101 216
