20230707 100062
20230710 100062
20230711 100062
20230712 100062
20230714 100062
20230715 100062
20230716 100062
20230717 100062
20230718 100062
20230719 100062
20230720 100062
20230721 100062
20230722 100062
20230723 100062
20230724 100062
20230725 100062
20230726 100062
20230727 100062
20230728 100062
20230729 100062
20230730 100062
20230731 100062
20230801 99822
20230802 99822
20230803 99822
20230804 99822
20230805 99822
20230806 99822
20230807 99822
20230808 99822
20230809 99822
20230810 99822
20230811 99822
20230812 99822
20230813 99822
20230815 99822
20230816 99822
20230817 99822
20230818 99822
20230819 99822
20230820 99822
20230821 99822
20230822 99822
20230823 99822
20230824 99822
20230825 99822
20230826 99822
20230827 99822
20230828 99822
20230829 99822
20230830 99822
20230831 99822
20230901 99682
20230902 99682
20230903 99682
20230904 99682
20230905 99682
20230906 99682
20230907 99682
20230908 99682
20230909 99682
20230910 99682
20230911 99682
20230912 99682
20230913 99682
