20230922 69029
20230924 69031
20230925 69032
20230926 69040
20230927 69042
20230928 69042
20230929 69045
20230930 69047
20231001 69048
20231002 69048
20231003 69051
20231005 69054
20231007 69055
20231008 69055
20231009 69055
20231010 69055
20231011 69055
20231012 69056
20231013 69056
20231014 69058
20231015 69062
20231016 69063
20231017 69063
20231018 69067
20231019 69067
20231020 69070
20231021 69070
20231022 69071
20231023 69071
20231024 69071
20231025 69073
20231026 69073
20231027 69073
20231028 69076
20231029 69077
20231030 69078
20231031 69080
20231101 69080
20231102 69080
20231103 69083
20231104 69084
20231105 69084
20231106 69085
20231107 69085
20231108 69085
20231109 69087
20231110 69089
20231111 69089
20231112 69089
20231113 69089
20231114 69090
20231115 69090
20231116 69093
20231117 69094
