20230922 8610
20230924 8615
20230925 8610
20230926 8610
20230927 8608
20230928 8608
20230929 8603
20230930 8601
20231001 8606
20231002 8603
20231003 8604
20231005 8599
20231007 8600
20231008 8600
20231009 8593
20231010 8590
20231011 8589
20231012 8588
20231013 8590
20231014 8594
20231015 8595
20231016 8596
20231017 8596
20231018 8591
20231019 8591
20231020 8596
20231021 8604
20231022 8605
20231023 8603
20231024 8598
20231025 8593
20231026 8598
20231027 8598
20231028 8599
20231029 8599
20231030 8602
20231031 8603
20231101 8599
20231102 8601
20231103 8600
20231104 8606
20231105 8610
20231106 8612
20231107 8614
20231108 8614
20231109 8617
20231110 8617
20231111 8614
20231112 8612
20231113 8610
20231114 8609
20231115 8608
20231116 8609
20231117 8609
20231118 8609
20231120 8609
20231121 8609
20231122 8606
20231123 8610
20231124 8614
20231125 8610
20231126 8608
20231127 8632
20231128 8636
20231129 8634
20231130 8631
20231201 8631
20231202 8631
20231203 8637
20231204 8636
20231205 8637
20231206 8636
20231207 8638
20231208 8639
20231209 8641
20231210 8644
20231211 8644
20231212 8645
20231213 8641
20231214 8637
20231215 8637
20231216 8640
20231217 8641
20231218 8640
20231219 8639
20231220 8640
20231221 8643
20231222 8643
20231223 8643
20231224 8644
20231225 8645
20231226 8643
20231227 8644
20231230 8641
20231231 8644
20240101 8646
20240102 8646
20240103 8645
20240104 8647
20240105 8644
20240106 8645
20240107 8647
20240108 8649
20240109 8647
20240110 8644
20240111 8642
20240112 8643
20240113 8636
20240114 8634
20240115 8641
20240116 8639
20240117 8639
20240118 8636
20240119 9023
20240120 8638
20240121 8637
20240122 8636
20240124 8629
20240125 8630
20240126 8633
20240127 8629
20240128 8636
20240129 8636
20240130 8635
20240131 8635
20240201 8641
20240202 8642
20240203 8647
20240204 8648
20240205 8652
20240206 8654
20240207 8654
20240208 8651
20240209 8661
20240210 8659
20240211 8659
20240212 8658
20240213 8666
20240214 8658
20240215 8663
20240216 8667
20240217 8663
20240218 8667
20240219 8664
20240220 8662
20240221 8664
20240222 8658
20240223 8655
20240224 8658
20240225 8666
20240226 8665
20240227 8666
20240228 8662
20240229 8665
20240301 8667
20240302 8670
20240303 8674
20240304 8675
20240305 8675
20240306 8679
20240307 8679
20240308 8678
20240309 8672
20240310 8677
20240311 8675
20240312 8678
20240313 8679
20240314 8678
20240315 8681
20240316 8689
20240317 8693
20240318 8690
20240319 8694
20240320 8697
20240321 8696
20240322 8699
20240323 8695
20240324 8702
20240325 8702
20240326 8711
20240327 8716
20240328 8709
20240329 8712
20240330 8713
20240331 8714
20240401 8714
20240402 8709
20240403 8704
20240404 8707
20240405 8712
20240406 8718
20240407 8723
20240408 8723
20240409 8723
20240410 8726
20240411 8726
20240412 8724
20240413 8723
20240415 8724
20240416 8731
20240417 8729
20240418 8724
20240419 8727
20240420 8726
20240421 8728
20240422 8729
20240423 8730
