20230707 9583
20230709 9580
20230710 9579
20230711 9577
20230712 9577
20230713 9581
20230714 9587
20230715 9588
20230716 9588
20230717 9586
20230718 9582
20230719 9572
20230720 9567
20230721 9569
20230722 9580
20230723 9578
20230724 9579
20230725 9595
20230726 9593
20230727 9593
20230728 9591
20230729 9590
20230730 9582
20230731 9579
20230801 9579
20230802 9583
20230803 9583
20230804 9587
20230806 9587
20230807 9590
20230808 9597
20230809 9595
20230810 9598
20230811 9595
20230812 9601
20230813 9600
20230815 9598
20230816 9596
20230817 9597
20230818 9604
20230819 9603
20230820 9607
20230821 9610
20230822 9604
20230823 9600
20230824 9594
20230825 9592
20230826 9598
20230827 9603
20230828 9601
20230829 9601
20230830 9600
20230831 9602
20230902 9597
20230903 9593
20230904 9590
20230905 9590
20230906 9589
20230907 9593
20230908 9595
20230909 9596
20230910 9593
20230911 9588
20230912 9595
20230913 9596
20230914 9597
20230915 9591
20230916 9588
20230917 9583
20230918 9579
20230919 9581
20230920 8629
20230921 8625
20230922 8620
20230923 8619
20230924 8617
20230925 8620
20230926 8608
20230927 8610
20230928 8606
20230929 8602
20230930 8603
20231001 8598
20231002 8598
20231003 8600
20231005 8607
20231007 8614
20231008 8614
20231009 8612
20231010 8608
20231011 8598
20231012 8599
20231013 8595
20231014 8592
20231015 8593
20231016 8588
20231017 8588
20231018 8586
20231019 8584
20231020 8581
20231021 8584
20231022 8582
20231023 8581
20231024 8584
20231025 8584
20231026 8586
20231027 8590
20231028 8584
20231029 8584
20231030 8578
20231031 8578
20231101 8583
20231102 8595
20231103 8596
20231104 8596
20231105 8598
20231106 8599
20231107 8596
20231108 8596
20231109 8592
20231110 8589
20231111 8591
20231112 8588
20231113 8587
20231114 8584
20231115 8580
20231116 8581
20231117 8579
20231118 8570
20231120 8573
20231121 8573
20231122 8571
20231123 8570
20231124 8568
20231125 8565
20231126 8566
20231127 8565
20231128 8571
20231129 8570
20231130 8570
20231201 8567
20231202 8567
20231203 8557
20231204 8557
20231205 8563
20231206 8570
20231207 8570
20231208 8566
20231209 8566
20231210 8561
20231211 8555
20231213 8555
20231214 8552
20231215 8556
20231216 8553
20231217 8555
20231218 8553
20231219 8556
20231220 8553
20231221 8549
20231222 8549
20231223 8552
20231224 8550
20231225 8547
20231226 8543
20231227 8542
20231230 8539
20231231 8540
20240101 8536
20240102 8535
20240103 8536
20240104 8538
20240105 8542
20240106 8566
20240107 8562
20240108 8562
20240109 8566
20240110 8571
20240111 8601
20240112 8602
20240113 8603
20240114 8602
20240115 8600
20240116 8600
20240117 8601
20240118 8596
20240119 8597
20240120 8599
20240121 8599
20240122 8597
20240124 8604
20240126 8604
20240127 8608
20240128 8602
20240129 8601
20240130 8605
20240131 8612
20240201 8611
20240202 8562
20240203 8558
20240204 8558
20240205 8557
20240206 8552
20240207 8549
20240208 8555
20240209 8558
20240210 8562
20240211 8560
20240212 8561
20240213 8555
20240214 8560
20240215 8559
20240216 8551
20240217 8555
20240218 8554
20240219 8552
20240220 8554
20240221 8558
20240222 8559
20240223 8558
20240224 8566
20240225 8563
20240226 8562
20240227 8570
20240228 8568
20240229 8572
20240301 8576
20240302 8583
20240303 8584
20240304 8582
20240305 8582
20240306 8589
20240307 8588
20240308 8591
20240309 8588
20240310 8587
20240311 8585
20240312 8587
20240313 8586
20240314 8586
20240315 8585
20240316 8582
20240317 8583
20240318 8577
20240319 8571
20240320 8564
20240321 8561
20240322 8561
20240323 8563
20240324 8561
20240325 8558
20240326 8554
20240327 8556
20240328 8560
20240329 8564
20240330 8566
20240331 8566
20240401 8565
20240402 8567
20240403 8567
20240404 8568
20240405 8562
20240406 8563
20240407 8567
20240408 8566
20240409 8567
20240410 8564
20240411 8566
20240412 8565
20240413 8565
20240415 8555
20240416 8560
20240417 8557
20240418 8549
20240419 8553
20240420 8549
20240421 8543
20240422 8539
20240423 8542
20240424 8546
20240425 8549
20240426 8550
20240427 8548
20240428 8548
20240429 8549
20240430 8556
20240501 8561
20240503 8560
20240504 8558
20240505 8555
20240506 8550
20240507 8544
20240508 8548
20240509 8550
20240510 8553
20240511 8555
20240512 8554
20240513 8557
20240514 8560
20240515 8557
20240516 8558
20240517 8562
20240518 8567
20240519 8566
20240520 8564
20240521 8567
20240522 8570
20240523 8575
20240524 8569
20240525 8573
20240526 8569
20240527 8565
20240528 8558
20240529 8562
20240530 8559
20240531 8566
20240601 8566
20240602 8563
20240603 8563
20240604 8564
20240605 8568
20240606 8568
20240609 8561
20240611 8564
20240612 8567
20240613 8564
20240614 8567
20240615 8566
20240616 8557
20240618 8557
20240620 8527
20240621 8555
20240622 8557
20240623 8553
20240624 8552
20240626 8555
20240627 8561
20240628 8564
20240629 8559
20240630 8558
20240701 8562
20240702 8565
20240703 8570
20240704 8571
20240705 8574
20240706 8574
20240707 8567
20240708 8567
20240709 8569
20240710 8569
20240711 8567
20240712 8571
20240713 8570
20240714 8528
20240715 8525
20240716 8525
20240717 8515
20240718 8512
20240719 8503
20240720 8493
20240721 8487
20240722 8457
20240723 8458
20240724 8458
20240725 8459
20240726 8459
20240727 8455
20240728 8449
20240729 8445
20240730 8441
20240731 8439
20240801 8437
20240802 8443
20240803 8443
20240804 8447
20240805 8448
20240806 8445
20240807 8448
20240808 8448
20240809 8449
20240810 8451
20240811 8449
20240813 8449
20240814 8450
20240815 8450
20240816 8447
20240817 8449
20240818 8445
20240819 8443
20240820 8437
20240821 8440
20240822 8445
20240823 8446
20240824 8449
20240825 8441
20240826 8435
20240827 8437
20240828 8435
20240829 8437
20240830 8439
20240831 8445
20240901 8442
20240902 8441
20240903 8439
20240904 8439
20240905 8444
20240906 8445
20240907 8443
20240908 8440
20240909 8437
20240910 8435
20240911 8440
20240912 8444
20240913 8447
20240914 8446
20240915 8445
20240916 8441
20240917 8444
20240918 8445
20240919 8447
20240920 8451
20240922 8451
20240925 8450
20240926 8455
20240927 8457
20240928 8452
20240929 8451
20240930 8454
20241002 8454
20241003 8450
20241004 8454
20241005 8460
20241006 8455
20241007 8456
20241008 8455
20241009 8454
20241010 8456
20241011 8454
20241012 8453
20241013 8453
20241014 8451
20241015 8449
20241016 8447
20241017 8448
20241018 8446
20241019 8449
20241020 8443
20241021 8446
20241022 8447
20241023 8445
20241024 8449
20241025 8448
20241026 8450
20241027 8453
20241028 8452
20241029 8452
20241030 8446
20241031 8447
20241101 8445
20241102 8445
20241103 8443
20241104 8446
20241105 8452
20241106 8453
20241107 8450
20241108 8457
20241109 8463
20241110 8469
20241111 8468
20241112 8466
20241113 8469
20241114 8470
20241115 8465
20241116 8463
20241117 8460
20241118 8458
20241119 8463
20241120 8471
20241121 8472
20241122 8480
20241123 8482
20241124 8483
20241125 8486
20241126 8490
20241127 8495
20241128 8493
20241129 8490
20241130 8494
20241201 8500
20241202 8499
20241203 8498
20241204 8501
20241205 8495
20241206 8493
20241207 8491
20241208 8493
20241209 8494
20241210 8492
20241211 8501
20241212 8504
20241213 8513
20241214 8513
20241215 8514
20241216 8513
20241217 8516
20241218 8518
20241219 8516
20241220 8513
20241221 8514
20241223 8514
20241224 8515
20241225 8512
20241226 8513
20241227 8514
20241228 8513
20241229 8512
20241230 8513
20241231 8512
20250101 8513
20250102 8514
20250103 8516
20250104 8517
20250105 8518
20250106 8521
20250108 8521
20250109 8524
20250110 8528
20250111 8530
20250112 8528
20250113 8528
20250114 8525
20250115 8529
20250116 8525
20250117 8525
20250118 8531
20250119 8520
20250121 8520
20250122 8523
20250123 8527
20250124 8530
20250125 8530
20250126 8531
20250127 8528
20250128 8529
20250130 8529
20250131 8530
20250201 8534
20250203 8534
20250204 8536
20250205 8531
20250206 8532
20250207 8534
20250208 8537
20250210 8543
20250211 8543
20250212 8542
20250213 8544
20250214 8550
20250215 8526
20250216 8523
20250217 8522
20250218 8523
20250219 8525
20250220 8500
20250221 8499
20250222 8496
20250223 8497
20250224 8501
20250225 8502
20250226 8503
20250227 8501
20250228 8500
20250301 8495
20250302 8495
20250303 8496
20250304 8498
20250305 8501
20250306 8501
20250307 8498
20250308 8496
20250309 8490
20250310 8494
20250311 8491
20250312 8500
20250313 8507
20250314 8510
20250315 8510
20250316 8508
20250317 8506
20250318 8501
20250319 8505
20250320 8502
20250321 8500
20250322 8501
20250323 8497
20250324 8497
20250326 8509
20250327 8514
20250328 8515
20250329 8517
20250330 8512
20250331 8513
20250401 8512
20250402 8511
20250403 8511
20250404 8512
20250405 8512
20250406 8508
20250407 8505
20250408 8498
20250409 8510
20250410 8514
20250411 8511
20250412 8512
20250413 8509
20250414 8514
20250415 8519
20250416 8521
20250417 8520
20250418 8521
20250419 8529
20250420 8526
20250421 8526
20250422 8528
20250423 8528
20250424 8531
20250425 8536
20250426 8534
20250427 8533
20250428 8534
20250429 8536
20250430 8536
20250501 8530
20250503 8530
20250504 8533
20250505 8533
20250506 8535
20250507 8533
20250508 8530
20250509 8529
20250510 8530
20250511 8527
20250512 8520
20250513 8514
20250514 8514
20250515 8517
20250516 8517
20250517 8511
20250518 8511
20250519 8513
20250520 8511
20250521 8513
20250522 8512
