20230707 4202
20230709 4204
20230710 4204
20230711 4203
20230712 4199
20230713 4196
20230714 4197
20230715 4197
20230716 4193
20230717 4196
20230718 4195
20230719 4195
20230720 4189
20230721 4190
20230722 4196
20230723 4195
20230724 4194
20230725 4194
20230726 4193
20230727 4192
20230728 4190
20230729 4189
20230730 4192
20230731 4191
20230801 4193
20230802 4190
20230803 4186
20230804 4190
20230805 4187
20230806 4182
20230807 4181
20230808 4184
20230809 4185
20230810 4184
20230811 4182
20230812 4177
20230813 4178
20230815 4179
20230816 4170
20230817 4165
20230818 4161
20230819 4168
20230820 4168
20230821 4167
20230822 4172
20230823 4170
20230824 4167
20230825 4167
20230826 4173
20230827 4171
20230828 4175
20230829 4178
20230830 4177
20230831 4182
20230901 4182
20230902 4182
20230903 4178
20230904 4178
20230905 4177
20230906 4175
20230907 4174
20230908 4171
20230909 4173
20230910 4172
20230911 4171
20230912 4168
20230913 4174
20230914 4175
20230915 4171
20230916 4170
20230917 4172
20230918 4173
20230919 4172
20230920 3951
20230921 3950
20230922 3954
20230923 3955
20230924 3954
20230925 3953
20230926 3952
20230927 3951
20230928 3953
20230929 3952
20230930 3954
20231001 3954
20231002 3950
20231003 3954
20231005 3961
20231007 3956
20231008 3955
20231009 3955
20231010 3953
20231011 3951
20231012 3951
20231013 3952
20231014 3952
20231015 3948
20231016 3945
20231017 3945
20231018 3946
20231019 3945
20231020 3945
20231021 3943
20231022 3944
20231023 3945
20231024 3943
20231025 3939
20231026 3937
20231027 3937
20231028 3941
20231029 3939
20231030 3949
20231031 3956
20231101 3958
20231102 3957
20231103 3957
20231104 3957
20231105 3956
20231106 3955
20231107 3955
20231108 3956
20231109 3954
20231110 3949
20231111 3947
20231112 3950
20231113 3950
20231114 3949
20231115 3951
20231116 3952
20231117 3957
20231118 3961
20231120 3958
20231121 3960
20231122 3966
20231123 3982
20231124 3991
20231125 3995
20231126 3995
20231127 3996
20231128 3999
20231129 3998
20231130 3998
