20230707 60514
20230709 60806
20230710 61605
20230711 61290
20230712 61958
20230713 61981
20230714 62038
20230715 62099
20230716 62227
20230717 62301
20230718 62671
20230719 63003
20230720 63082
20230721 63124
20230722 63253
20230723 63280
20230724 63218
20230725 63310
20230726 63351
20230727 63438
20230728 63472
20230729 63592
20230730 63703
20230731 63802
20230801 63936
20230802 64156
20230803 64270
20230804 63843
20230805 63906
20230806 63962
20230807 64006
20230808 63686
20230809 63878
20230810 63977
20230811 64050
20230812 64087
20230813 64143
20230815 64308
20230816 64375
20230817 64446
20230818 64486
20230819 64583
20230820 64628
20230821 64672
20230822 64766
20230823 64849
20230824 64909
20230825 65035
20230826 65152
20230827 65183
20230828 65222
20230829 65361
20230830 65440
20230831 65509
20230902 65723
20230903 65762
20230904 65766
20230905 65914
20230906 65989
20230907 66113
20230908 66139
20230909 66155
20230910 66224
20230911 66617
20230912 66631
20230913 66645
20230914 66724
20230915 66812
20230916 66887
20230917 66984
20230918 66439
20230919 66516
20230920 61570
20230921 61656
20230922 61736
20230923 61817
20230924 61937
20230925 61956
20230926 61997
20230927 62034
20230928 62131
20230929 61967
20230930 62043
20231001 62246
20231002 62379
20231003 62518
20231005 62709
20231007 62753
20231008 62756
20231009 62893
20231010 62911
20231011 62967
20231012 62956
20231013 62885
20231014 62911
20231015 62879
20231016 62823
20231017 62776
20231018 62760
20231019 62586
20231020 62552
20231021 62515
20231022 62548
20231023 62576
20231024 62521
20231025 62473
20231026 62522
20231027 62507
20231028 62390
20231029 62386
20231030 62332
20231031 61782
20231101 61685
20231102 61856
20231103 61827
20231104 61811
20231105 61493
20231106 61477
20231107 61514
20231108 61493
20231109 61439
20231110 61393
20231111 61400
20231112 61343
20231113 61275
20231114 61247
20231115 61284
20231116 61285
20231117 61085
20231118 61138
20231120 61929
20231121 62048
20231122 62012
20231123 62023
20231124 62051
20231125 62050
20231126 62100
20231127 62322
20231128 61487
20231129 61525
20231130 61615
20231201 61633
20231202 61399
20231203 61427
20231204 61414
20231205 61444
20231206 61474
20231207 61512
20231208 61483
20231209 61540
20231210 61593
20231211 61580
20231212 61631
20231213 61705
20231214 61652
20231215 61570
