20230707 6
20230919 6
20230920 5
20231213 5
20231214 6
20240624 6
20240626 6
20240627 6
20240628 6
20240629 6
20240630 6
20240701 6
20240702 6
20240703 6
20240704 6
20240705 6
20240706 6
20240707 6
20240708 6
20240709 6
20240710 6
20240711 6
20240712 6
20240713 6
20240714 6
20240715 6
20240716 6
20240717 6
20240718 6
20240719 6
20240720 6
20240721 6
20240722 6
20240723 6
20240724 6
20240725 6
20240726 6
20240727 6
20240728 6
20240729 6
20240730 6
20240731 6
20240801 6
20240802 6
20240803 6
20240804 6
20240805 6
20240806 6
