20230707 4033
20230709 4019
20230710 3994
20230711 3948
20230712 3916
20230713 3849
20230714 3835
20230715 3788
20230716 3725
20230717 3708
20230718 3670
20230719 3638
20230720 3615
20230721 3589
20230722 3567
20230723 3546
20230724 3535
20230725 3513
20230726 3500
20230727 3487
20230728 3480
20230729 3475
20230730 3467
20230731 3455
20230801 3454
20230802 3454
20230803 3453
20230804 3453
20230805 3454
20230804 3453
20230806 3449
20230804 3453
20230807 3452
20230804 3453
20230808 3499
20230804 3453
20230809 3500
20230810 3500
20230811 3494
20230810 3500
20230812 3485
20230810 3500
20230813 3482
20230810 3500
20230815 3468
20230810 3500
20230816 3469
20230817 3469
20230818 3464
20230817 3469
20230819 3455
20230817 3469
20230820 3456
20230817 3469
20230821 3457
20230817 3469
20230822 3460
20230817 3469
20230823 3457
20230817 3469
20230824 3463
20230817 3469
20230825 3464
20230817 3469
20230826 3460
20230817 3469
20230827 3463
20230817 3469
20230828 3465
20230817 3469
20230829 3460
20230817 3469
20230830 3461
20230901 3461
20230902 3464
20230901 3461
20230903 3467
20230901 3461
20230904 3466
20230905 3466
20230906 3468
20230905 3466
20230907 3469
20230908 3466
20230905 3466
20230909 3467
20230905 3466
20230910 3468
20230911 3468
20230912 3470
20230911 3468
20230913 3471
20230911 3468
20230914 3473
20230915 3473
20230916 3474
20230917 3473
20230915 3473
20230918 3472
20230919 3472
20230920 3333
20230919 3472
20230921 3332
20230922 3332
20230923 3331
20230922 3332
20230924 3333
20230922 3332
20230925 3335
20230927 3335
20230928 3338
20230927 3335
20230929 3336
20230930 3335
20231001 3335
20231002 3329
20231001 3335
20231003 3333
20231001 3335
20231005 3340
20231001 3335
20231007 3344
20231001 3335
20231008 3343
20231001 3335
20231009 3342
20231001 3335
20231010 3345
20231001 3335
20231011 3346
20231012 3346
20231013 3345
20231012 3346
20231014 3344
20231015 3346
20231012 3346
20231016 3345
20231012 3346
20231017 3343
20231018 3346
20231012 3346
20231019 3349
20231012 3346
20231020 3348
20231012 3346
20231021 3349
20231012 3346
20231022 3348
20231012 3346
20231023 3352
20231012 3346
20231024 3349
20231025 3349
20231026 3352
20231025 3349
20231027 3356
20231025 3349
20231028 3357
20231025 3349
20231029 3355
20231025 3349
20231030 3354
20231025 3349
20231031 3352
20231025 3349
20231101 3412
20231025 3349
20231102 3416
20231025 3349
20231103 3414
20231104 3414
20231105 3413
20231104 3414
20231106 3417
20231109 3417
20231110 3418
20231109 3417
20231111 3421
20231109 3417
20231112 3420
20231109 3417
20231113 3419
20231109 3417
20231114 3416
20231109 3417
20231115 3418
20231116 3417
20231109 3417
20231117 3418
20231109 3417
20231118 3423
20231109 3417
20231120 3424
20231109 3417
20231121 3427
20231109 3417
20231122 3436
20231109 3417
20231123 3445
20231109 3417
20231124 3451
20231109 3417
20231125 3454
20231109 3417
20231126 3452
20231109 3417
20231127 3453
20231109 3417
20231128 3452
20231109 3417
20231129 3456
20231109 3417
20231130 3453
20231201 3453
20231202 3455
20231203 3455
20231204 3456
20231205 3455
20231203 3455
20231206 3457
20231203 3455
20231207 3459
20231203 3455
20231208 3458
20231209 3458
20231210 3461
20231211 3461
20231212 3460
20231211 3461
20231213 3457
20231211 3461
20231214 3455
20231211 3461
20231215 3457
20231211 3461
20231216 3459
20231211 3461
20231217 3454
20231211 3461
20231218 3453
20231211 3461
20231219 3452
20231211 3461
20231220 3454
20231211 3461
20231221 3455
20231223 3455
20231224 3448
20231223 3455
20231225 3444
20231223 3455
20231226 3445
20231223 3455
20231227 3443
20231223 3455
20231230 3446
20231223 3455
20231231 3444
20231223 3455
20240101 3443
20231223 3455
20240102 3442
20231223 3455
20240103 3438
20231223 3455
20240104 3440
20231223 3455
20240105 3444
20231223 3455
20240106 3464
20231223 3455
20240107 3460
20231223 3455
20240108 3461
20231223 3455
20240109 3468
20231223 3455
20240110 3466
20231223 3455
20240111 3496
20231223 3455
20240112 3497
20231223 3455
20240113 3495
20231223 3455
20240114 3493
20231223 3455
20240115 3491
20231223 3455
20240116 3493
20231223 3455
20240117 3494
20240118 3494
20240119 3493
20240120 3494
20240121 3494
20240122 3496
20240124 3496
20240125 3502
20240124 3496
20240126 3503
20240124 3496
20240127 3501
20240124 3496
20240128 3502
20240124 3496
20240129 3503
20240130 3503
20240131 3502
20240201 3503
20240130 3503
20240202 3500
20240203 3500
20240204 3496
20240205 3500
20240206 3500
20240207 3502
20240206 3500
20240208 3499
20240206 3500
20240209 3501
20240206 3500
20240210 3503
20240206 3500
20240211 3501
20240212 3500
20240206 3500
20240213 3498
20240214 3500
20240206 3500
20240215 3499
20240206 3500
20240216 3497
20240217 3497
20240218 3501
20240217 3497
20240219 3499
20240217 3497
20240220 3496
20240217 3497
20240221 3501
20240217 3497
20240222 3503
20240217 3497
20240223 3502
20240217 3497
20240224 3501
20240217 3497
20240225 3506
20240217 3497
20240226 3505
20240217 3497
20240227 3506
20240217 3497
20240228 3505
20240217 3497
20240229 3507
20240217 3497
20240301 3508
20240217 3497
20240302 3509
20240217 3497
20240303 3482
20240217 3497
20240304 3480
20240217 3497
20240305 3509
20240217 3497
20240306 3510
20240217 3497
20240307 3509
20240217 3497
20240308 3508
20240217 3497
20240309 3510
20240217 3497
20240310 3509
20240217 3497
20240311 3508
20240217 3497
20240312 3509
20240313 3509
20240314 3511
20240317 3511
20240318 3510
20240317 3511
20240319 3509
20240320 3509
20240321 3512
20240320 3509
20240322 3513
20240323 3513
20240324 3515
20240325 3515
20240326 3514
20240327 3515
20240325 3515
20240328 3517
20240325 3515
20240329 3520
20240325 3515
20240330 3519
20240325 3515
20240331 3518
20240325 3515
20240401 3517
20240325 3515
20240402 3519
20240403 3519
20240404 3498
20240403 3519
20240405 3487
20240403 3519
20240406 3486
20240403 3519
20240407 3484
20240403 3519
20240408 3481
20240403 3519
20240409 3479
20240403 3519
20240410 3482
20240411 3482
20240412 3485
20240411 3482
20240413 3484
20240411 3482
20240415 3481
20240411 3482
20240416 3480
20240411 3482
20240417 3478
20240418 3482
20240411 3482
20240419 3483
20240420 3482
20240411 3482
20240421 3480
20240411 3482
20240422 3479
20240411 3482
20240423 3480
20240425 3480
20240426 3479
20240425 3480
20240427 3473
20240425 3480
20240428 3472
20240425 3480
20240429 3473
20240425 3480
20240430 3471
20240501 3471
20240503 3477
20240505 3477
20240506 3473
20240505 3477
20240507 3472
20240505 3477
20240508 3476
20240509 3476
20240510 3481
20240509 3476
20240511 3484
20240509 3476
20240512 3489
20240509 3476
20240513 3490
20240509 3476
20240514 3489
20240509 3476
20240515 3490
20240509 3476
20240516 3491
20240509 3476
20240517 3492
20240509 3476
20240518 3493
20240509 3476
20240519 3491
20240520 3491
20240521 3490
20240522 3490
20240523 3491
20240522 3490
20240524 3494
20240525 3494
20240526 3496
20240527 3496
20240528 3497
20240527 3496
20240529 3492
20240530 3492
20240531 3490
20240530 3492
20240601 3489
20240602 3489
20240603 3488
20240604 3488
20240605 3477
20240604 3488
20240606 3469
20240604 3488
20240609 3453
20240604 3488
20240611 3449
20240613 3449
20240614 3453
20240613 3449
20240615 3457
20240613 3449
20240616 3458
20240613 3449
20240617 3456
20240613 3449
20240618 3461
20240613 3449
20240620 3460
20240613 3449
20240621 3459
20240613 3449
20240622 3460
20240613 3449
20240623 3464
20240624 3464
20240626 3462
20240627 3462
20240628 3463
20240627 3462
20240629 3461
20240630 3461
20240701 3464
20240630 3461
20240702 3463
20240630 3461
20240703 3462
20240630 3461
20240704 3460
20240630 3461
20240705 3456
20240630 3461
20240706 3457
20240707 3457
20240708 3456
20240707 3457
20240709 3460
20240707 3457
20240710 3465
20240707 3457
20240711 3464
20240707 3457
20240712 3467
20240707 3457
20240713 3470
20240707 3457
20240714 3468
20240707 3457
20240715 3467
20240707 3457
20240716 3466
20240707 3457
20240717 3469
20240707 3457
20240718 3470
20240707 3457
20240719 3468
20240707 3457
20240720 3465
20240707 3457
20240721 3462
20240707 3457
20240722 3461
20240707 3457
20240723 3458
20240724 3458
20240725 3455
20240724 3458
20240726 3453
20240724 3458
20240727 3452
20240728 3452
20240729 3454
20240730 3452
20240728 3452
20240731 3454
20240728 3452
20240801 3455
20240728 3452
20240802 3453
20240728 3452
20240803 3455
20240728 3452
20240804 3456
20240728 3452
20240805 3454
20240728 3452
20240806 3451
20240807 3452
20240728 3452
20240808 3453
20240809 3452
20240728 3452
20240810 3450
20240728 3452
20240811 3445
20240728 3452
20240812 3444
20240728 3452
20240813 3443
20240728 3452
20240814 3442
20240815 3442
20240816 3440
20240815 3442
20240817 3438
20240815 3442
20240818 3362
20240815 3442
20240819 3363
20240815 3442
20240820 3361
20240815 3442
20240821 3363
20240815 3442
20240822 3366
20240815 3442
20240823 3421
20240815 3442
20240824 3444
20240825 3442
20240815 3442
20240826 3443
20240815 3442
20240827 3444
20240815 3442
20240828 3447
20240815 3442
20240829 3444
20240815 3442
20240830 3446
20240815 3442
20240831 3447
20240815 3442
20240901 3445
20240902 3445
20240903 3447
20240905 3447
20240906 3446
20240907 3446
20240908 3444
20240907 3446
20240909 3443
20240907 3446
20240910 3444
20240907 3446
20240911 3445
20240907 3446
20240912 3444
20240913 3444
20240914 3443
20240913 3444
20240915 3442
20240913 3444
20240916 3441
20240913 3444
20240917 3438
20240913 3444
20240918 3436
20240913 3444
20240919 3384
20240913 3444
20240920 3363
20240921 3363
20240921 3365
20240922 3363
20240921 3363
20240925 3367
20240921 3363
20240926 3365
20240921 3363
20240927 3369
20240928 3369
20240929 3368
20240930 3368
