20230707 2193
20230709 2194
20230710 2198
20230711 2197
20230712 2200
20230713 2207
20230714 2207
20230715 2206
20230716 2209
20230717 2208
20230718 2209
20230719 2211
20230720 2212
20230721 2215
20230722 2216
20230723 2214
20230724 2214
20230725 2214
20230726 2216
20230727 2219
20230728 2219
20230729 2217
20230730 2218
20230731 2216
20230801 2216
20230802 2216
20230803 2216
20230804 2217
20230805 2220
20230806 2219
20230807 2220
20230808 2222
20230809 2224
20230810 2223
20230811 2224
20230812 2226
20230813 2225
20230815 2225
20230816 2222
20230817 2225
20230818 2227
20230819 2228
20230820 2228
20230821 2227
20230822 2227
20230823 2228
20230824 2226
20230825 2227
20230826 2226
20230827 2227
20230828 2225
20230829 2225
20230830 2224
20230831 2225
20230901 2225
20230902 2223
20230903 2221
20230904 2221
20230905 2222
20230906 2225
20230907 2224
20230908 2223
20230909 2225
20230910 2224
20230911 2227
20230912 2223
20230913 2227
20230914 2226
20230915 2224
20230916 2225
20230917 2224
20230918 2226
20230919 2224
20230920 2057
20230921 2056
20230922 2062
20230923 2073
20230924 2073
20230925 2075
20230926 2076
20230927 2078
20230928 2079
20230929 2081
20230930 2080
20231001 2079
20231002 2079
20231003 2081
20231005 2076
20231007 2075
20231008 2075
20231009 2075
20231010 2075
20231011 2076
20231012 2075
20231013 2077
20231014 2078
20231015 2078
20231016 2076
20231017 2075
20231018 2074
20231019 2075
20231020 2077
20231021 2079
20231022 2078
20231023 2079
20231024 2082
20231025 2083
20231026 2083
20231027 2080
20231028 2081
20231029 2081
20231030 2081
20231031 2082
20231101 2081
20231102 2083
20231103 2083
20231104 2084
20231105 2084
20231106 2084
20231107 2084
20231108 2084
20231109 2084
20231110 2085
20231111 2088
20231112 2086
20231113 2084
20231114 2083
20231115 2084
20231116 2084
20231117 2083
20231118 2083
20231120 2084
20231121 2086
20231122 2086
