20230707 2750
20230709 2750
20230710 2751
20230711 2751
20230712 2751
20230714 2751
20230715 2750
20230716 2750
20230717 2751
20230718 2751
20230719 2750
20230720 2748
20230721 2745
20230722 2741
20230723 2739
20230724 2739
20230725 2739
20230726 2739
20230727 2739
20230728 2739
20230729 2739
20230730 2738
20230731 2737
20230801 2736
20230802 2735
20230803 2733
20230804 2733
20230805 2732
20230806 2732
20230807 2732
20230808 2733
20230809 2730
20230810 2730
20230811 2730
20230812 2730
20230813 2731
20230815 2731
20230816 2730
20230817 2729
20230818 2728
20230819 2728
20230820 2729
20230821 2728
20230822 2727
20230823 2727
20230824 2722
20230825 2719
20230826 2719
20230827 2719
20230828 2719
20230829 2719
20230830 2722
20230831 2721
20230901 2721
20230902 2721
20230903 2720
20230904 2719
20230905 2718
20230906 2717
20230907 2717
20230908 2718
20230909 2718
20230910 2716
20230911 2716
20230912 2716
20230913 2714
20230914 2713
20230915 2710
20230916 2709
20230917 2709
20230918 2709
20230919 2709
20230920 2709
20230921 2709
20230922 2708
20230923 2708
20230924 2707
20230925 2707
