20230707 28944
20230709 28976
20230710 28962
20230711 28954
20230712 28948
20230713 28913
20230714 28943
20230715 28904
20230716 28907
20230717 28881
20230718 28869
20230719 28901
20230720 28896
20230721 28870
20230722 28861
20230723 28855
20230724 28802
20230725 28772
20230726 28756
20230727 28727
20230728 28696
20230729 28633
20230730 28613
20230731 28585
20230801 28574
20230802 28596
20230803 28555
20230804 28534
20230805 28483
20230806 28486
20230807 28462
20230808 28500
20230809 28473
20230810 28443
20230811 28431
20230812 28427
20230813 28379
20230815 28337
20230816 28325
20230817 28283
20230818 28230
20230819 28221
20230820 28200
20230821 28167
