20230707 3
20230919 3
20230920 1
20250402 1
20250403 58
20250404 73
20250405 77
20250407 77
20250408 82
20250409 97
20250410 100
20250411 102
20250412 103
20250414 103
20250415 110
20250416 118
20250417 119
20250418 124
20250422 124
20250423 125
20250424 132
20250425 134
20250426 135
20250428 135
20250429 138
20250430 141
20250501 141
20250502 144
20250503 145
20250512 145
20250513 151
20250515 151
20250516 154
20250517 164
20250519 164
20250520 290
20250521 308
20250522 318
20250523 320
20250524 324
20250525 327
20250526 331
20250527 335
20250528 337
20250529 340
20250530 345
20250531 347
20250601 349
20250602 351
20250603 356
20250604 360
20250605 360
20250606 362
20250607 367
20250608 368
20250609 372
20250610 374
20250611 376
20250612 379
20250613 380
20250614 388
20250615 389
20250616 391
20250617 396
20250618 397
20250619 400
20250620 401
20250621 405
20250622 406
