20230707 26894
20230709 26885
20230710 26882
20230711 26887
20230712 26874
20230713 26862
20230714 26868
20230715 26857
20230716 26868
20230717 26857
20230718 26845
20230719 26814
20230720 26797
20230721 26789
20230722 26821
20230723 26810
20230724 26816
20230725 26826
20230726 26827
20230727 26817
20230728 26830
20230729 26846
20230730 26854
20230731 26850
20230801 26837
20230802 26842
20230803 26853
20230804 26849
20230805 26847
20230806 26833
20230807 26833
20230808 26825
20230809 26820
20230810 26829
20230811 26829
20230812 26814
20230813 26815
20230815 26809
20230816 26830
20230817 26834
20230818 26826
20230819 26822
20230820 26808
20230821 26792
20230822 26792
20230823 26771
20230824 26778
20230825 26782
20230826 26797
20230827 26791
20230828 26784
20230829 26802
20230830 26803
20230831 26814
20230901 26815
20230902 26819
20230903 26814
20230904 26812
20230905 26800
20230906 26802
20230907 26780
20230908 26783
20230909 26781
20230910 26771
20230911 26763
20230912 26762
20230913 26748
20230914 26740
20230915 26735
20230916 26730
20230917 26711
20230918 26699
20230919 26699
20230920 24279
20230921 24266
20230922 24268
20230923 24267
20230924 24260
