20230707 4914
20230709 4913
20230710 4913
20230711 4919
20230710 4913
20230712 4924
20230710 4913
20230713 4923
20230710 4913
20230714 4928
20230710 4913
20230715 4930
20230710 4913
20230716 4939
20230710 4913
20230717 4937
20230710 4913
20230718 4935
20230710 4913
20230719 4928
20230710 4913
20230720 4925
20230710 4913
20230721 4929
20230710 4913
20230722 4928
20230710 4913
20230723 4931
20230710 4913
20230724 4930
20230710 4913
20230725 4929
20230710 4913
20230726 4928
20230710 4913
20230727 4925
20230710 4913
20230728 4929
20230730 4929
20230731 4925
20230730 4929
20230801 4928
20230730 4929
20230802 4927
20230730 4929
20230803 4926
20230730 4929
20230804 4923
20230730 4929
20230805 4913
20230730 4929
20230806 4915
20230730 4929
20230807 4911
20230730 4929
20230808 4912
20230730 4929
20230809 4911
20230730 4929
20230810 4907
20230730 4929
20230811 4906
20230730 4929
20230812 4904
20230730 4929
20230813 4910
20230730 4929
20230815 4899
20230730 4929
20230816 4900
20230730 4929
20230817 4903
20230730 4929
20230818 4904
20230730 4929
20230819 4917
20230820 4917
20230821 4914
20230820 4917
20230822 4911
20230823 4911
20230824 4912
20230823 4911
20230825 4917
20230823 4911
20230826 4919
20230823 4911
20230827 4917
20230823 4911
20230828 4919
20230823 4911
20230829 4920
20230823 4911
20230830 4921
20230823 4911
20230831 4920
20230823 4911
20230901 4919
20230823 4911
20230902 4921
20230903 4921
20230904 4919
20230903 4921
20230905 4926
20230903 4921
20230906 4924
20230903 4921
20230907 4927
20230903 4921
20230908 4926
20230903 4921
20230909 4927
20230903 4921
20230910 4926
20230903 4921
20230911 4924
20230912 4924
20230913 4918
20230912 4924
20230914 4911
20230912 4924
20230915 4904
20230912 4924
20230916 4895
20230912 4924
20230917 4897
20230912 4924
20230918 4896
20230912 4924
20230919 4899
20230912 4924
20230920 3984
20230912 4924
20230921 3970
20230912 4924
20230922 3968
20230912 4924
20230923 3971
20230926 3971
20230927 3947
20230928 3947
20230929 3944
20230928 3947
20230930 3945
20230928 3947
20231001 3939
20230928 3947
20231002 3935
20230928 3947
20231003 3936
20230928 3947
20231005 3935
20230928 3947
20231007 3918
20230928 3947
20231008 3920
20230928 3947
20231009 3922
20230928 3947
20231010 3924
20230928 3947
20231011 3921
20230928 3947
20231012 3917
20230928 3947
20231013 3916
20231014 3916
20231015 3917
20231014 3916
20231016 3918
20231017 3918
20231018 3916
20231020 3916
20231021 3920
20231020 3916
20231022 3921
20231020 3916
20231023 3919
20231020 3916
20231024 3918
20231020 3916
20231025 3917
20231020 3916
20231026 3915
20231027 3916
20231028 3916
20231029 3914
20231028 3916
20231030 3910
20231028 3916
20231031 3908
20231028 3916
20231101 3906
20231028 3916
20231102 3905
20231103 3905
20231104 3907
20231103 3905
20231105 3906
20231106 3906
20231107 3905
20231106 3906
20231108 3903
20231106 3906
20231109 3904
20231106 3906
20231110 3905
20231106 3906
20231111 3899
20231115 3899
20231116 3901
20231115 3899
20231117 3897
20231115 3899
20231118 3892
20231115 3899
20231120 3893
20231115 3899
20231121 3896
20231115 3899
20231122 3894
20231115 3899
20231123 3891
20231115 3899
20231124 3856
20231115 3899
20231125 3855
20231115 3899
20231126 3852
20231115 3899
20231127 3850
20231115 3899
20231128 3849
20231115 3899
20231129 3848
20231115 3899
20231130 3845
20231115 3899
20231201 3842
20231204 3842
20231205 3841
20231204 3842
20231206 3843
20231204 3842
20231207 3845
20231209 3845
20231210 3862
20231212 3862
20231213 3883
20231212 3862
20231214 3889
20231212 3862
20231215 3892
20231212 3862
20231216 3893
20231217 3893
20231218 3889
20231217 3893
20231219 3890
20231220 3890
20231221 3888
20231220 3890
20231222 3885
20231220 3890
20231223 3884
20231220 3890
20231224 3878
20231220 3890
20231225 3880
20231226 3880
20231227 3882
20231226 3880
20231230 3883
20231226 3880
20231231 3882
20231226 3880
20240101 3884
20240102 3884
20240103 3889
20240104 3889
20240105 3891
20240104 3889
20240106 3893
20240104 3889
20240107 3892
20240104 3889
20240108 3891
20240104 3889
20240109 3885
20240104 3889
20240110 3884
20240104 3889
20240111 3885
20240112 3885
20240113 3884
20240112 3885
20240114 3883
20240112 3885
20240115 3879
20240112 3885
20240116 3875
20240112 3885
20240117 3870
20240112 3885
20240118 3871
20240112 3885
20240119 3870
20240112 3885
20240120 3868
20240112 3885
20240121 3872
20240122 3872
20240124 3874
20240122 3872
20240125 3875
20240130 3875
20240131 3876
20240201 3875
20240130 3875
20240202 3877
20240204 3877
20240205 3876
20240206 3876
20240207 3880
20240208 3880
20240209 3877
20240208 3880
20240210 3875
20240208 3880
20240211 3873
20240208 3880
20240212 3872
20240208 3880
20240213 3874
20240208 3880
20240214 3877
20240208 3880
20240215 3876
20240208 3880
20240216 3877
20240217 3880
20240208 3880
20240218 3883
20240219 3880
20240208 3880
20240220 3873
20240221 3873
20240222 3870
20240221 3873
20240223 3874
20240221 3873
20240224 3876
20240225 3876
20240226 3877
20240225 3876
20240227 3874
20240225 3876
20240228 3873
20240225 3876
20240229 3874
20240225 3876
20240301 3875
20240225 3876
20240302 3878
20240225 3876
20240303 3880
20240304 3880
20240305 3877
20240304 3880
20240306 3874
20240304 3880
20240307 3867
20240304 3880
20240308 3866
20240304 3880
20240309 3865
20240304 3880
20240310 3862
20240304 3880
20240311 3861
20240313 3861
20240314 3863
20240313 3861
20240315 3864
20240313 3861
20240316 3865
20240313 3861
20240317 3863
20240313 3861
20240318 3864
20240313 3861
20240319 3863
20240313 3861
20240320 3857
20240313 3861
20240321 3839
20240313 3861
20240322 3838
20240313 3861
20240323 3833
20240313 3861
20240324 3829
20240313 3861
20240325 3826
20240313 3861
20240326 3827
20240328 3827
20240329 3826
20240330 3827
20240328 3827
20240331 3833
20240328 3827
20240401 3870
20240328 3827
20240402 3865
20240328 3827
20240403 3863
20240328 3827
20240404 3862
20240328 3827
20240405 3861
20240328 3827
20240406 3859
20240328 3827
20240407 3864
20240328 3827
20240408 3863
20240328 3827
20240409 3876
20240328 3827
20240410 3865
20240328 3827
20240411 3856
20240328 3827
20240412 3849
20240328 3827
20240413 3851
20240328 3827
20240415 3849
20240328 3827
20240416 3848
20240417 3848
20240418 3845
20240417 3848
20240419 3841
20240417 3848
20240420 3842
20240417 3848
20240421 3839
20240417 3848
20240422 3837
20240423 3837
20240424 3835
20240423 3837
20240425 3833
20240426 3837
20240423 3837
20240427 3841
20240423 3837
20240428 3843
20240423 3837
20240429 3842
20240423 3837
20240430 3844
20240423 3837
20240501 3842
20240423 3837
20240503 3838
20240504 3838
20240505 3836
20240504 3838
20240506 3840
20240507 3840
20240508 3841
20240509 3841
20240510 3844
20240509 3841
20240511 3836
20240509 3841
20240512 3830
20240513 3830
20240514 3834
20240515 3834
20240516 3832
20240515 3834
20240517 3833
20240518 3833
20240519 3832
20240518 3833
20240520 3831
20240518 3833
20240521 3832
20240518 3833
20240522 3830
20240518 3833
20240523 3824
20240518 3833
20240524 3821
20240518 3833
20240525 3823
20240527 3823
20240528 3820
20240529 3820
20240530 3821
20240601 3821
20240602 3814
20240603 3814
20240604 3811
20240603 3814
20240605 3810
20240603 3814
20240606 3812
20240603 3814
20240609 3810
20240603 3814
20240611 3813
20240603 3814
20240612 3811
20240613 3811
20240614 3813
20240613 3811
20240615 3810
20240613 3811
20240616 3808
20240613 3811
20240617 3807
20240618 3807
20240620 3800
20240618 3807
20240621 3799
20240618 3807
20240622 3800
20240618 3807
20240623 3801
20240624 3801
20240626 3798
20240624 3801
20240627 3797
20240624 3801
20240628 3786
20240624 3801
20240629 3782
20240624 3801
20240630 3780
20240624 3801
20240701 3781
20240624 3801
20240702 3783
20240624 3801
20240703 3781
20240624 3801
20240704 3782
20240624 3801
20240705 3777
20240624 3801
20240706 3781
20240624 3801
20240707 3773
20240624 3801
20240708 3755
20240624 3801
20240709 3757
20240624 3801
20240710 3753
20240624 3801
20240711 3751
20240624 3801
20240712 3753
20240624 3801
20240713 3752
20240624 3801
20240714 3747
20240624 3801
20240715 3742
20240624 3801
20240716 3741
20240717 3741
20240718 3740
20240717 3741
20240719 3737
20240717 3741
20240720 3736
20240721 3736
20240722 3731
20240721 3736
20240723 3730
20240724 3730
20240725 3728
20240724 3730
20240726 3724
20240724 3730
20240727 3727
20240728 3727
20240729 3724
20240728 3727
20240730 3722
20240728 3727
20240731 3719
20240728 3727
20240801 3721
20240728 3727
20240802 3723
20240728 3727
20240803 3721
20240728 3727
20240804 3720
20240728 3727
20240805 3719
20240728 3727
20240806 3717
20240808 3717
20240809 3713
20240808 3717
20240810 3712
20240808 3717
20240811 3700
20240808 3717
20240812 3681
20240808 3717
20240813 3682
20240808 3717
20240814 3678
20240808 3717
20240815 3680
20240808 3717
20240816 3679
20240808 3717
20240817 3676
20240818 3676
20240819 3670
20240818 3676
20240820 3668
20240907 3668
20240908 3631
20240907 3668
20240909 3628
20240907 3668
20240910 3627
20240907 3668
20240911 3626
20240907 3668
20240912 3623
20240907 3668
20240913 3624
20240907 3668
20240914 3623
20240907 3668
20240915 3615
20240916 3615
20240917 3614
20240918 3615
20240916 3615
20240919 3617
20240916 3615
20240920 3610
20240916 3615
20240921 3606
20240916 3615
20240921 3607
20240916 3615
20240922 3606
20240916 3615
20240925 3578
20240916 3615
20240926 3573
20240926 3573
