20230707 126643
20230710 126619
20230711 126623
20230712 126649
20230713 126686
20230714 126689
20230715 126663
20230716 126644
20230717 126685
20230718 126745
20230719 126776
20230720 126796
20230721 126808
20230722 126804
20230723 126787
20230724 126795
20230725 126783
20230726 126809
20230727 126829
20230728 126819
20230729 126814
20230730 126785
20230731 126772
20230801 126793
20230802 126808
20230803 126837
20230804 126855
20230805 126834
20230806 126804
20230807 126781
20230808 126807
20230809 126829
20230810 126840
20230811 126862
20230812 126862
20230813 126844
20230815 126851
20230816 126832
20230817 126856
20230818 126855
20230819 126869
20230820 126842
20230821 126832
20230822 126872
20230823 126915
20230824 126952
20230825 126958
20230826 126974
20230827 126957
20230828 126945
20230829 126977
20230830 127010
20230831 127048
20230901 127109
20230902 127091
20230903 127068
20230904 127061
20230905 127183
20230906 127183
20230907 127236
20230909 127313
20230910 127281
20230911 127288
