20230707 14
20230709 14
20230710 14
20230711 14
20230712 14
20230714 14
20230715 14
20230716 14
20230717 14
20230718 14
20230719 14
20230720 14
20230721 14
20230722 14
20230723 14
20230724 14
20230725 14
20230726 14
20230727 14
20230728 14
20230729 14
20230730 14
20230731 14
20230801 14
20230802 14
20230803 15
20230804 15
20230805 15
20230806 15
20230807 15
20230808 15
20230809 15
20230810 15
20230811 15
20230812 15
20230813 15
20230815 15
20230816 15
20230817 15
20230818 15
20230819 15
20230820 15
20230821 15
20230822 15
20230823 15
20230824 15
20230825 15
20230826 15
20230827 15
20230828 15
20230829 15
20230830 15
20230831 15
20230901 15
20230902 15
