20230707 3347
20230710 3347
20230711 3347
20230712 3347
20230714 3347
20230715 3347
20230716 3347
20230717 3347
20230718 3347
20230719 3347
20230720 3347
20230721 3347
20230722 3347
20230723 3347
20230724 3347
20230725 3347
20230726 3347
20230727 3347
20230728 3347
20230729 3347
20230730 3347
20230731 3347
20230801 3347
20230802 3344
20230803 3344
20230804 3344
20230806 3344
20230807 3344
20230808 3344
20230810 3344
20230813 3344
20230815 3344
20230816 3344
20230817 3344
20230818 3344
20230819 3344
20230820 3344
20230821 3344
20230822 3344
20230823 3344
20230824 3344
20230825 3344
20230826 3344
20230827 3344
20230828 3344
20230829 3344
20230830 3344
20230831 3344
20230901 3344
20230902 3344
20230903 3344
20230904 3344
20230905 3344
20230906 3344
20230907 3332
20230908 3332
20230909 3332
20230910 3332
20230911 3332
20230912 3332
