19911007 2
19920901 3
19921207 5
19930108 8
19930205 11
19930302 12
19930402 14
19930506 16
19930616 23
19930705 27
19930824 29
19930903 32
19931001 37
19931112 41
19931201 45
19940105 49
19940202 58
19940306 61
19940412 75
19940503 85
19940602 101
19940701 110
19940805 115
19940902 120
19941003 127
19941110 135
19941201 146
19950105 157
19950202 163
19950301 187
19950407 194
19950503 200
19950612 212
19950703 215
19950808 265
19950904 270
19951002 282
19951101 298
19951207 307
19960102 320
19960201 348
19960301 375
19960401 403
19960506 433
19960603 497
19960704 542
19960802 563
19960902 593
19961001 606
19961104 683
19961202 777
19970102 831
19970204 931
19970303 998
19970408 1140
19970505 1258
19970604 1401
19970701 1543
19970804 1712
19970901 1809
19971001 2095
19971103 2320
19971202 2493
19980105 2609
19980202 2825
19980302 3014
19980401 3274
19980505 3501
19980603 3710
19980702 3884
19980804 4126
19980901 4268
19981001 4509
19981102 4748
19981201 5034
19990104 5239
19990201 5563
19990301 5886
19990401 6348
19990503 6713
19990601 7040
19990701 7366
19990802 7722
19990901 8013
19991001 8512
19991101 8935
19991201 9425
20000101 9761
20000201 10544
20000301 12481
20000401 11077
20000501 15492
20000601 17847
20000701 19788
20000801 21236
20000901 22731
20001001 24295
20001101 26056
20001201 27748
20010101 29819
20010201 31728
20010301 33703
20010401 35954
20010502 38069
20010601 40038
20010702 41871
20010801 43867
20010901 45657
20011002 47244
20011101 48803
20011201 50702
20020101 52497
20020201 53836
20020301 55717
20020401 57487
20020501 58787
20020601 60047
20020701 61050
20020801 62699
20020901 63975
20021001 65239
20021101 66891
20021201 68719
20030101 70895
20030201 71897
20030301 73910
20030401 76123
20030501 78156
20030601 79712
20030701 81181
20030801 83023
20030901 84717
20031001 86154
20031101 88713
20031201 90857
20040101 93590
20040201 95495
20040301 98594
20040401 103087
20040501 106771
20040601 113528
20040701 121022
20040801 124641
20040901 127912
20041001 131142
20041101 135117
20041201 139487
20050101 143648
20050201 146867
20050301 151418
20050401 156952
20050501 162003
20050601 167085
20050701 171961
20050801 175384
20050901 179280
20051001 183958
20051101 188904
20051201 194609
20060101 200120
20060201 204925
20060301 211475
20060401 218750
20060501 225980
20060601 231641
20060701 236521
20060801 240866
20060901 245560
20061001 249964
20061101 254314
20061201 259698
20070101 266015
20070201 271136
20070301 278163
20070401 285116
20070501 291532
20070601 297623
20070701 302807
20070801 307852
20070901 312635
20071001 317141
20071101 323978
20071201 330536
20080101 337137
20080201 342916
20080301 350471
20080401 358768
20080501 365744
20080601 371658
20080701 377576
20080801 383718
20080901 388397
20081001 393081
20081101 398848
20081201 404789
20090101 411472
20090201 416263
20090301 423009
20090401 432323
20090501 439787
20090601 445023
20090701 450985
20090801 456013
20090901 460079
20091001 463709
20091101 469948
20091201 476757
20100101 483501
20100201 487116
20100301 494211
20100401 502912
20100501 508883
20100601 514118
20100701 518019
20100801 520867
20100901 525559
20101001 530007
20101101 535265
20101201 540961
20110101 547387
20110201 551282
20110301 557367
20110401 564696
20110501 570668
20110601 574448
20110701 581278
20110801 583206
20110901 587019
20111001 590288
20111101 592909
20111201 598056
20120101 601244
20120201 606912
20120301 611546
20120401 614561
20120501 618046
20120601 620179
20120701 621040
20120801 621402
20120901 621050
20121001 621929
20121101 623995
20121201 625701
20130101 625797
20130201 628470
20130301 631431
20130401 631189
20130501 634081
20130601 634836
20130701 635149
20130801 635148
20130901 634438
20131001 634846
20131101 636101
20131201 637544
20140101 637727
20140201 639747
20140301 643261
20140401 645422
20140501 647182
20140601 647771
20140701 647621
20140801 647197
20140901 646790
20141001 646603
20141101 647607
20141101 655382
20141102 655294
20141103 655473
20141104 655472
20141105 655717
20141106 655325
20141107 655387
20141108 655231
20141109 655045
20141110 655527
20141111 655682
20141112 655971
20141113 656136
20141114 656254
20141115 656105
20141116 655977
20141117 656038
20141118 656171
20141119 656364
20141120 655340
20141121 655496
20141122 655349
20141123 655126
20141124 655178
20141125 655411
20141126 655582
20141127 655559
20141128 655636
20141129 655423
20141130 655245
20141201 655391
20141202 655605
20141203 655666
20141204 655876
20141205 655890
20141206 655629
20141207 655508
20141208 655668
20141209 655760
20141210 655964
20141211 656019
20141212 656090
20141213 656085
20141214 655923
20141215 655968
20141216 655890
20141217 656079
20141218 656074
20141219 656064
20141220 655864
20141221 655733
20141222 655911
20141223 656052
20141224 656012
20141225 656023
20141226 655906
20141227 655818
20141228 655876
20141229 656034
20141230 656183
20141231 656282
20150101 656185
20150102 656068
20150103 656004
20150104 655821
20150105 655501
20150106 655871
20150107 656175
20150108 656392
20150109 656643
20150110 656590
20150111 656434
20150112 656622
20150113 656877
20150114 657055
20150115 657224
20150116 657266
20150117 657098
20150118 656945
20150119 656913
20150120 656982
20150121 657005
20150122 657403
20150123 657601
20150124 657362
20150125 657238
20150126 657478
20150127 657624
20150128 657947
20150129 658053
20150130 658130
20150131 658003
20150201 657765
20150202 657994
20150203 658235
20150204 658466
20150205 658485
20150206 658750
20150207 658602
20150208 658443
20150209 658619
20150210 658984
20150211 659128
20150212 659286
20150213 659488
20150214 659283
20150215 659281
20150216 659554
20150217 659822
20150218 660042
20150219 660150
20150220 660261
20150221 660076
20150222 659708
20150223 659952
20150224 660161
20150225 660250
20150226 660167
20150227 660372
20150228 660155
20150301 660009
20150302 660331
20150303 660334
20150304 660548
20150305 660719
20150306 660735
20150307 660593
20150308 660422
20150309 660667
20150310 660699
20150311 660839
20150312 661147
20150313 661128
20150314 660936
20150315 660888
20150316 661116
20150317 661263
20150318 661384
20150319 661358
20150320 661592
20150321 661348
20150322 661117
20150323 661319
20150324 661608
20150325 661716
20150326 661914
20150327 662043
20150328 661864
20150329 661615
20150330 661883
20150331 662176
20150401 662247
20150402 662473
20150403 662588
20150404 662479
20150405 662179
20150406 661980
20150407 662114
20150408 662205
20150409 662420
20150410 662466
20150411 662291
20150412 662102
20150413 662223
20150414 662461
20150415 662623
20150416 662654
20150417 662705
20150418 662519
20150419 662438
20150420 662463
20150421 662605
20150422 662602
20150423 662810
20150424 663054
20150425 662810
20150426 662639
20150427 662633
20150428 662775
20150429 662985
20150430 663215
20150501 663105
20150502 662987
20150503 662844
20150504 662930
20150505 663095
20150506 663083
20150507 663198
20150508 663249
20150509 663056
20150510 662945
20150511 663156
20150512 663315
20150513 663591
20150514 663686
20150515 663828
20150516 663761
20150517 663587
20150518 663046
20150519 663394
20150520 663486
20150521 663776
20150522 664102
20150523 663908
20150524 663658
20150525 663532
20150526 663715
20150527 663860
20150528 663920
20150529 663999
20150530 663841
20150531 663565
20150601 663970
20150602 664164
20150603 664356
20150604 664438
20150605 664618
20150606 664405
20150607 664287
20150608 664519
20150609 664576
20150610 664713
20150611 664828
20150612 664933
20150613 664789
20150614 664605
20150615 664749
20150616 664948
20150617 665082
20150618 665062
20150619 665143
20150620 664937
20150621 664806
20150622 664865
20150623 665212
20150624 665143
20150625 665421
20150626 665342
20150627 665196
20150628 665052
20150629 665310
20150630 665527
20150701 665551
20150702 665782
20150703 665794
20150704 665622
20150705 665532
20150706 665647
20150707 665680
20150708 665811
20150709 666105
20150710 666292
20150711 666077
20150712 665913
20150713 666100
20150714 666133
20150715 666429
20150716 666529
20150717 666574
20150718 666405
20150719 666242
20150720 666438
20150721 666575
20150722 666685
20150723 666818
20150724 666717
20150725 666547
20150726 666469
20150727 666676
20150728 666798
20150729 666969
20150730 667051
20150731 667098
20150801 666947
20150802 666835
20150803 666924
20150804 667237
20150805 667255
20150806 667482
20150807 667566
20150808 667529
20150809 667374
20150810 667424
20150811 667633
20150812 667776
20150813 667985
20150814 668019
20150815 667872
20150816 667750
20150817 667882
20150818 667980
20150819 668173
20150820 668210
20150821 668056
20150822 667857
20150823 667791
20150824 667850
20150825 668110
20150826 668323
20150827 668469
20150828 668484
20150829 668369
20150830 668190
20150831 668384
20150901 668529
20150902 668730
20150903 669184
20150904 669326
20150905 669175
20150906 668997
20150907 669167
20150908 669426
20150909 669709
20150910 669912
20150911 670085
20150912 669909
20150913 669810
20150914 669875
20150915 669902
20150916 670221
20150917 670406
20150918 670379
20150919 670216
20150920 670019
20150921 670201
20150922 670406
20150923 670496
20150924 670789
20150925 670963
20150926 670783
20150927 670719
20150928 670899
20150929 670912
20150930 671123
20151001 671220
20151002 671213
20151003 671131
20151004 670979
20151005 671140
20151006 671479
20151007 671580
20151008 671779
20151009 671841
20151010 671753
20151011 671605
20151012 671958
20151013 672115
20151014 672196
20151015 672478
20151016 672689
20151017 672434
20151018 672401
20151019 672381
20151020 672511
20151021 672680
20151022 673128
20151023 673008
20151024 672822
20151025 672711
20151026 672868
20151027 673051
20151028 673410
20151029 673595
20151030 673518
20151031 673543
20151101 673512
20151102 673762
20151103 673975
20151104 674071
20151105 674264
20151106 674415
20151107 674267
20151108 674114
20151109 674404
20151110 674573
20151111 674788
20151112 674897
20151113 675073
20151114 674983
20151115 674876
20151116 675087
20151117 675204
20151118 675396
20151119 675541
20151120 675601
20151121 675383
20151122 675207
20151123 675402
20151124 675454
20151125 675503
20151126 675718
20151127 675777
20151128 675597
20151129 675474
20151130 675460
20151201 675764
20151202 675855
20151203 676066
20151204 676178
20151205 676070
20151206 676020
20151207 676069
20151208 676149
20151209 676286
20151210 676352
20151211 676550
20151212 676498
20151213 676371
20151214 676475
20151215 676375
20151216 676704
20151217 676844
20151218 676930
20151219 676794
20151220 676674
20151221 676748
20151222 676865
20151223 676989
20151224 676970
20151225 676809
20151226 676790
20151227 676761
20151228 676822
20151229 676843
20151230 676755
20151231 676760
20160101 676369
20160102 676161
20160103 675886
20160104 675976
20160105 676511
20160106 676548
20160107 676688
20160108 676914
20160109 676830
20160110 676722
20160111 676879
20160112 677389
20160113 677599
20160114 677787
20160115 678041
20160116 677919
20160117 677784
20160118 677906
20160119 678163
20160120 678587
20160121 678811
20160122 678980
20160123 678878
20160124 678708
20160125 678948
20160126 679242
20160127 679396
20160128 679520
20160129 679492
20160130 679492
20160131 679336
20160201 679339
20160202 679586
20160203 679844
20160204 679901
20160205 680136
20160206 679849
20160207 679712
20160208 679941
20160209 680185
20160210 680482
20160211 680630
20160212 680835
20160213 680753
20160214 680597
20160215 680962
20160216 681246
20160217 681381
20160218 681569
20160219 681895
20160220 681654
20160221 681487
20160222 681844
20160223 682078
20160224 682366
20160225 682477
20160226 682523
20160227 682351
20160228 682189
20160229 682487
20160301 682812
20160302 683171
20160303 683432
20160304 683578
20160305 683479
20160306 683273
20160307 683320
20160308 683670
20160309 683967
20160310 684165
20160311 684225
20160312 684094
20160313 683905
20160314 683811
20160315 683679
20160316 683934
20160317 684170
20160318 684241
20160319 684024
20160320 683764
20160321 684026
20160322 684180
20160323 684404
20160324 684432
20160325 684515
20160326 684399
20160327 684167
20160328 684039
20160329 684247
20160330 684469
20160331 684589
20160401 684645
20160402 684443
20160403 684250
20160404 684482
20160405 684507
20160406 684927
20160407 685133
20160408 685104
20160409 684969
20160410 684817
20160411 684893
20160412 685393
20160413 685545
20160414 685766
20160415 685795
20160416 685726
20160417 685556
20160418 685694
20160419 685944
20160420 686195
20160421 686446
20160422 686520
20160423 686320
20160424 686246
20160425 686236
20160426 686442
20160427 686678
20160428 686798
20160429 686912
20160430 686866
20160501 686782
20160502 687079
20160503 687210
20160504 687391
20160505 687512
20160506 687588
20160507 687394
20160508 687176
20160509 687118
20160510 687261
20160511 687428
20160512 687667
20160513 687727
20160514 687528
20160515 687358
20160516 687211
20160517 687334
20160518 687739
20160519 687742
20160520 687904
20160521 687737
20160522 687554
20160523 687724
20160524 687962
20160525 688165
20160526 688337
20160527 688352
20160528 688148
20160529 688104
20160530 688181
20160531 688364
20160601 688469
20160602 688694
20160603 688798
20160604 688569
20160605 688323
20160606 688422
20160607 688639
20160608 688907
20160609 689110
20160610 689269
20160611 689043
20160612 688846
20160613 688979
20160614 689236
20160615 689556
20160616 689593
20160617 689588
20160618 689393
20160619 689223
20160620 689480
20160621 689582
20160622 689849
20160623 689959
20160624 690040
20160625 689893
20160626 689585
20160627 689651
20160628 689843
20160629 689936
20160630 689994
20160701 690080
20160702 689911
20160703 689724
20160704 689913
20160705 689966
20160706 690258
20160707 690262
20160708 690441
20160709 690305
20160710 690058
20160711 690259
20160712 690414
20160713 690617
20160714 690688
20160715 690723
20160716 690597
20160717 690346
20160718 690523
20160719 690651
20160720 690982
20160721 691121
20160722 691161
20160723 690972
20160724 690751
20160725 690980
20160726 691142
20160727 691258
20160728 691415
20160729 691518
20160730 691398
20160731 691185
20160801 691311
20160802 691474
20160803 691583
20160804 691764
20160805 691858
20160806 691701
20160807 691483
20160808 691472
20160809 691677
20160810 691827
20160811 691930
20160812 692065
20160813 691934
20160814 691761
20160815 691842
20160816 692022
20160817 692156
20160818 692299
20160819 692356
20160820 692328
20160821 692210
20160822 692359
20160823 692463
20160824 692707
20160825 692857
20160826 692899
20160827 692743
20160828 692536
20160829 692664
20160830 692835
20160831 693009
20160901 693070
20160902 693113
20160903 692921
20160904 692731
20160905 692872
20160906 692821
20160907 693190
20160908 693456
20160909 693520
20160910 693364
20160911 693126
20160912 693336
20160913 693591
20160914 693765
20160915 693833
20160916 693983
20160917 693748
20160918 693642
20160919 693720
20160920 693843
20160921 694044
20160922 694342
20160923 694381
20160924 694226
20160925 694064
20160926 694185
20160927 694064
20160928 694256
20160929 694486
20160930 694536
20161001 694397
20161002 694180
20161003 694402
20161004 694603
20161005 694859
20161006 694989
20161007 695077
20161008 694875
20161009 694724
20161010 694984
20161011 695276
20161012 695468
20161013 695701
20161014 695828
20161015 695751
20161016 695557
20161017 695712
20161018 695902
20161019 696123
20161020 696328
20161021 696462
20161022 696308
20161023 696211
20161024 696489
20161025 696701
20161026 696922
20161027 697017
20161028 697102
20161029 696923
20161030 696813
20161031 696648
20161101 696570
20161102 697022
20161103 697069
20161104 697176
20161105 696877
20161106 696770
20161107 696990
20161108 697267
20161109 697497
20161110 697541
20161111 697577
20161112 697479
20161113 697338
20161114 697568
20161115 697833
20161116 698138
20161117 698260
20161118 698384
20161119 698178
20161120 698053
20161121 698251
20161122 698476
20161123 698755
20161124 698900
20161125 698955
20161126 698749
20161127 698532
20161128 698862
20161129 699070
20161130 699270
20161201 699483
20161202 699573
20161203 699370
20161204 699152
20161205 699182
20161206 699461
20161207 699744
20161208 699921
20161209 700014
20161210 699832
20161211 699651
20161212 699853
20161213 700069
20161214 700351
20161215 700489
20161216 700570
20161217 700483
20161218 700350
20161219 700379
20161220 700338
20161221 700531
20161222 700602
20161223 700609
20161224 700578
20161225 700465
20161226 700392
20161227 700318
20161228 700158
20161229 700138
20161230 700070
20161231 699699
20170101 699608
20170102 699393
20170103 699457
20170104 699743
20170105 699939
20170106 699908
20170107 699706
20170108 699583
20170109 699742
20170110 700008
20170111 700228
20170112 700392
20170113 700605
20170114 700432
20170115 700288
20170116 700474
20170117 700806
20170118 701107
20170119 701395
20170120 701535
20170121 701362
20170122 701107
20170123 701200
20170124 701466
20170125 701715
20170126 701904
20170127 701997
20170128 701781
20170129 701589
20170130 701672
20170131 701855
20170201 702114
20170202 702299
20170203 702424
20170204 702300
20170205 702131
20170206 702269
20170207 702471
20170208 702773
20170209 702923
20170210 703031
20170211 702834
20170212 702631
20170213 702958
20170214 703237
20170215 703441
20170216 703792
20170217 703879
20170218 703585
20170219 703391
20170220 703641
20170221 703928
20170222 704198
20170223 704369
20170224 704391
20170225 704119
20170226 703898
20170227 704047
20170228 704217
20170301 704329
20170302 704541
20170303 704778
20170304 704552
20170305 704345
20170306 704469
20170307 704783
20170308 705047
20170309 705121
20170310 705307
20170311 705064
20170312 704870
20170313 705028
20170314 705300
20170315 705295
20170316 705528
20170317 705655
20170318 705538
20170319 705221
20170320 705315
20170321 705641
20170322 705863
20170323 705964
20170324 706178
20170325 705952
20170326 705780
20170327 705953
20170328 706110
20170329 706408
20170330 706478
20170331 706480
20170401 706289
20170402 706059
20170403 706102
20170404 706029
20170405 706337
20170406 706497
20170407 706518
20170408 706294
20170409 706051
20170410 706193
20170411 706354
20170412 706597
20170413 706733
20170414 706553
20170415 706293
20170416 706110
20170417 705765
20170418 705975
20170419 706252
20170420 706577
20170421 706731
20170422 706643
20170423 706505
20170424 706740
20170425 706745
20170426 706905
20170427 707037
20170428 707175
20170429 706956
20170430 706817
20170501 706695
20170502 706823
20170503 707119
20170504 707338
20170505 707436
20170506 707253
20170507 707043
20170508 707226
20170509 707259
20170510 707449
20170511 707596
20170512 707661
20170513 707451
20170514 707336
20170515 707448
20170516 707717
20170517 707980
20170518 708065
20170519 708115
20170520 707925
20170521 707625
20170522 707685
20170523 707838
20170524 708107
20170525 708215
20170526 708255
20170527 708058
20170528 707863
20170529 707909
20170530 708258
20170531 708416
20170601 708481
20170602 708613
20170603 708446
20170604 708201
20170605 707984
20170606 708170
20170607 708392
20170608 708573
20170609 708695
20170610 708538
20170611 708378
20170612 708499
20170613 708647
20170614 708896
20170615 709096
20170616 709207
20170617 709082
20170618 708887
20170619 708928
20170620 709144
20170621 709310
20170622 709463
20170623 709536
20170624 709424
20170625 709260
20170626 709413
20170627 709605
20170628 709801
20170629 709781
20170630 709799
20170701 709656
20170702 709486
20170703 709664
20170704 709821
20170705 709963
20170706 710109
20170707 710382
20170708 710188
20170709 709992
20170710 710055
20170711 710189
20170712 710362
20170713 710499
20170714 710592
20170715 710414
20170716 710232
20170717 710348
20170718 710442
20170719 710522
20170720 710556
20170721 710704
20170722 710561
20170723 710388
20170724 710531
20170725 710668
20170726 710859
20170727 710973
20170728 711127
20170729 710959
20170730 710794
20170731 710812
20170801 711034
20170802 711197
20170803 711303
20170804 711310
20170805 711102
20170806 710982
20170807 711086
20170808 711284
20170809 711511
20170810 711720
20170811 711788
20170812 711627
20170813 711474
20170814 711602
20170815 711800
20170816 712030
20170817 712159
20170818 712253
20170819 712082
20170820 711996
20170821 712181
20170822 712386
20170823 712449
20170824 712571
20170825 712647
20170826 712491
20170827 712310
20170828 712397
20170829 712598
20170830 712772
20170831 712893
20170901 712926
20170902 712795
20170903 712677
20170904 712840
20170905 713096
20170906 713310
20170907 713524
20170908 713592
20170909 713428
20170910 713287
20170911 713480
20170912 713677
20170913 713935
20170914 714110
20170915 714214
20170916 713981
20170917 713824
20170918 714041
20170919 714123
20170920 714395
20170921 714604
20170922 714864
20170923 714705
20170924 714578
20170925 714696
20170926 714888
20170927 715145
20170928 715358
20170929 715518
20170930 715398
20171001 715257
20171002 715349
20171003 715686
20171004 715961
20171005 716148
20171006 716362
20171007 716111
20171008 715963
20171009 716149
20171010 716414
20171011 716625
20171012 716824
20171013 717011
20171014 716786
20171015 716635
20171016 716761
20171017 717009
20171018 717228
20171019 717483
20171020 717637
20171021 717524
20171022 717344
20171023 717330
20171024 717579
20171025 717760
20171026 717892
20171027 718001
20171028 717862
20171029 717704
20171030 717771
20171031 717904
20171101 717877
20171102 718065
20171103 718028
20171104 717874
20171105 717659
20171106 717839
20171107 718069
20171108 718358
20171109 718604
20171110 718781
20171111 718625
20171112 718426
20171113 718684
20171114 718864
20171115 719131
20171116 719350
20171117 719469
20171118 719211
20171119 718907
20171120 718985
20171121 719140
20171122 719317
20171123 719496
20171124 719633
20171125 719518
20171126 719367
20171127 719618
20171128 719809
20171129 719986
20171130 720243
20171201 720256
20171202 720162
20171203 719959
20171204 720081
20171205 720242
20171206 720460
20171207 720597
20171208 720713
20171209 720529
20171210 720376
20171211 720567
20171212 720510
20171213 720747
20171214 720938
20171215 720968
20171216 720909
20171217 720800
20171218 720847
20171219 720905
20171220 721151
20171221 721217
20171222 721270
20171223 721213
20171224 721160
20171225 721113
20171226 721064
20171227 721219
20171228 721359
20171229 721416
20171230 721343
20171231 721217
20180101 721119
20180102 721250
20180103 721409
20180104 721563
20180105 721788
20180106 721621
20180107 721484
20180108 721741
20180109 721969
20180110 722372
20180111 722579
20180112 722721
20180113 722534
20180114 722374
20180115 722676
20180116 722840
20180117 723164
20180118 723487
20180119 723625
20180120 723356
20180121 723181
20180122 723362
20180123 723514
20180124 723871
20180125 724124
20180126 724418
20180127 724226
20180128 724073
20180129 724225
20180130 724487
20180131 724646
20180201 724922
20180202 725115
20180203 724934
20180204 724816
20180205 724897
20180206 725156
20180207 725385
20180208 725532
20180209 725741
20180210 725602
20180211 725444
20180212 725734
20180213 725895
20180214 726155
20180215 726334
20180216 726484
20180217 726273
20180218 726074
20180219 726287
20180220 726438
20180221 726419
20180222 726150
20180223 726377
20180224 726195
20180225 726031
20180226 726133
20180227 726289
20180228 726431
20180301 726528
20180302 726594
20180303 726530
20180304 726381
20180305 726467
20180306 726529
20180307 726733
20180308 726858
20180309 726994
20180310 726949
20180311 726819
20180312 726934
20180313 727181
20180314 727504
20180315 727446
20180316 727262
20180317 727030
20180318 726860
20180319 726954
20180320 727099
20180321 727300
20180322 727547
20180323 727624
20180324 727491
20180325 727317
20180326 727483
20180327 727642
20180328 727936
20180329 728057
20180330 727939
20180331 727736
20180401 727588
20180402 727457
20180403 727539
20180404 727710
20180405 727789
20180406 727937
20180407 727749
20180408 727577
20180409 727713
20180410 727846
20180411 727959
20180412 728052
20180413 728106
20180414 727909
20180415 727540
20180416 727636
20180417 727780
20180418 727864
20180419 728039
20180420 728089
20180421 727934
20180422 727701
20180423 727697
20180424 727827
20180425 727909
20180426 728116
20180427 728261
20180428 728106
20180429 727912
20180430 727809
20180501 727754
20180502 727783
20180503 727847
20180504 727982
20180505 727798
20180506 727562
20180507 727716
20180508 727889
20180509 727979
20180510 728153
20180511 728244
20180512 728047
20180513 727887
20180514 728020
20180515 728379
20180516 728530
20180517 728669
20180518 728796
20180519 728632
20180520 728432
20180521 728317
20180522 728406
20180523 728509
20180524 728644
20180525 728797
20180526 728579
20180527 728471
20180528 728632
20180529 728870
20180530 729039
20180531 729197
20180601 729283
20180602 729137
20180603 728990
20180604 729166
20180605 729026
20180606 729050
20180607 729153
20180608 729199
20180609 728954
20180610 728787
20180611 728918
20180612 729028
20180613 729189
20180614 729354
20180615 729388
20180616 729297
20180617 729132
20180618 729291
20180619 729374
20180620 729448
20180621 729587
20180622 729770
20180623 729618
20180624 729543
20180625 729738
20180626 729743
20180627 729857
20180628 730034
20180629 730171
20180630 730048
20180701 729931
20180702 730016
20180703 730089
20180704 730226
20180705 730368
20180706 730504
20180707 730360
20180708 730164
20180709 730413
20180710 730597
20180711 730817
20180712 730922
20180713 730920
20180714 730685
20180715 730490
20180716 730660
20180717 730863
20180718 730956
20180719 731043
20180720 731045
20180721 730865
20180722 730684
20180723 730931
20180724 731140
20180725 731256
20180726 731402
20180727 731511
20180728 731345
20180729 731191
20180730 731306
20180731 731490
20180801 731542
20180802 731670
20180803 731873
20180804 731708
20180805 731575
20180806 731670
20180807 731849
20180808 731948
20180809 732146
20180810 732214
20180811 732044
20180812 731921
20180813 732086
20180814 732236
20180815 732353
20180816 732453
20180817 732515
20180818 732339
20180819 732187
20180820 732151
20180821 732428
20180822 732615
20180823 732767
20180824 732883
20180825 732724
20180826 732543
20180827 732684
20180828 732865
20180829 732987
20180830 733117
20180831 733293
20180901 733184
20180902 733073
20180903 733206
20180904 733550
20180905 733677
20180906 733875
20180907 733955
20180908 733816
20180909 733714
20180910 733972
20180911 734081
20180912 734151
20180913 734285
20180914 734432
20180915 734297
20180916 734162
20180917 734324
20180918 734466
20180919 734660
20180920 734823
20180921 734864
20180922 734607
20180923 734480
20180924 734695
20180925 734893
20180926 734860
20180927 734890
20180928 734980
20180929 734807
20180930 734631
20181001 734765
20181002 734942
20181003 735025
20181004 735202
20181005 735333
20181006 735176
20181007 735044
20181008 735240
20181009 735471
20181010 735745
20181011 735863
20181012 736040
20181013 736061
20181014 735927
20181015 736089
20181016 736218
20181017 736239
20181018 736341
20181019 736393
20181020 736324
20181021 736148
20181022 736031
20181023 736066
20181024 736313
20181025 736465
20181026 736581
20181027 736360
20181028 736246
20181029 736349
20181030 736577
20181031 736729
20181101 736758
20181102 736596
20181103 736362
20181104 736160
20181105 736516
20181106 736744
20181107 736931
20181108 737109
20181109 737232
20181110 737145
20181111 737001
20181112 737251
20181113 737461
20181114 737647
20181115 737916
20181116 737852
20181117 737680
20181118 737551
20181119 737816
20181120 737944
20181121 738012
20181122 738147
20181123 738477
20181124 738411
20181125 738244
20181126 738480
20181127 738602
20181128 738732
20181129 738835
20181130 738960
20181201 738943
20181202 738765
20181203 738947
20181204 739108
20181205 739289
20181206 739399
20181207 739441
20181208 739298
20181209 739127
20181210 739365
20181211 739559
20181212 739583
20181213 739638
20181214 739703
20181215 739511
20181216 739366
20181217 739481
20181218 739589
20181219 739686
20181220 739688
20181221 739816
20181222 739637
20181223 739522
20181224 739475
20181225 739408
20181226 739329
20181227 739421
20181228 739393
20181229 739273
20181230 739160
20181231 739048
20190101 738986
20190102 739314
20190103 739328
20190104 739571
20190105 739414
20190106 739294
20190107 739634
20190108 739879
20190109 740041
20190110 740222
20190111 740404
20190112 740267
20190113 740117
20190114 740433
20190115 740766
20190116 740948
20190117 741254
20190118 741354
20190119 741165
20190120 740986
20190121 741356
20190122 741597
20190123 741847
20190124 742083
20190125 742140
20190126 741972
20190127 741797
20190128 742080
20190129 742292
20190130 742492
20190131 742600
20190201 742811
20190202 742677
20190203 742553
20190204 742784
20190205 743037
20190206 743374
20190207 743566
20190208 743664
20190209 743662
20190210 743484
20190211 743788
20190212 743821
20190213 743951
20190214 744098
20190215 744251
20190216 744099
20190217 743849
20190218 744149
20190219 744341
20190220 744645
20190221 744854
20190222 744927
20190223 744764
20190224 744626
20190225 744907
20190226 745322
20190227 745465
20190228 745495
20190301 745569
20190302 745404
20190303 745213
20190304 745537
20190305 745437
20190306 745620
20190307 745810
20190308 745872
20190309 745643
20190310 745438
20190311 745725
20190312 745940
20190313 746229
20190314 746463
20190315 746364
20190316 746232
20190317 746057
20190318 746302
20190319 746578
20190320 746739
20190321 746847
20190322 746956
20190323 746762
20190324 746503
20190325 746765
20190326 746938
20190327 747147
20190328 747275
20190329 747410
20190330 747329
20190331 747172
20190401 747149
20190402 747361
20190403 747339
20190404 747441
20190405 747718
20190406 747537
20190407 747328
20190408 747551
20190409 747759
20190410 747969
20190411 748161
20190412 748328
20190413 748116
20190414 747952
20190415 748184
20190416 748366
20190417 748390
20190418 748511
20190419 748379
20190420 748115
20190421 747882
20190422 747664
20190423 747891
20190424 748022
20190425 748187
20190426 748333
20190427 748144
20190428 747924
20190429 748206
20190430 748431
20190501 748423
20190502 748626
20190503 748614
20190504 748387
20190505 748243
20190506 748531
20190507 748788
20190508 748904
20190509 749032
20190510 749176
20190511 748946
20190512 748787
20190513 748981
20190514 749192
20190515 749338
20190516 749500
20190517 749610
20190518 749296
20190519 748893
20190520 749224
20190521 749389
20190522 749519
20190523 749726
20190524 749794
20190525 749716
20190526 749510
20190527 749764
20190528 749971
20190529 750111
20190530 750293
20190531 750331
20190601 750189
20190602 750062
20190603 750350
20190604 750542
20190605 750639
20190606 750756
20190607 750922
20190608 750833
20190609 750661
20190610 750463
20190611 750602
20190612 750778
20190613 750979
20190614 751034
20190615 750842
20190616 750726
20190617 750772
20190618 750842
20190619 751017
20190620 751160
20190621 751330
20190622 751164
20190623 751074
20190624 751308
20190625 751438
20190626 751559
20190627 751645
20190628 751707
20190629 751497
20190630 751416
20190701 751619
20190702 751799
20190703 751976
20190704 752070
20190705 752137
20190706 751929
20190707 751786
20190708 751818
20190709 752000
20190710 752205
20190711 752362
20190712 752439
20190713 752127
20190714 751968
20190715 752106
20190716 752227
20190717 752390
20190718 752507
20190719 752581
20190720 752497
20190721 752373
20190722 752572
20190723 752857
20190724 752883
20190725 753061
20190726 753215
20190727 753081
20190728 752981
20190729 753100
20190730 753302
20190731 753270
20190801 753397
20190802 753481
20190803 753325
20190804 753188
20190805 753414
20190806 753628
20190807 753851
20190808 754110
20190809 754214
20190810 754181
20190811 754099
20190812 754241
20190813 754406
20190814 754563
20190815 754663
20190816 754736
20190817 754656
20190818 754533
20190819 754431
20190820 754395
20190821 754565
20190822 754637
20190823 754795
20190824 754633
20190825 754582
20190826 754787
20190827 755041
20190828 755191
20190829 755284
20190830 755392
20190831 755366
20190901 755234
20190902 755406
20190903 755559
20190904 755684
20190905 755841
20190906 755895
20190907 755772
20190908 755675
20190909 755999
20190910 756265
20190911 756439
20190912 756694
20190913 756853
20190914 756746
20190915 756569
20190916 756798
20190917 757005
20190918 757157
20190919 757317
20190920 757332
20190921 757211
20190922 757022
20190923 757239
20190924 757395
20190925 757539
20190926 757689
20190927 757884
20190928 757795
20190929 757687
20190930 757796
20191001 758005
20191002 758210
20191003 758416
20191004 758586
20191005 758508
20191006 758337
20191007 758518
20191008 758782
20191009 758891
20191010 759015
20191011 759166
20191012 758950
20191013 758761
20191014 759005
20191015 759143
20191016 759276
20191017 759497
20191018 759517
20191019 759306
20191020 759174
20191021 759212
20191022 759549
20191023 759522
20191024 759558
20191025 759721
20191026 759568
20191027 759393
20191028 759708
20191029 759864
20191030 760006
20191031 760161
20191101 760055
20191102 759940
20191103 759852
20191104 760059
20191105 760253
20191106 760434
20191107 760535
20191108 760631
20191109 760022
20191110 759906
20191111 760176
20191112 760436
20191113 760595
20191114 760770
20191115 760965
20191116 760810
20191117 760702
20191118 760749
20191119 760899
20191120 761046
20191121 761191
20191122 761378
20191123 761274
20191124 761177
20191125 761377
20191126 761563
20191127 761694
20191128 761915
20191129 762049
20191130 761865
20191201 761716
20191202 761890
20191203 761990
20191204 762122
20191205 762223
20191206 762297
20191207 762279
20191208 762180
20191209 762354
20191210 762555
20191211 762684
20191212 762834
20191213 762893
20191214 762780
20191215 762720
20191216 762828
20191217 763030
20191218 763163
20191219 763219
20191220 763343
20191221 763181
20191222 763149
20191223 763253
20191224 763218
20191225 763249
20191226 763180
20191227 763115
20191228 763014
20191229 762776
20191230 762940
20191231 763043
20200101 762828
20200102 763009
20200103 763162
20200104 763080
20200105 763026
20200106 763232
20200107 763488
20200108 763684
20200109 763900
20200110 764117
20200111 763995
20200112 763871
20200113 764227
20200114 764494
20200115 764725
20200116 764877
20200117 764967
20200118 764776
20200119 764702
20200120 764819
20200121 765024
20200122 765217
20200123 765440
20200124 765479
20200125 765370
20200126 765256
20200127 765481
20200128 765798
20200129 765901
20200130 766066
20200131 766247
20200201 765956
20200202 765964
20200203 766185
20200204 766444
20200205 766669
20200206 766990
20200207 767182
20200208 767067
20200209 766965
20200210 767238
20200211 767630
20200212 767767
20200213 767857
20200214 767985
20200215 767902
20200216 767767
20200217 767906
20200218 768009
20200219 768296
20200220 768422
20200221 768513
20200222 768387
20200223 768229
20200224 768489
20200225 768763
20200226 768975
20200227 769062
20200228 769232
20200229 769198
20200301 769136
20200302 769323
20200303 769622
20200304 769763
20200305 769928
20200306 769981
20200307 769850
20200308 769735
20200309 769893
20200310 770091
20200311 770357
20200312 770464
20200313 770585
20200314 770468
20200315 770488
20200316 770605
20200317 770799
20200318 771019
20200319 771079
20200320 771187
20200321 771050
20200322 770989
20200323 771212
20200324 771485
20200325 771659
20200326 771809
20200327 771995
20200328 771884
20200329 771756
20200330 772042
20200331 772309
20200401 772601
20200402 772811
20200403 772891
20200404 772775
20200405 772732
20200406 772978
20200407 773146
20200408 773302
20200409 773549
20200410 773490
20200411 773322
20200412 773183
20200413 773043
20200414 773461
20200415 773851
20200416 774186
20200417 774316
20200418 774215
20200419 774135
20200420 774457
20200421 774695
20200422 774945
20200423 775109
20200424 775293
20200425 775190
20200426 774941
20200427 775229
20200428 775478
20200429 775761
20200430 776061
20200501 776110
20200502 775980
20200503 775841
20200504 776147
20200505 776397
20200506 776625
20200507 776818
20200508 777038
20200509 776879
20200510 776804
20200511 777114
20200512 777457
20200513 777733
20200514 778002
20200515 778118
20200516 778003
20200517 778011
20200518 778232
20200519 778573
20200520 779020
20200521 779366
20200522 779459
20200523 779344
20200524 779459
20200525 779751
20200526 780114
20200527 780468
20200528 780687
20200529 780940
20200530 780849
20200531 780774
20200601 780732
20200602 780977
20200603 781303
20200604 781510
20200605 781757
20200606 781625
20200607 781547
20200608 781839
20200609 782147
20200610 782453
20200611 782646
20200612 782833
20200613 782803
20200614 782730
20200615 783057
20200616 783278
20200617 783602
20200618 783886
20200619 784034
20200620 783950
20200621 783850
20200622 784156
20200623 784444
20200624 784688
20200625 784856
20200626 784949
20200627 784787
20200628 784721
20200629 784936
20200630 785191
20200701 785554
20200702 785719
20200703 785884
20200704 785751
20200705 785639
20200706 785765
20200707 785977
20200708 786241
20200709 786400
20200710 786575
20200711 786417
20200712 786274
20200713 786509
20200714 786718
20200715 786960
20200716 787233
20200717 787421
20200718 787167
20200719 787042
20200720 787243
20200721 787556
20200722 787835
20200723 788013
20200724 788378
20200725 788279
20200726 788157
20200727 788420
20200728 788673
20200729 788942
20200730 789042
20200731 789253
20200801 789223
20200802 789076
20200803 789293
20200804 789497
20200805 789719
20200806 789913
20200807 790051
20200808 789930
20200809 789818
20200810 790204
20200811 790508
20200812 790735
20200813 790863
20200814 791014
20200815 790931
20200816 790807
20200817 791008
20200818 791186
20200819 791422
20200820 791394
20200821 791221
20200822 791074
20200823 791015
20200824 791244
20200825 791482
20200826 791724
20200827 791867
20200828 791959
20200829 791957
20200830 791886
20200831 792080
20200901 792319
20200902 792553
20200903 792810
20200904 793106
20200905 792996
20200906 792902
20200907 793109
20200908 793418
20200909 793741
20200910 794038
20200911 794145
20200912 794042
20200913 793903
20200914 794230
20200915 794705
20200916 795000
20200917 795244
20200918 795411
20200919 795295
20200920 795214
20200921 795557
20200922 795867
20200923 796114
20200924 796285
20200925 796480
20200926 796343
20200927 796235
20200928 796670
20200929 797008
20200930 797306
20201001 797593
20201002 797917
20201003 797794
20201004 797666
20201005 798051
20201006 798436
20201007 798790
20201008 799034
20201009 799167
20201010 799032
20201011 798938
20201012 799333
20201013 799655
20201014 800034
20201015 800315
20201016 800509
20201017 800426
20201018 800348
20201019 800565
20201020 800811
20201021 800959
20201022 801294
20201023 801295
20201024 801137
20201025 801032
20201026 801430
20201027 801651
20201028 801845
20201029 802122
20201030 802301
20201031 802268
20201101 802303
20201102 802653
20201103 802772
20201104 802993
20201105 803119
20201106 803248
20201107 803132
20201108 803025
20201109 803146
20201110 803363
20201111 803640
20201112 803861
20201113 804039
20201114 803976
20201115 803929
20201116 804263
20201117 804423
20201118 804624
20201119 804872
20201120 805157
20201121 805099
20201122 805019
20201123 805322
20201124 805573
20201125 805895
20201126 806050
20201127 806126
20201128 806071
20201129 805981
20201130 806247
20201201 806538
20201202 806765
20201203 807047
20201204 807214
20201205 807045
20201206 806991
20201207 807279
20201208 807588
20201209 807854
20201210 808052
20201211 808183
20201212 808150
20201213 808067
20201214 808344
20201215 808580
20201216 808856
20201217 808990
20201218 809156
20201219 808974
20201220 808913
20201221 809178
20201222 809255
20201223 809377
20201224 809369
20201225 809362
20201226 809393
20201227 809253
20201228 809471
20201229 809557
20201230 809689
20201231 809780
20210101 809718
20210102 809568
20210103 809561
20210104 809874
20210105 810221
20210106 810519
20210107 810810
20210108 811014
20210109 810976
20210110 810904
20210111 811468
20210112 811885
20210113 812212
20210114 812591
20210115 812805
20210116 812777
20210117 812665
20210118 813029
20210119 813378
20210120 813699
20210121 814221
20210122 814248
20210123 814180
20210124 814090
20210125 814596
20210126 814880
20210127 815265
20210128 815486
20210129 815744
20210130 815636
20210131 815618
20210201 816024
20210202 816378
20210203 816809
20210204 817061
20210205 817368
20210206 817274
20210207 817248
20210208 817745
20210209 818150
20210210 818640
20210211 818962
20210212 819243
20210213 819103
20210214 819044
20210215 819519
20210216 819890
20210217 820131
20210218 820394
20210219 820547
20210220 820436
20210221 820360
20210222 820784
20210223 821156
20210224 821504
20210225 821647
20210226 821880
20210227 821690
20210228 821579
20210301 821900
20210302 822321
20210303 822516
20210304 822756
20210305 822955
20210306 822885
20210307 822789
20210308 823270
20210309 823500
20210310 823705
20210311 823921
20210312 823990
20210313 823842
20210314 823787
20210315 823837
20210316 824209
20210317 824588
20210318 824839
20210319 824798
20210320 824698
20210321 824553
20210322 824950
20210323 825147
20210324 825486
20210325 825744
20210326 825847
20210327 825715
20210328 825611
20210329 825927
20210330 826196
20210331 826481
20210401 826719
20210402 826616
20210403 826457
20210404 826390
20210405 826235
20210406 826545
20210407 826843
20210408 827055
20210409 827271
20210410 827089
20210411 826975
20210412 827221
20210413 827555
20210414 827796
20210415 828020
20210416 828186
20210417 828106
20210418 828044
20210419 828327
20210420 828615
20210421 828885
20210422 829097
20210423 829259
20210424 829176
20210425 829079
20210426 829325
20210427 829591
20210428 829866
20210429 830051
20210430 830228
20210501 830159
20210502 830027
20210503 830301
20210504 830529
20210505 830825
20210506 831057
20210507 831220
20210508 831154
20210509 831033
20210510 831261
20210511 831450
20210512 831710
20210513 831870
20210514 832081
20210515 831963
20210516 831895
20210517 832221
20210518 832492
20210519 832874
20210520 833142
20210521 833276
20210522 833142
20210523 833057
20210524 833107
20210525 833383
20210526 833609
20210527 833744
20210528 833818
20210529 833664
20210530 833580
20210531 833822
20210601 834008
20210602 834153
20210603 834345
20210604 834361
20210605 834303
20210606 834176
20210607 834326
20210608 834571
20210609 834764
20210610 834878
20210611 834890
20210612 834755
20210613 834530
20210614 834746
20210615 834917
20210616 835079
20210617 835151
20210618 835213
20210619 835080
20210620 834951
20210621 834959
20210622 835001
20210623 835191
20210624 835264
20210625 835354
20210626 835197
20210627 835034
20210628 835208
20210629 835322
20210630 835536
20210701 835650
20210702 835764
20210703 835647
20210704 835471
20210705 835633
20210706 835812
20210707 835954
20210708 836074
20210709 836182
20210710 836081
20210711 835960
20210712 836137
20210713 836286
20210714 836450
20210715 836546
20210716 836585
20210717 836491
20210718 836389
20210719 836587
20210720 836661
20210721 836853
20210722 836971
20210723 837140
20210724 837044
20210725 836914
20210726 837064
20210727 837191
20210728 837311
20210729 837427
20210730 837485
20210731 837393
20210801 837250
20210802 837373
20210803 837437
20210804 837588
20210805 837861
20210806 837876
20210807 837778
20210808 837608
20210809 837780
20210810 837916
20210811 838025
20210812 838131
20210813 838216
20210814 838137
20210815 838051
20210816 838165
20210817 838225
20210818 838391
20210819 838537
20210820 838492
20210821 838364
20210822 838249
20210823 838369
20210824 838520
20210825 838737
20210826 838850
20210827 839032
20210828 838907
20210829 838786
20210830 838922
20210831 839018
20210901 839141
20210902 839364
20210903 839510
20210904 839406
20210905 839241
20210906 839484
20210907 839951
20210908 840132
20210909 840323
20210910 840565
20210911 840416
20210912 840262
20210913 840361
20210914 840551
20210915 840785
20210916 840898
20210917 840985
20210918 840846
20210919 840725
20210920 840968
20210921 841151
20210922 841341
20210923 841481
20210924 841598
20210925 841436
20210926 841282
20210927 841517
20210928 841724
20210929 841981
20210930 842184
20211001 842287
20211002 842131
20211003 841967
20211004 842212
20211005 842467
20211006 842773
20211007 843125
20211008 843281
20211009 843172
20211010 843106
20211011 843398
20211012 843619
20211013 843818
20211014 843973
20211015 844880
20211016 844681
20211017 844647
20211018 844697
20211019 845045
20211020 845194
20211021 845356
20211022 845500
20211023 845457
20211024 845299
20211025 845476
20211026 845723
20211027 845923
20211028 846085
20211029 846172
20211030 846069
20211031 846014
20211101 845952
20211102 846155
20211103 846295
20211104 846528
20211105 846695
20211106 846587
20211107 846488
20211108 846684
20211109 846858
20211110 847013
20211111 847133
20211112 847129
20211113 846990
20211114 846934
20211115 847189
20211116 847326
20211117 847552
20211118 847707
20211119 847790
20211120 847592
20211121 847483
20211122 847674
20211123 847912
20211124 848129
20211125 848316
20211126 848370
20211127 848240
20211128 848091
20211129 848372
20211130 848580
20211201 848699
20211202 848886
20211203 849070
20211204 848924
20211205 848802
20211206 849060
20211207 849248
20211208 849484
20211209 849635
20211210 849797
20211211 849778
20211212 849658
20211213 849815
20211214 849927
20211215 850120
20211216 850310
20211217 850453
20211218 850306
20211219 850176
20211220 850289
20211221 850431
20211222 850528
20211223 850591
20211224 850572
20211225 850492
20211226 850451
20211227 850622
20211228 850654
20211229 850754
20211230 850846
20211231 850888
20220101 850876
20220102 850771
20220103 850969
20220104 851172
20220105 851452
20220106 851634
20220107 851744
20220108 851657
20220109 851584
20220110 851662
20220111 851772
20220112 851965
20220113 852195
20220114 852344
20220115 852250
20220116 852073
20220117 852297
20220118 852580
20220119 852857
20220120 853045
20220121 853138
20220122 853044
20220123 852947
20220124 853181
20220125 853419
20220126 853709
20220127 853913
20220128 854083
20220129 853942
20220130 853858
20220131 854104
20220201 854342
20220202 854610
20220203 854805
20220204 855034
20220205 854890
20220206 854843
20220207 855098
20220208 855543
20220209 855792
20220210 856013
20220211 856341
20220212 856178
20220213 856114
20220214 856342
20220215 856628
20220216 856898
20220217 857157
20220218 857414
20220219 857273
20220220 857178
20220221 857439
20220222 857685
20220223 857899
20220224 858022
20220225 858051
20220226 857833
20220227 857722
20220228 857870
20220301 857977
20220302 858133
20220303 858160
20220304 858278
20220305 857978
20220306 857918
20220307 858070
20220308 858317
20220309 858496
20220310 858526
20220311 858642
20220312 858411
20220313 858237
20220314 858081
20220315 857984
20220316 858195
20220317 858489
20220318 858714
20220319 858442
20220320 858251
20220321 858450
20220322 858606
20220323 858724
20220324 858887
20220325 858956
20220326 858760
20220327 858607
20220328 858640
20220329 858766
20220330 858842
20220331 859149
20220401 859203
20220402 859016
20220403 858841
20220404 859027
20220405 859218
20220406 859289
20220407 859341
20220408 859347
20220409 859202
20220410 859043
20220411 859182
20220412 859339
20220413 859377
20220414 859523
20220415 859291
20220416 859055
20220417 858865
20220418 858684
20220419 858841
20220420 858971
20220421 859018
20220422 859068
20220423 858880
20220424 858803
20220425 858952
20220426 858952
20220427 859008
20220428 859064
20220429 859126
20220430 858992
20220501 858876
20220502 858983
20220503 859103
20220504 859254
20220505 859338
20220506 859370
20220507 859113
20220508 858896
20220509 859129
20220510 859326
20220511 859369
20220512 859385
20220513 859361
20220514 859149
20220515 859003
20220516 859287
20220517 859494
20220518 859541
20220519 859643
20220520 859706
20220521 859338
20220522 859124
20220523 859368
20220524 859511
20220525 859665
20220526 859868
20220527 859964
20220528 859721
20220529 859448
20220530 859641
20220531 859691
20220601 859876
20220602 859925
20220603 860040
20220604 859832
20220605 859665
20220606 859667
20220607 859819
20220608 859899
20220609 860000
20220610 860076
20220611 859758
20220612 859562
20220613 859666
20220614 859788
20220615 859960
20220616 860028
20220617 860028
20220618 859818
20220619 859652
20220620 859737
20220621 859768
20220622 859816
20220623 859936
20220624 860021
20220625 859852
20220626 859658
20220627 859824
20220628 860059
20220629 860156
20220630 860275
20220701 860262
20220702 860071
20220703 859902
20220704 860028
20220705 860349
20220706 860418
20220707 860537
20220708 860515
20220709 860384
20220710 860208
20220711 860389
20220712 860507
20220713 860555
20220714 860643
20220715 860612
20220716 860473
20220717 860302
20220718 860301
20220719 860336
20220720 860267
20220721 860292
20220722 860302
20220723 860123
20220724 859933
20220725 859998
20220726 860124
20220727 860184
20220728 860240
20220729 860328
20220730 860175
20220731 860027
20220801 860200
20220802 860270
20220803 860353
20220804 860676
20220805 860692
20220806 860524
20220807 860337
20220808 860426
20220809 860467
20220810 860311
20220811 860337
20220812 860401
20220813 860208
20220814 860036
20220815 860180
20220816 860282
20220817 860218
20220818 860245
20220819 860288
20220820 860187
20220821 860116
20220822 860214
20220823 860353
20220824 860386
20220825 860414
20220826 860508
20220827 860389
20220828 860261
20220829 860350
20220830 860550
20220831 860620
20220901 860691
20220902 860773
20220903 860695
20220904 860586
20220905 860806
20220906 860823
20220907 860889
20220908 861009
20220909 861046
20220910 860862
20220911 860733
20220912 860817
20220913 860881
20220914 860967
20220915 860992
20220916 861012
20220917 860872
20220918 860669
20220919 860849
20220920 860965
20220921 861023
20220922 861006
20220923 861012
20220924 860787
20220925 860648
20220926 860723
20220927 860750
20220928 860812
20220929 860904
20220930 860849
20221001 860712
20221002 860477
20221003 860622
20221004 860807
20221005 860853
20221006 860866
20221007 860831
20221008 860614
20221009 860449
20221010 860643
20221011 860770
20221012 860779
20221013 860875
20221014 860815
20221015 860657
20221016 860505
20221017 860693
20221018 860769
20221019 860796
20221020 860895
20221021 860940
20221022 860822
20221023 860694
20221024 861021
20221025 861056
20221026 861274
20221027 861363
20221028 861381
20221029 861135
20221030 860973
20221031 860877
20221101 860812
20221102 860645
20221103 860668
20221104 860502
20221105 860242
20221106 860110
20221107 860256
20221108 860379
20221109 860432
20221110 860559
20221111 860597
20221112 860433
20221113 860255
20221114 860441
20221115 860610
20221116 860679
20221117 860689
20221118 860723
20221119 860561
20221120 860433
20221121 860634
20221122 860746
20221123 860850
20221124 861012
20221125 861039
20221126 860838
20221127 860714
20221128 860903
20221129 860868
20221130 860879
20221201 860869
20221202 860894
20221203 860588
20221204 860396
20221205 860512
20221206 860622
20221207 860672
20221208 860741
20221209 860767
20221210 860566
20221211 860402
20221212 860474
20221213 860525
20221214 860603
20221215 860630
20221216 860662
20221217 860481
20221218 860299
20221219 860364
20221220 860463
20221221 860517
20221222 860569
20221223 860534
20221224 860428
20221225 860250
20221226 860125
20221227 860113
20221228 860045
20221229 859931
20221230 859788
20221231 859660
20230101 859584
20230102 859597
20230103 859604
20230104 859651
20230105 859642
20230106 859647
20230107 859471
20230108 859336
20230109 859589
20230110 859762
20230111 859773
20230112 859890
20230113 860009
20230114 859763
20230115 859658
20230116 859813
20230117 860006
20230118 860118
20230119 860241
20230120 860339
20230121 860131
20230122 859829
20230123 860035
20230124 860192
20230125 860305
20230126 860254
20230127 860258
20230128 860126
20230129 859947
20230130 860169
20230131 860289
20230201 860372
20230202 860485
20230203 860554
20230204 860320
20230205 860109
20230206 860397
20230207 860685
20230208 860624
20230209 860836
20230210 861011
20230211 860764
20230212 860582
20230213 860836
20230214 861024
20230215 861178
20230216 861204
20230217 861359
20230218 861010
20230219 860848
20230220 860974
20230221 861095
20230222 861155
20230223 861215
20230224 861236
20230225 861023
20230226 860810
20230227 861020
20230228 861077
20230301 861152
20230302 861199
20230303 861204
20230304 860900
20230305 860660
20230306 860964
20230307 861087
20230308 861095
20230309 860959
20230310 860908
20230311 860613
20230312 860426
20230313 860602
20230314 860703
20230315 860627
20230316 860582
20230317 860604
20230318 860334
20230319 860023
20230320 860109
20230321 860241
20230322 860386
20230323 860171
20230324 860119
20230325 859777
20230326 859554
20230327 859735
20230328 859792
20230329 860019
20230330 860102
20230331 858954
20230401 858832
20230402 858727
20230403 858934
20230404 859131
20230405 859202
20230406 859188
20230407 859018
20230408 858685
20230409 858435
20230410 858300
20230411 858553
20230412 858612
20230413 858743
20230414 858788
20230415 858561
20230416 858426
20230417 858566
20230418 858679
20230419 858696
20230420 858725
20230421 858769
20230422 858566
20230423 858355
20230424 858344
20230425 858418
20230426 858432
20230427 858613
20230428 858523
20230429 858340
20230430 858170
20230501 858061
20230502 858341
20230503 858481
20230504 858495
20230505 858456
20230506 858211
20230507 857968
20230508 858141
20230509 858323
20230510 858414
20230511 858648
20230512 858638
20230513 858416
20230514 858290
20230515 858573
20230516 858673
20230517 858763
20230518 858896
20230519 858940
20230520 858727
20230521 858501
20230522 858676
20230523 858787
20230524 858880
20230525 858896
20230526 858869
20230527 858693
20230528 858464
20230529 858311
20230530 858527
20230531 858612
20230601 858613
20230602 858601
20230603 858258
20230604 858097
20230605 858246
20230606 858358
20230607 858524
20230608 858568
20230609 858595
20230610 858347
20230611 858078
20230612 858193
20230613 858210
20230614 858278
20230615 858391
20230616 858428
20230617 858155
20230618 857970
20230619 858177
20230620 858282
20230621 858221
20230622 858288
20230623 858228
20230624 858048
20230625 857824
20230626 858024
20230627 858079
20230628 858045
20230629 857999
20230630 858028
20230701 857861
20230702 857710
20230703 857841
20230704 858014
20230705 858102
20230707 857861
20230802 857861
20230803 858793
20230901 858793
20230902 859983
20231001 859983
20231002 861014
20231102 861014
20231103 861621
20231201 861621
20231202 863431
20240101 863431
20240102 860688
20240201 860688
20240202 864823
20240301 864823
20240302 867210
20240401 867210
20240402 868094
20240501 868094
20240503 869889
20240601 869889
20240602 867399
20240624 867399
20240626 867399
20240627 867399
20240628 867399
20240629 867399
20240630 867399
20240701 867399
20240702 868254
20240703 868254
20240704 868254
20240705 868254
20240706 868254
20240707 868254
20240708 868254
20240709 868254
20240710 868254
20240711 868254
20240712 868254
20240713 868254
20240714 868254
20240715 868254
20240716 868254
20240717 868254
20240718 868254
20240719 868254
20240720 868254
20240721 868254
20240722 868254
20240723 868254
20240724 868254
20240725 868254
20240726 868254
20240727 868254
20240728 868254
20240729 868254
20240730 868254
20240731 868254
20240801 868254
20240802 869615
20240803 869615
20240804 869615
20240805 869615
20240806 869615
20240806 869615
20240807 869615
20240808 869615
20240809 869615
20240810 869615
20240811 869615
20240812 869615
20240813 869615
20240814 869615
20240815 869615
20240816 869615
20240817 869615
20240818 869615
20240819 869615
20240820 869615
20240821 869615
20240822 869615
20240823 869615
20240824 869615
20240825 869615
20240826 869615
20240827 869615
20240828 869615
20240829 869615
20240830 869615
20240831 869615
20240901 869615
20240902 869615
20240903 869647
20240904 869647
20240905 869647
20240906 869647
20240907 869647
20240908 869647
20240909 869647
20240910 869647
20240911 869647
20240912 869647
20240913 869647
20240914 869647
20240915 869647
20240916 869647
20240917 869647
20240918 869647
20240919 869647
20240920 869647
20240920 869647
20240921 869647
20240921 869647
20241003 871629
20241003 871629
20241006 871629
20241111 872045
20241113 872045
20241114 872045
20241115 872045
20241116 872045
20241117 872045
20241118 872045
20241119 872045
20241120 872045
20241121 872045
20241122 872045
20241123 872045
20241124 872045
20241125 872045
20241126 872045
20241127 872045
20241128 872045
20241129 872045
20241130 872045
20241201 872045
20241202 872045
20241203 873242
20241204 873242
20241205 873242
20241206 873242
20241207 873242
20241208 873242
20241209 873242
20241210 873242
20241211 873242
20241212 873242
20241213 873242
20241214 873242
20241215 873242
20241216 873242
20241217 873242
20241218 873242
20241219 873242
20241220 873242
20241221 873242
20241222 873242
20241223 873242
20241224 873242
20241225 873242
20241226 873242
20241227 873242
20241228 873242
20241229 873242
20241230 873242
20241231 873242
20250101 873242
20250102 873227
20250103 873227
20250104 873227
20250105 873227
20250106 873227
20250107 873227
20250108 873227
20250109 873227
20250110 873227
20250111 873227
20250112 873227
20250113 873227
20250114 873227
20250115 873227
20250116 873227
20250117 873227
20250118 873227
20250119 873227
20250120 873227
20250121 873227
20250122 873227
20250123 873227
20250124 873227
20250125 873227
20250126 873227
20250127 873227
20250128 873227
20250129 873227
20250130 873227
20250131 873227
20250201 873227
20250202 875321
20250203 875321
20250204 875321
20250205 875321
20250206 875321
20250207 875321
20250208 875321
20250210 875321
20250211 875321
20250212 875321
20250213 875321
20250214 875321
20250215 875321
20250216 875321
20250217 875321
20250218 875321
20250219 875321
20250220 875321
20250221 875321
20250222 875321
20250223 875321
20250224 875321
20250225 875321
20250226 875321
20250227 875321
20250228 875321
20250301 875321
20250302 875609
20250303 875609
20250304 875609
20250305 875609
20250306 875609
20250307 875609
20250308 875609
20250309 875609
20250310 875609
20250311 875609
20250312 875609
20250313 875609
20250314 875609
20250315 875609
20250316 875609
20250317 875609
20250318 875609
20250319 875609
20250320 875609
20250321 875609
20250322 875609
20250323 875609
20250324 875609
20250326 875609
20250327 875609
20250328 875609
20250329 875609
20250330 875609
20250331 875609
20250401 875609
20250402 875609
20250403 875609
20250404 875609
20250405 875609
20250406 875609
20250407 875609
20250408 875609
20250409 875609
20250410 875609
20250411 875609
20250412 875609
20250413 875609
20250414 875609
20250415 875609
20250416 875609
20250417 875609
20250418 875609
20250419 875609
20250420 875609
20250421 875609
20250422 875609
20250423 875609
20250424 875609
20250425 875609
20250426 875609
20250427 875609
20250428 875609
20250429 875609
20250430 875609
20250501 875609
20250502 875609
20250503 875609
20250504 875609
20250505 875609
20250506 875609
20250507 875609
20250508 875609
20250509 875609
20250510 875609
20250511 875609
20250512 875609
20250513 875609
20250514 875609
20250515 875609
20250516 875609
20250517 875609
20250518 875609
20250519 875609
20250520 875609
20250521 875609
20250522 875609
20250523 875609
20250524 875609
20250525 875609
20250526 875609
20250527 875609
20250528 875609
20250529 875609
20250530 875609
20250531 875609
20250601 875609
20250602 875609
20250603 875609
20250604 875609
20250605 875609
20250606 875609
20250607 875609
20250608 875609
20250609 875609
20250610 875609
20250611 875609
20250612 875609
20250613 875609
20250614 875609
20250615 875609
20250616 875609
20250617 875609
20250618 875609
20250619 875609
20250620 875609
20250621 875609
20250622 875609
20250623 875609
20250624 875609
20250625 875609
20250626 875609
20250627 875609
20250628 875609
20250629 875609
20250630 875609
20250701 875609
20250702 875609
20250703 875609
20250704 875609
20250705 875609
20250706 875609
20250707 875609
20250708 875609
20250709 875609
20250710 875609
20250711 875609
20250712 875609
20250713 875609
20250714 875609
20250715 875609
20250716 875609
20250717 875609
20250718 875609
20250719 875609
20250720 875609
20250722 875609
20250723 875609
20250724 875609
20250725 875609
20250726 875609
20250727 875609
20250728 875609
20250729 875609
20250730 875609
20250731 875609
20250801 875609
20250802 875609
20250803 875609
20250804 875609
20250805 875609
20250806 875609
20250807 875609
20250808 875609
20250810 875609
20250811 875609
20250812 875609
20250813 875609
20250814 875609
20250815 875609
20250816 875609
20250817 875609
20250818 875609
20250819 875609
20250820 875609
20250821 875609
20250822 875609
20250823 875609
20250824 875609
20250825 875609
20250826 875609
20250827 875609
20250828 875609
20250829 875609
20250830 875609
20250831 875609
20250901 875609
20250902 875609
20250903 875609
20250904 875609
20250905 875609
20250906 875609
20250907 875609
20250908 875609
20250909 875609
20250910 875609
20250911 875609
20250912 875609
20250913 875609
20250914 875609
20250915 875609
20250916 875609
20250917 875609
20250918 875609
20250919 875609
20250920 875609
20250921 875609
20250922 875609
20250923 875609
20250924 881729
20250925 881850
20250926 882045
20250926 882218
20250927 882218
20250928 882188
20250929 882120
20250930 882043
20251001 882149
20251002 882387
20251003 882285
20251004 882323
20251005 882303
20251006 882034
20251007 881957
20251008 882191
20251009 882496
20251010 882735
20251011 882854
20251012 882881
20251013 882678
20251014 882592
20251015 882914
20251016 883062
20251017 883364
20251018 883496
20251019 883629
20251020 883452
20251021 883224
20251022 883536
20251023 883703
20251024 883970
20251025 883844
20251026 883773
20251027 883803
20251028 883720
20251029 884067
20251030 884264
20251031 884438
20251101 884484
20251102 884623
20251102 884623
20251103 884462
20251104 884415
20251105 884685
20251106 884851
20251107 885170
20251108 885276
20251109 885365
20251110 885300
20251111 885124
20251112 885448
20251113 885654
20251114 885809
20251115 886034
20251116 886135
20251117 885905
20251118 885704
20251119 886095
20251119 886640
20251120 886640
20251121 886830
20251122 887113
20251123 887162
20251124 887235
20251125 887106
20251126 887279
20251127 887470
20251128 887605
20251129 887717
20251130 887823
20251202 887432
20251203 887665
20251204 887930
20251206 888074
20251207 888154
20251208 887970
20251209 887859
20251210 888139
20251212 888575
20251213 888722
20251214 888876
20251217 888818
20260103 889152
20260104 889152
20260105 889128
20260107 889565
20260108 889565
20260109 889757
20260109 890045
20260110 890045
