20230707 24
20230709 24
20230710 24
20230711 24
20230712 24
20230714 24
20230715 24
20230716 24
20230717 24
20230718 24
20230719 24
20230720 24
20230721 24
20230722 24
20230723 24
20230724 24
20230725 24
20230726 24
20230727 24
20230728 24
20230729 24
20230730 24
20230731 24
20230801 24
20230802 24
20230803 24
20230804 24
20230805 24
20230806 24
20230807 24
20230808 24
20230809 24
20230810 24
20230811 24
20230812 24
20230813 24
20230815 24
20230816 24
20230817 24
20230818 24
20230819 24
20230820 24
20230821 24
20230822 24
20230823 24
20230824 24
20230825 24
20230826 24
20230827 24
20230828 24
20230829 24
20230830 24
20230831 24
20230901 24
20230902 24
20230903 24
20230904 24
20230905 24
20230906 24
20230907 24
20230908 24
20230909 24
20230910 24
20230911 24
20230912 24
20230913 24
20230914 24
20230915 24
20230916 24
20230917 24
20230918 24
20230919 24
20230920 22
20230921 22
20230922 22
20230923 22
20230924 22
20230925 22
20230926 22
20230927 22
20230928 22
20230929 22
20230930 22
20231001 22
20231002 22
20231003 22
20231005 22
20231007 22
20231008 22
20231009 22
20231010 22
20231011 22
20231012 22
20231013 22
20231014 22
20231015 22
20231016 22
20231017 22
20231018 22
20231019 22
20231020 22
20231021 22
20231022 22
20231023 22
20231024 22
20231025 22
20231026 22
20231027 22
20231028 22
20231029 22
20231030 22
20231031 22
20231101 22
20231102 22
20231103 22
20231104 22
20231105 22
20231106 22
20231107 22
20231108 22
20231109 22
20231110 22
20231111 22
20231112 22
20231113 22
20231114 22
20231115 22
20231116 22
20231117 22
20231118 22
20231120 22
20231121 22
20231122 22
20231123 22
