20230707 182179
20230709 182448
20230710 182539
20230711 182714
20230712 180360
20230713 180598
20230714 180857
20230715 180861
20230716 182395
20230717 182617
20230718 183928
20230719 185336
20230720 185493
20230721 185574
20230722 185591
20230723 185939
20230724 187095
20230725 187658
20230726 187577
20230727 173043
20230728 171827
20230729 172002
20230730 172244
20230731 172457
20230801 172658
20230802 172916
20230803 173172
20230804 173285
20230805 173532
20230806 173603
20230807 173108
20230808 173390
20230809 173722
20230810 173940
20230811 174222
20230812 174436
20230813 174291
20230815 174634
20230816 174647
20230817 174939
20230818 175068
20230819 175330
20230820 175615
20230821 176775
20230822 178030
20230823 179242
20230824 181781
20230825 181929
20230826 183082
20230827 184367
20230828 185947
20230829 187352
20230830 187717
20230831 187873
20230901 189508
20230902 189264
20230903 189411
20230904 189456
20230905 189571
20230906 190790
20230907 191342
20230908 196851
20230909 201283
20230910 210465
20230911 216202
20230912 224762
20230913 229428
20230914 230414
20230915 230530
20230916 232860
20230917 236097
20230918 243985
20230919 246697
20230920 242878
20230921 249814
20230922 251223
20230923 256658
20230924 262547
20230925 267532
20230926 267928
20230927 269470
20230928 281262
20230929 286168
20230930 287100
20231001 302562
20231002 302570
20231003 304625
20231005 310088
20231007 321792
20231008 323148
20231009 323173
20231010 323276
20231011 323323
