20230707 330331
20230710 330198
20230711 330118
20230712 330199
20230713 330336
20230714 330334
20230715 330268
20230716 330163
20230717 330143
20230718 330133
20230719 330236
20230720 330279
20230721 330222
20230722 330188
20230723 330135
20230724 330081
20230725 330079
20230726 330126
20230727 330209
20230728 330227
20230729 330150
20230730 330061
20230731 329996
20230801 329977
20230802 329981
20230803 330070
20230804 330143
20230805 330042
20230806 329948
20230807 329896
20230808 329842
20230809 329866
20230810 329896
20230811 329908
20230812 329931
20230813 329860
20230815 329803
20230816 329841
20230817 329891
20230818 329877
20230819 329802
20230820 329733
20230821 329675
20230822 329633
20230823 329629
20230824 329611
20230825 329698
20230826 329669
20230827 329582
20230828 329524
20230829 329542
20230830 329598
20230831 329678
