20230707 67
20230809 67
20230810 69
20230829 69
20230830 70
20230919 70
20230920 68
20231218 68
20231219 69
20240624 69
20240626 69
20240627 69
20240628 69
20240629 69
20240630 69
20240701 69
20240702 69
20240703 69
20240704 69
20240705 69
20240706 69
20240707 69
20240708 69
20240709 69
20240710 69
20240711 69
20240712 69
20240713 69
20240714 69
20240715 69
20240716 69
20240717 69
20240718 69
20240719 69
20240720 69
20240721 69
20240722 69
20240723 69
20240724 69
20240725 69
20240726 69
20240727 70
20240728 70
20240729 70
20240730 70
20240731 70
20240801 70
20240802 70
20240803 70
20240804 70
20240805 70
