20230707 30
20230709 30
20230710 30
20230711 30
20230712 30
20230714 30
20230715 30
20230716 30
20230717 30
20230718 30
20230719 30
20230720 30
20230721 30
20230722 30
20230723 30
20230724 30
20230725 30
20230726 30
20230727 30
20230728 30
20230729 30
20230730 30
20230731 30
20230801 30
20230802 30
20230803 30
20230804 30
20230805 30
20230806 30
20230807 30
20230808 30
20230809 30
20230810 30
20230811 30
20230812 30
20230813 30
20230815 30
20230816 30
20230817 30
20230818 30
20230819 30
20230820 30
20230821 30
20230822 30
20230823 30
20230824 30
20230825 30
20230826 30
20230827 30
20230828 30
20230829 30
20230830 30
20230831 30
20230901 30
20230902 30
20230903 30
20230904 30
20230905 30
20230906 30
20230907 30
20230908 30
20230909 30
20230910 30
20230911 30
20230912 30
20230913 30
20230914 30
20230915 30
20230916 30
20230917 30
20230918 30
20230919 30
20230920 28
20230921 28
20230922 28
20230923 28
20230924 28
20230925 28
20230926 28
20230927 28
20230928 28
20230929 28
20230930 28
20231001 28
20231002 28
20231003 28
20231005 28
20231007 28
20231008 28
20231009 28
20231010 28
20231011 28
20231012 28
20231013 28
20231014 28
20231015 28
20231016 28
20231017 28
20231018 28
20231019 28
20231020 28
20231021 28
20231022 28
20231023 28
20231024 28
20231025 28
20231026 28
20231027 28
20231028 28
20231029 28
20231030 28
20231031 28
