20230707 284944
20230710 285177
20230711 285204
20230712 285235
20230713 285262
20230714 285229
20230715 285214
20230716 285283
20230717 285363
20230718 285382
20230719 285405
20230720 285412
20230721 285390
20230722 285313
20230723 285390
20230724 285496
20230725 285453
20230726 285571
20230727 285559
20230728 285533
20230729 285467
20230730 285477
20230731 285539
20230801 285543
20230802 285591
20230803 285622
20230804 285680
20230805 285619
20230806 285574
20230807 285619
20230808 285705
20230809 285701
20230811 285688
20230812 285632
20230813 285630
20230815 285796
20230816 285769
20230817 285777
20230818 285763
20230819 285679
20230820 285654
20230821 285734
20230822 285720
20230823 285747
20230824 285757
20230825 285745
20230826 285673
20230827 285685
20230828 285731
20230829 285754
20230830 285766
20230831 285806
20230901 285833
20230902 285761
20230903 285755
20230904 285845
20230905 286012
20230906 285975
20230907 286010
20230908 286024
20230909 285947
20230910 285956
20230911 285972
20230912 286002
20230913 286038
20230914 286068
20230915 286037
20230916 285973
20230917 285905
20230918 285880
20230919 285903
20230920 285958
20230921 286075
20230922 285960
20230923 285915
20230924 285893
20230925 285811
20230926 285928
20230927 285850
20230928 285843
20230929 285851
20230930 285767
20231001 285844
20231002 285788
20231003 285802
20231005 285750
20231007 285665
20231008 285659
20231009 285651
20231010 285612
20231011 285563
20231012 285511
20231013 285437
20231014 285474
20231015 285530
20231016 285623
20231017 285715
20231018 285804
20231019 285894
20231020 285961
20231021 285986
20231022 286029
20231023 286140
20231024 286229
20231025 286335
20231027 286481
20231028 286497
20231029 286544
20231030 286635
20231031 286743
20231101 286838
20231102 286924
20231103 287010
20231104 287032
20231105 287064
20231105 287097
20231106 287200
20231107 287296
20231108 287433
20231109 287575
20231110 287644
20231111 287671
20231112 287713
20231113 287731
20231114 287774
20231117 287768
20231118 287660
20231120 287750
20231121 287747
20231122 287788
20231123 287766
20231124 287729
20231125 287608
20231126 287554
20231127 287628
20231128 287713
20231129 287723
20231130 287749
20231201 287756
20231202 287677
20231203 287651
20231204 287700
20231205 287740
20241003 286181
