20230922 40779
20230924 40844
20230925 40852
20230926 40858
20230927 40904
20230928 40934
20230929 40926
20230930 40939
20231001 40942
20231002 40938
20231003 40944
20231005 40676
20231007 40830
20231008 41123
20231009 40846
20231010 40878
20231011 40905
20231012 40911
20231013 40923
20231014 40984
20231015 41006
20231016 41182
20231017 41182
20231018 41484
20231019 41484
20231020 41254
20231021 41193
20231022 41473
20231023 41586
20231024 41638
20231025 41699
20231026 41753
20231027 41799
20231028 41811
20231029 41784
20231030 41809
20231031 41825
20231101 41859
20231102 41834
20231103 41876
20231104 41899
20231105 41916
20231106 41913
20231107 41900
20231108 41900
20231109 41943
20231110 41946
20231111 41955
20231112 41998
20231113 41999
20231114 42025
20231115 42034
20231116 42038
20231117 42027
20231118 42072
20231120 42087
20231121 42087
20231122 42102
20231123 42121
20231124 42128
20231125 42126
20231126 42121
20231127 42117
20231128 42102
20231129 42117
20231130 42112
20231201 42182
20231202 42226
20231203 42225
20231204 42242
20231205 42279
20231206 42260
20231207 42250
20231208 42276
20231209 42305
20231210 42338
20231211 42303
20231212 42299
20231213 42296
20231214 42280
20231215 42256
20231216 42253
20231217 42215
20231218 42257
20231219 42242
20231220 42253
20231221 42272
20231222 42251
20231223 42228
20231224 42252
20231225 42212
20231226 42233
20231227 42243
20231230 42198
20231231 42200
20240101 42178
20240102 42172
20240103 42183
20240104 42173
20240105 42139
20240106 42127
20240107 42115
20240108 42112
20240109 42072
20240110 42066
20240111 42056
20240112 42056
20240113 42073
20240114 42104
20240115 42111
20240116 42124
20240117 42146
20240118 42177
20240119 46743
20240120 42191
20240121 42224
20240122 42226
20240124 42277
20240125 42292
20240126 42270
20240127 42267
20240128 42278
20240129 42294
20240130 42299
20240131 42277
20240201 42276
20240202 42265
20240203 42228
20240204 42258
20240205 42263
20240206 42214
20240207 42212
20240208 42227
20240209 42229
20240210 42235
20240211 42228
20240212 42163
20240213 42112
20240214 42052
20240215 42017
20240216 41978
20240217 41984
20240218 42004
20240219 42020
20240220 42009
20240221 42001
20240222 41984
20240223 41987
20240224 41954
20240225 41910
20240226 41858
20240227 41830
20240228 41810
20240229 41715
20240301 41706
20240302 41607
20240303 41623
20240304 41474
20240305 41383
20240306 41317
20240307 41304
20240308 41242
20240309 41205
20240310 41203
20240311 41115
20240312 41089
20240313 41074
20240314 41034
20240315 41021
20240316 41023
20240317 41031
20240318 41036
20240319 41028
20240320 41046
20240321 41029
20240322 41020
20240323 40981
20240324 40992
20240325 40940
20240326 40930
20240327 40927
20240328 40928
20240329 40904
20240330 40895
20240331 40866
20240401 40793
20240402 40767
20240403 40764
20240404 40735
20240405 40726
20240406 40700
20240407 40658
20240408 40628
20240409 40600
20240410 40615
20240411 40602
20240412 40577
20240413 40489
20240415 40449
20240416 40442
20240417 40423
20240418 40374
20240419 40335
20240420 40256
20240421 40212
20240422 40180
20240423 40170
20240424 40131
20240425 40115
20240426 40090
20240427 40090
20240428 40054
20240429 40004
20240430 39962
20240501 39943
20240503 39896
20240504 39867
20240505 39816
20240506 39816
20240507 39765
20240508 39715
20240509 39690
20240510 39622
20240511 39569
20240512 39530
20240513 39512
20240514 39496
20240515 39469
20240516 39448
20240517 39433
20240518 39429
20240519 39421
20240520 39375
20240521 39388
20240522 39387
20240523 39386
20240524 39390
