20230707 7
20230709 7
20230710 7
20230711 7
20230712 7
20230714 7
20230715 7
20230716 7
20230717 7
20230718 7
20230719 7
20230720 7
20230721 7
20230722 7
20230723 7
20230724 7
20230725 7
20230726 7
20230727 7
20230728 7
20230729 7
20230730 6
20230731 6
20230801 6
20230802 6
20230803 6
20230804 6
20230805 6
20230806 6
20230807 6
20230808 6
20230809 6
20230810 6
20230811 6
20230812 6
20230813 6
20230815 6
20230816 6
20230817 6
20230818 6
20230819 6
20230820 6
20230821 6
20230822 6
20230823 6
20230824 6
20230825 6
20230826 6
