20230707 22195
20230709 22187
20230710 22180
20230711 22169
20230712 22176
20230713 22181
20230714 22182
20230715 22179
20230716 22178
20230717 22169
20230718 22159
20230719 22161
20230720 22169
20230721 22177
20230722 22178
20230723 22176
20230724 22162
20230725 22161
20230726 22159
20230727 22162
20230728 22157
20230729 22149
20230730 22147
20230731 22143
20230801 22154
20230802 22156
20230803 22161
20230804 22171
20230805 22163
20230806 22157
20230807 22153
20230808 22169
20230809 22173
20230810 22219
20230811 22221
20230812 22223
20230813 22222
20230815 22216
20230816 22229
20230817 22224
20230818 22217
20230819 22205
20230820 22202
20230821 22201
20230822 22207
20230823 22219
20230824 22227
20230825 22229
20230826 22233
20230827 22225
20230828 22223
20230829 22205
20230830 22206
20230831 22213
20230901 22211
20230902 22206
20230903 22207
20230904 22205
20230905 22203
20230906 22209
20230907 22224
20230908 22234
20230909 22237
20230910 22234
20230911 22227
