20230707 7314
20230709 7313
20230710 7310
20230711 7312
20230712 7254
20230713 7250
20230714 7248
20230715 7247
20230716 7243
20230717 7243
20230718 7242
20230719 7244
20230720 7243
20230721 7241
20230722 7239
20230723 7241
20230724 7240
20230725 7239
20230726 7237
20230727 7240
20230728 7238
20230729 7238
20230730 7238
20230731 7237
20230801 7233
20230802 7228
20230803 7229
20230804 7229
20230805 7230
20230806 7229
20230807 7230
20230808 7232
20230809 7234
20230810 7232
20230811 7233
20230812 7232
20230813 7230
20230815 7233
20230816 7238
20230817 7235
20230818 7239
