20230922 2949185
20230924 2948808
20230925 2948674
20230926 2947968
20230927 2946918
20230928 2946211
20230929 2944683
20230930 2943267
20231001 2941652
20231002 2940370
20231003 2939592
20231005 2936798
20231007 2937145
20231008 2937384
20231009 2936051
20231010 2937113
20231011 2937426
20231012 2938271
20231013 2939009
20231014 2939491
20231015 2939932
20231016 2940722
20231017 2940722
20231018 2939776
20231019 2939776
20231020 2940414
20231021 2940567
20231022 2943654
20231023 2941757
20231024 2942339
20231025 2942666
20231026 2942562
