20230707 4137
20230709 4144
20230710 4146
20230711 4157
20230712 4160
20230713 4167
20230714 4174
20230715 4173
20230716 4177
20230717 4178
20230718 4176
20230719 4174
20230720 4180
20230721 4197
20230722 4206
20230723 4204
20230724 4205
20230725 4207
20230726 4206
20230727 4211
20230728 4216
20230729 4233
20230730 4236
20230731 4238
20230801 4225
20230802 4229
20230803 4231
20230804 4235
20230805 4237
20230806 4235
20230807 4236
20230808 4240
20230809 4237
20230810 4240
20230811 4246
20230812 4250
