20230707 7627
20230709 7620
20230710 7620
20230711 7622
20230712 7625
20230713 7634
20230714 7634
20230715 7638
20230716 7636
20230717 7636
20230718 7640
20230719 7633
20230720 7627
20230721 7630
20230722 7631
20230723 7630
20230724 7632
20230725 7631
20230726 7647
20230727 7650
20230728 7669
20230729 7683
20230730 7709
20230731 7725
20230801 7733
20230802 7747
20230803 7751
20230804 7749
20230805 7745
20230806 7739
20230807 7739
20230808 7749
20230809 7747
20230810 7749
20230811 7754
20230812 7757
20230813 7760
20230815 7765
20230816 7764
20230817 7778
20230818 7781
20230819 7786
20230820 7786
20230821 7782
20230822 7789
