20230710 3886130
20230711 3887028
20230712 3887041
20230713 3887054
20230714 3886167
20230715 3885369
20230716 3884779
20230717 3883942
20230718 3884023
20230719 3884366
20230720 3883132
20230721 3882015
20230722 3881099
20230723 3879667
20230724 3878658
20230725 3879356
20230726 3879414
20230727 3876569
20230728 3876748
20230729 3876268
20230730 3875512
20230731 3874991
20230801 3875373
20230802 3875137
20230803 3875444
20230804 3875535
20230805 3875617
20230806 3875070
20230807 3874262
20230808 3874037
20230809 3874466
20230810 3875140
20230811 3875792
20230812 3875841
20230813 3873563
20230815 3873517
20230816 3874137
20230817 3871692
20230818 3870017
20230819 3868681
20230820 3867664
20230821 3866817
20230822 3867786
20230823 3868282
20230824 3868670
20230825 3868629
20230826 3874385
20230827 3874042
20230828 3872977
20230829 3873797
20230830 3873679
20230831 3875075
20230901 3876177
20230902 3875542
20230903 3873956
20230904 3872660
20230905 3873104
20230906 3872715
20230907 3872987
20230908 3871612
20230909 3870951
20230910 3870040
20230911 3869137
20230912 3870263
20230913 3868201
20230914 3865584
20230915 3863346
20230916 3861497
20230917 3848225
20230918 3845797
20230919 3846872
20230920 3720012
20230921 3720908
20230922 3719956
20230923 3720149
20230924 3719593
20230925 3718630
20230926 3718630
20230927 3719877
20230926 3718630
20230928 3719461
20230926 3718630
20230929 3719261
20230926 3718630
20230930 3719406
20230926 3718630
20231001 3718500
20230926 3718630
20231002 3717733
20230926 3718630
20231003 3718274
20230926 3718630
20231005 3718291
20230926 3718630
20231007 3718659
20230926 3718630
20231008 3717957
20230926 3718630
20231009 3717519
20230926 3718630
20231010 3717734
20230926 3718630
20231011 3717595
20230926 3718630
20231012 3718548
20230926 3718630
20231013 3718579
20230926 3718630
20231014 3716472
20230926 3718630
20231015 3713148
20230926 3718630
20231016 3712445
20230926 3718630
20231017 3712914
20230926 3718630
20231018 3712573
20230926 3718630
20231019 3710412
20230926 3718630
20231020 3708806
20230926 3718630
20231021 3707832
20230926 3718630
20231022 3707431
20230926 3718630
20231023 3706778
20230926 3718630
20231024 3708461
20230926 3718630
20231025 3709148
20230926 3718630
20231026 3708110
20230926 3718630
20231027 3707807
20230926 3718630
20231028 3708208
20230926 3718630
20231029 3707524
20230926 3718630
20231030 3705576
20230926 3718630
20231031 3705472
20230926 3718630
20231101 3680341
20230926 3718630
20231102 3681325
20230926 3718630
20231103 3686719
20230926 3718630
20231104 3687462
20230926 3718630
20231105 3686619
20230926 3718630
20231106 3685570
20230926 3718630
20231107 3685399
20230926 3718630
20231108 3685172
20230926 3718630
20231109 3685017
20230926 3718630
20231110 3684499
20230926 3718630
20231111 3683968
20230926 3718630
20231112 3682821
20230926 3718630
20231113 3681444
20230926 3718630
20231114 3681552
20230926 3718630
20231115 3680361
20230926 3718630
20231116 3677137
20230926 3718630
20231117 3673685
20230926 3718630
20231118 3671051
20230926 3718630
20231120 3668631
20230926 3718630
20231121 3669060
20230926 3718630
20231122 3667784
20230926 3718630
20231123 3667053
20230926 3718630
20231124 3672709
20230926 3718630
20231125 3671537
20230926 3718630
20231126 3670363
20230926 3718630
20231127 3669211
20230926 3718630
20231128 3669379
20230926 3718630
20231129 3669063
20230926 3718630
20231130 3674354
20230926 3718630
20231201 3674092
20230926 3718630
20231202 3672779
20230926 3718630
20231203 3671396
20230926 3718630
20231204 3670509
20230926 3718630
20231205 3670721
20230926 3718630
20231206 3670825
20230926 3718630
20231207 3670047
20230926 3718630
20231208 3669280
20230926 3718630
20231209 3668087
20230926 3718630
20231210 3667393
20230926 3718630
20231211 3666022
20230926 3718630
20231212 3666160
20230926 3718630
20231213 3666433
20230926 3718630
20231214 3666094
20230926 3718630
20231215 3665354
20230926 3718630
20231216 3660385
20230926 3718630
20231217 3658120
20230926 3718630
20231218 3655847
20230926 3718630
20231219 3655739
20230926 3718630
20231220 3655579
20230926 3718630
20231221 3655397
20230926 3718630
20231222 3654674
20230926 3718630
20231223 3652692
20230926 3718630
20231224 3651494
20230926 3718630
20231225 3649654
20230926 3718630
20231226 3647226
20230926 3718630
20231227 3644352
20230926 3718630
20231230 3644949
20230926 3718630
20231231 3643754
20230926 3718630
20240101 3642728
20230926 3718630
20240102 3642176
20230926 3718630
20240103 3639117
20230926 3718630
20240104 3639009
20230926 3718630
20240105 3637855
20230926 3718630
20240106 3636354
20230926 3718630
20240107 3636282
20230926 3718630
20240108 3635750
20230926 3718630
20240109 3633462
20230926 3718630
20240110 3630359
20230926 3718630
20240111 3630314
20230926 3718630
20240112 3630879
20230926 3718630
20240113 3630998
20230926 3718630
20240114 3629757
20230926 3718630
20240115 3628857
20230926 3718630
20240116 3628960
20230926 3718630
20240117 3628109
20230926 3718630
20240118 3627349
20230926 3718630
20240119 3626912
20230926 3718630
20240120 3626667
20230926 3718630
20240121 3625688
20230926 3718630
20240122 3625218
20230926 3718630
20240124 3623633
20230926 3718630
20240125 3623094
20230926 3718630
20240126 3622512
20230926 3718630
20240127 3621970
20230926 3718630
20240128 3619376
20230926 3718630
20240129 3618380
20230926 3718630
20240130 3618468
20230926 3718630
20240131 3617606
20230926 3718630
20240201 3617401
20230926 3718630
20240202 3617507
20230926 3718630
20240203 3618281
20230926 3718630
20240204 3617669
20230926 3718630
20240205 3617042
20230926 3718630
20240206 3617360
20230926 3718630
20240207 3617214
20230926 3718630
20240208 3617008
20230926 3718630
20240209 3616942
20230926 3718630
20240210 3616958
20230926 3718630
20240211 3616497
20230926 3718630
20240212 3614538
20230926 3718630
20240213 3613437
20230926 3718630
20240214 3613190
20230926 3718630
20240215 3611711
20230926 3718630
20240216 3610722
20230926 3718630
20240217 3608996
20230926 3718630
20240218 3607330
20230926 3718630
20240219 3606396
20230926 3718630
20240220 3605342
20230926 3718630
20240221 3605216
20230926 3718630
20240222 3604508
20230926 3718630
20240223 3603634
20230926 3718630
20240224 3602023
20230926 3718630
20240225 3601211
20230926 3718630
20240226 3600224
20230926 3718630
20240227 3599311
20230926 3718630
20240228 3599350
20230926 3718630
20240229 3599852
20230926 3718630
20240301 3600411
20230926 3718630
20240302 3609812
20230926 3718630
20240303 3609197
20230926 3718630
20240304 3607207
20230926 3718630
20240305 3608017
20230926 3718630
20240306 3608708
20230926 3718630
20240307 3608810
20230926 3718630
20240308 3608304
20230926 3718630
20240309 3608458
20230926 3718630
20240310 3608351
20230926 3718630
20240311 3608348
20230926 3718630
20240312 3609453
20230926 3718630
20240313 3609942
20230926 3718630
20240314 3611795
20230926 3718630
20240315 3610348
20230926 3718630
20240316 3609249
20230926 3718630
20240317 3608710
20230926 3718630
20240318 3607790
20230926 3718630
20240319 3605630
20230926 3718630
20240320 3606206
20230926 3718630
20240321 3606465
20230926 3718630
20240322 3606637
20230926 3718630
20240323 3604714
20230926 3718630
20240324 3603781
20230926 3718630
20240325 3602641
20230926 3718630
20240326 3603588
20230926 3718630
20240327 3604229
20230926 3718630
20240328 3604845
20230926 3718630
20240329 3605797
20230926 3718630
20240330 3604859
20230926 3718630
20240331 3603930
20230926 3718630
20240401 3598363
20230926 3718630
20240402 3598966
20230926 3718630
20240403 3599324
20230926 3718630
20240404 3598871
20230926 3718630
20240405 3598392
20230926 3718630
20240406 3598200
20230926 3718630
20240407 3596952
20230926 3718630
20240408 3596546
20230926 3718630
20240409 3596849
20230926 3718630
20240410 3597324
20230926 3718630
20240411 3596973
20230926 3718630
20240412 3598610
20230926 3718630
20240413 3596535
20230926 3718630
20240415 3594613
20230926 3718630
20240416 3593687
20230926 3718630
20240417 3593787
20230926 3718630
20240418 3593695
20230926 3718630
20240419 3593033
20230926 3718630
20240420 3593533
20230926 3718630
20240421 3593011
20230926 3718630
20240422 3591379
20230926 3718630
20240423 3591327
20230926 3718630
20240424 3592663
20230926 3718630
20240425 3592626
20230926 3718630
20240426 3590200
20230926 3718630
20240427 3590796
20230926 3718630
20240428 3589662
20230926 3718630
20240429 3588500
20230926 3718630
20240430 3589255
20230926 3718630
20240501 3590003
20230926 3718630
20240503 3589839
20230926 3718630
20240504 3589545
20230926 3718630
20240505 3589117
20230926 3718630
20240506 3587828
20230926 3718630
20240507 3588071
20230926 3718630
20240508 3588486
20230926 3718630
20240509 3587304
20230926 3718630
20240510 3587347
20230926 3718630
20240511 3586106
20230926 3718630
20240512 3584213
20230926 3718630
20240513 3582340
20240514 3582340
20240515 3584926
20240514 3582340
20240516 3583087
20240514 3582340
20240517 3582211
20240514 3582340
20240518 3580758
20240514 3582340
20240519 3577993
20240514 3582340
20240520 3576528
20240514 3582340
20240521 3576395
20240514 3582340
20240522 3576620
20240514 3582340
20240523 3576596
20240514 3582340
20240524 3586166
20240514 3582340
20240525 3583805
20240514 3582340
20240526 3582701
20240514 3582340
20240527 3581128
20240514 3582340
20240528 3581374
20240514 3582340
20240529 3582301
20240514 3582340
20240530 3582199
20240514 3582340
20240531 3581749
20240514 3582340
20240601 3582229
20240514 3582340
20240602 3581546
20240514 3582340
20240603 3579966
20240514 3582340
20240604 3580858
20240514 3582340
20240605 3582171
20240514 3582340
20240606 3580661
20240609 3580661
20240611 3579623
20240609 3580661
20240612 3579802
20240609 3580661
20240613 3580577
20240609 3580661
20240614 3579999
20240609 3580661
20240615 3580034
20240609 3580661
20240616 3577500
20240609 3580661
20240617 3576220
20240609 3580661
20240618 3576602
20240609 3580661
20240620 3574784
20240609 3580661
20240621 3575223
20240609 3580661
20240622 3574947
20240609 3580661
20240623 3570806
20240609 3580661
20240624 3569778
20240609 3580661
20240626 3571500
20240609 3580661
20240627 3571579
20240609 3580661
20240628 3568554
20240609 3580661
20240629 3557954
20240609 3580661
20240630 3551039
20240609 3580661
20240701 3550182
20240609 3580661
20240702 3551101
20240609 3580661
20240703 3540747
20240609 3580661
20240704 3541546
20240609 3580661
20240705 3541896
20240609 3580661
20240706 3541654
20240609 3580661
20240707 3537834
20240609 3580661
20240708 3537267
20240609 3580661
20240709 3537272
20240609 3580661
20240710 3538617
20240609 3580661
20240711 3538896
20240609 3580661
20240712 3539185
20240609 3580661
20240713 3539424
20240609 3580661
20240714 3537896
20240609 3580661
20240715 3536887
20240609 3580661
20240716 3537414
20240609 3580661
20240717 3537649
20240609 3580661
20240718 3537956
20240609 3580661
20240719 3537061
20240609 3580661
20240720 3535193
20240609 3580661
20240721 3533600
20240609 3580661
20240722 3532230
20240609 3580661
20240723 3533218
20240609 3580661
20240724 3533552
20240609 3580661
20240725 3534016
20240609 3580661
20240726 3533947
20240609 3580661
20240727 3533818
20240609 3580661
20240728 3532105
20240609 3580661
20240729 3530829
20240609 3580661
20240730 3531841
20240609 3580661
20240731 3532639
20240609 3580661
20240801 3528015
20240609 3580661
20240802 3528577
20240609 3580661
20240803 3528375
20240609 3580661
20240804 3527922
20240609 3580661
20240805 3526135
20240609 3580661
20240806 3526848
20240609 3580661
20240807 3527327
20240609 3580661
20240808 3527364
20240609 3580661
20240809 3527724
20240609 3580661
20240810 3527516
20240609 3580661
20240811 3526784
20240609 3580661
20240812 3526068
20240609 3580661
20240813 3526652
20240609 3580661
20240814 3527254
20240609 3580661
20240815 3527459
20240609 3580661
20240816 3527954
20240609 3580661
20240817 3527975
20240609 3580661
20240818 3527228
20240609 3580661
20240819 3526185
20240609 3580661
20240820 3527003
20240609 3580661
20240821 3527836
20240609 3580661
20240822 3529146
20240609 3580661
20240823 3529595
20240609 3580661
20240824 3530448
20240609 3580661
20240825 3529719
20240609 3580661
20240826 3529759
20240609 3580661
20240827 3531195
20240609 3580661
20240828 3531897
20240609 3580661
20240829 3532799
20240609 3580661
20240830 3532701
20240609 3580661
20240831 3532700
20240609 3580661
20240901 3532120
20240609 3580661
20240902 3532780
20240609 3580661
20240903 3532742
20240609 3580661
20240904 3533665
20240609 3580661
20240905 3534962
20240609 3580661
20240906 3535512
20240609 3580661
20240907 3535586
20240609 3580661
20240908 3534351
20240609 3580661
20240909 3533300
20240609 3580661
20240910 3534852
20240609 3580661
20240911 3536140
20240609 3580661
20240912 3536294
20240609 3580661
20240913 3535700
20240609 3580661
20240914 3535363
20240609 3580661
20240915 3534514
20240609 3580661
20240916 3532582
20240609 3580661
20240917 3532942
20240609 3580661
20240918 3533700
20240609 3580661
20240919 3534489
20240609 3580661
20240920 3535154
20240609 3580661
20240921 3533518
20240609 3580661
20240921 3534955
20240609 3580661
20240922 3533518
20240609 3580661
20240925 3533369
20240609 3580661
20240926 3533345
20240609 3580661
20240927 3533090
20240609 3580661
20240928 3533125
20240928 3533125
