20230707 3
20230709 3
20230710 3
20230711 3
20230712 3
20230714 3
20230715 3
20230716 3
20230717 3
20230718 3
20230719 3
20230720 3
20230721 3
20230722 3
20230723 3
20230724 3
20230725 3
20230726 3
20230727 3
20230728 3
20230729 3
20230730 3
20230731 3
20230801 3
20230802 3
20230803 3
20230804 3
20230805 3
20230806 3
20230807 3
20230808 3
20230809 3
20230810 3
20230811 3
20230812 3
20230813 3
20230815 5
20230816 5
20230817 5
20230818 5
20230819 5
20230820 5
20230821 5
20230822 5
20230823 5
20230824 5
20230825 5
20230826 5
20230827 5
20230828 5
20230829 5
20230830 5
20230831 5
20230901 5
20230902 5
20230903 5
20230904 5
20230905 5
20230906 5
20230907 5
20230908 5
