20230707 73364
20230709 73447
20230710 73576
20230711 73632
20230712 73735
20230713 73822
20230714 73933
20230715 74022
20230716 74062
20230717 74133
20230718 74226
20230719 74277
20230720 74502
20230721 74598
20230722 74701
20230723 74768
20230724 74811
20230725 74899
20230726 74990
20230727 75063
20230728 75125
20230729 75241
20230730 75293
20230731 75373
20230801 75469
20230802 75556
20230803 75639
20230804 75756
20230805 75872
20230806 75925
20230807 76108
20230808 76160
20230809 76307
20230810 76465
20230811 76564
20230812 76732
20230813 76849
20230815 77083
20230816 77213
20230817 77442
20230818 77339
20230819 77508
20230820 77568
20230821 77581
20230822 77666
20230823 77710
20230824 77790
20230825 77895
20230826 78067
