20230707 16985
20230709 16983
20230710 16980
20230711 16976
20230712 16974
20230713 16970
20230714 16973
20230715 16978
20230716 16969
20230717 16969
20230718 16972
20230717 16969
20230719 16968
20230717 16969
20230720 16947
20230717 16969
20230721 16948
20230717 16969
20230722 16954
20230723 16954
20230724 16952
20230723 16954
20230725 16946
20230723 16954
20230726 16955
20230723 16954
20230727 16960
20230723 16954
20230728 16985
20230723 16954
20230729 16999
20230723 16954
20230730 17022
20230723 16954
20230731 17026
20230723 16954
20230801 17037
20230723 16954
20230802 17032
20230723 16954
20230803 17034
20230723 16954
20230804 17033
20230723 16954
20230805 17034
20230723 16954
20230806 17037
20230723 16954
20230807 17041
20230723 16954
20230808 17051
20230723 16954
20230809 17059
20230723 16954
20230810 17054
20230723 16954
20230811 17052
20230723 16954
20230812 17055
20230723 16954
20230813 17058
20230723 16954
20230815 17050
20230723 16954
20230816 17060
20230723 16954
20230817 17067
20230723 16954
20230818 17069
20230723 16954
20230819 17082
20230723 16954
20230820 17080
20230723 16954
20230821 17024
20230723 16954
20230822 17022
20230723 16954
20230823 17031
20230723 16954
20230824 17029
20230723 16954
20230825 17059
20230723 16954
20230826 17055
20230723 16954
20230827 17050
20230723 16954
20230828 17055
20230723 16954
20230829 17064
20230723 16954
20230830 17068
20230723 16954
20230831 17063
20230723 16954
20230901 17052
20230723 16954
20230902 17060
20230723 16954
20230903 17041
20230723 16954
20230904 17044
20230723 16954
20230905 17045
20230723 16954
20230906 17059
20230723 16954
20230907 17054
20230723 16954
20230908 17049
20230723 16954
20230909 17035
20230723 16954
20230910 17033
20230723 16954
20230911 17023
20230723 16954
20230912 17009
20230723 16954
20230913 17003
20230723 16954
20230914 17002
20230723 16954
20230915 17009
20230723 16954
20230916 16928
20230723 16954
20230917 16913
20230723 16954
20230918 16903
20230723 16954
20230919 16896
20230723 16954
20230920 15540
20230723 16954
20230921 15530
20230723 16954
20230922 15492
20230723 16954
20230923 15477
20230723 16954
20230924 15472
20230723 16954
20230925 15471
20230723 16954
20230926 15457
20230723 16954
20230927 15458
20230723 16954
20230928 15463
20230723 16954
20230929 15461
20230723 16954
20230930 15468
20230723 16954
20231001 15456
20230723 16954
20231002 15457
20230723 16954
20231003 15465
20230723 16954
20231005 15467
20230723 16954
20231007 15461
20230723 16954
20231008 15473
20230723 16954
20231009 15489
20230723 16954
20231010 15488
20230723 16954
20231011 15489
20230723 16954
20231012 15484
20230723 16954
20231013 15487
20230723 16954
20231014 15477
20230723 16954
20231015 15474
20230723 16954
20231016 15463
20231017 15463
20231018 15462
20231017 15463
20231019 15469
20231017 15463
20231020 15461
20231017 15463
20231021 15468
20231022 15463
20231017 15463
20231023 15460
20231017 15463
20231024 15466
20231025 15466
20231026 15471
20231025 15466
20231027 15464
20231025 15466
20231028 15451
20231029 15451
20231030 15448
20231029 15451
20231031 15452
20231029 15451
20231101 15457
20231029 15451
20231102 15458
20231029 15451
20231103 15453
20231029 15451
20231104 15452
20231029 15451
20231105 15447
20231029 15451
20231106 15442
20231029 15451
20231107 15435
20231108 15435
20231109 15431
20231108 15435
20231110 15437
20231108 15435
20231111 15441
20231108 15435
20231112 15428
20231108 15435
20231113 15423
20231108 15435
20231114 15411
20231108 15435
20231115 15414
20231108 15435
20231116 15403
20231108 15435
20231117 15415
20231108 15435
20231118 15409
20231108 15435
20231120 15400
20231108 15435
20231121 15389
20231122 15389
20231123 15402
20231122 15389
20231124 15408
20231122 15389
20231125 15403
20231122 15389
20231126 15399
20231122 15389
20231127 15393
20231122 15389
20231128 15387
20231122 15389
20231129 15421
20231122 15389
20231130 15424
20231122 15389
20231201 15425
20231122 15389
20231202 15423
20231122 15389
20231203 15414
20231122 15389
20231204 15410
20231205 15410
20231206 15412
20231205 15410
20231207 15417
20231205 15410
20231208 15412
20231205 15410
20231209 15407
20231205 15410
20231210 15405
20231205 15410
20231211 15395
20231205 15410
20231212 15397
20231205 15410
20231213 15399
20231205 15410
20231214 15402
20231205 15410
20231215 15413
20231205 15410
20231216 15418
20231205 15410
20231217 15412
20231205 15410
20231218 15416
20231205 15410
20231219 15419
20231205 15410
20231220 15417
20231205 15410
20231221 15413
20231205 15410
20231222 15421
20231205 15410
20231223 15418
20231205 15410
20231224 15414
20231205 15410
20231225 15404
20231205 15410
20231226 15402
20231205 15410
20231227 15399
20231205 15410
20231230 15397
20231205 15410
20231231 15396
20231205 15410
20240101 15385
20240102 15385
20240103 15387
20240102 15385
20240104 15380
20240102 15385
20240105 15382
20240102 15385
20240106 15413
20240102 15385
20240107 15418
20240102 15385
20240108 15419
20240102 15385
20240109 15423
20240102 15385
20240110 15424
20240102 15385
20240111 15458
20240102 15385
20240112 15465
20240102 15385
20240113 15461
20240102 15385
20240114 15462
20240102 15385
20240115 15465
20240102 15385
20240116 15455
20240102 15385
20240117 15456
20240102 15385
20240118 15459
20240102 15385
20240119 15464
20240102 15385
20240120 15475
20240121 15475
20240122 15479
20240121 15475
20240124 15494
20240121 15475
20240125 15492
20240121 15475
20240126 15496
20240121 15475
20240127 15510
20240121 15475
20240128 15526
20240121 15475
20240129 15533
20240121 15475
20240130 15538
20240121 15475
20240131 15537
20240121 15475
20240201 15535
20240121 15475
20240202 15541
20240203 15541
20240204 15546
20240203 15541
20240205 15552
20240203 15541
20240206 15581
20240203 15541
20240207 15589
20240203 15541
20240208 15581
20240203 15541
20240209 15584
20240203 15541
20240210 15581
20240203 15541
20240211 15573
20240203 15541
20240212 15582
20240203 15541
20240213 15590
20240203 15541
20240214 15600
20240203 15541
20240215 15618
20240203 15541
20240216 15625
20240203 15541
20240217 15626
20240203 15541
20240218 15620
20240203 15541
20240219 15613
20240203 15541
20240220 15617
20240203 15541
20240221 15615
20240203 15541
20240222 15620
20240223 15620
20240224 15628
20240223 15620
20240225 15626
20240223 15620
20240226 15633
20240223 15620
20240227 15638
20240223 15620
20240228 15642
20240223 15620
20240229 15647
20240223 15620
20240301 15674
20240223 15620
20240302 15670
20240223 15620
20240303 15664
20240223 15620
20240304 15653
20240305 15653
20240306 15662
20240305 15653
20240307 15678
20240305 15653
20240308 15679
20240305 15653
20240309 15681
20240305 15653
20240310 15675
20240305 15653
20240311 15678
20240305 15653
20240312 15685
20240305 15653
20240313 15682
20240305 15653
20240314 15684
20240305 15653
20240315 15695
20240305 15653
20240316 15699
20240305 15653
20240317 15701
20240305 15653
20240318 15696
20240305 15653
20240319 15698
20240305 15653
20240320 15700
20240305 15653
20240321 15703
20240305 15653
20240322 15702
20240305 15653
20240323 15705
20240305 15653
20240324 15707
20240305 15653
20240325 15716
20240305 15653
20240326 15705
20240305 15653
20240327 15706
20240305 15653
20240328 15712
20240305 15653
20240329 15715
20240305 15653
20240330 15694
20240305 15653
20240331 15691
20240305 15653
20240401 15687
20240305 15653
20240402 15678
20240305 15653
20240403 15669
20240305 15653
20240404 15666
20240405 15666
20240406 15663
20240405 15666
20240407 15661
20240405 15666
20240408 15657
20240405 15666
20240409 15660
20240405 15666
20240410 15663
20240405 15666
20240411 15664
20240405 15666
20240412 15665
20240405 15666
20240413 15662
20240405 15666
20240415 15651
20240405 15666
20240416 15648
20240405 15666
20240417 15652
20240405 15666
20240418 15649
20240405 15666
20240419 15645
20240405 15666
20240420 15648
20240405 15666
20240421 15645
20240405 15666
20240422 15643
20240405 15666
20240423 15642
20240405 15666
20240424 15645
20240405 15666
20240425 15641
20240405 15666
20240426 15651
20240405 15666
20240427 15659
20240405 15666
20240428 15663
20240429 15666
20240405 15666
20240430 15672
20240405 15666
20240501 15681
20240405 15666
20240503 15706
20240405 15666
20240504 15713
20240405 15666
20240505 15716
20240405 15666
20240506 15713
20240405 15666
20240507 15714
20240405 15666
20240508 15711
20240509 15711
20240510 15705
20240511 15711
20240509 15711
20240512 15710
20240509 15711
20240513 15712
20240509 15711
20240514 15721
20240509 15711
20240515 15717
20240509 15711
20240516 15714
20240509 15711
20240517 15716
20240509 15711
20240518 15720
20240509 15711
20240519 15715
20240520 15715
20240521 15717
20240522 15717
20240523 15718
20240522 15717
20240524 15661
20240522 15717
20240525 15663
20240522 15717
20240526 15670
20240522 15717
20240527 15671
20240522 15717
20240528 15680
20240522 15717
20240529 15700
20240522 15717
20240530 15707
20240522 15717
20240531 15722
20240522 15717
20240601 15731
20240522 15717
20240602 15713
20240522 15717
20240603 15718
20240522 15717
20240604 15734
20240522 15717
20240605 15756
20240522 15717
20240606 15765
20240522 15717
20240609 15781
20240522 15717
20240611 15785
20240522 15717
20240612 15784
20240522 15717
20240613 15789
20240522 15717
20240614 15794
20240522 15717
20240615 15800
20240522 15717
20240616 15799
20240522 15717
20240617 15795
20240522 15717
20240618 15796
20240522 15717
20240620 15797
20240522 15717
20240621 15803
20240522 15717
20240622 15813
20240522 15717
20240623 15810
20240522 15717
20240624 15818
20240522 15717
20240626 15865
20240522 15717
20240627 15871
20240522 15717
20240628 15874
20240522 15717
20240629 15865
20240522 15717
20240630 15863
20240522 15717
20240701 15856
20240702 15856
20240703 15854
20240702 15856
20240704 15853
20240702 15856
20240705 15850
20240702 15856
20240706 15843
20240707 15843
20240708 15852
20240707 15843
20240709 15850
20240707 15843
20240710 15854
20240707 15843
20240711 15853
20240707 15843
20240712 15851
20240707 15843
20240713 15855
20240707 15843
20240714 15846
20240715 15843
20240707 15843
20240716 15851
20240707 15843
20240717 15865
20240707 15843
20240718 15857
20240707 15843
20240719 15854
20240707 15843
20240720 15851
20240707 15843
20240721 15854
20240707 15843
20240722 15855
20240724 15855
20240725 15868
20240724 15855
20240726 15865
20240724 15855
20240727 15867
20240724 15855
20240728 15864
20240724 15855
20240729 15860
20240724 15855
20240730 15867
20240731 15867
20240801 15869
20240731 15867
20240802 15871
20240731 15867
20240803 15870
20240731 15867
20240804 15868
20240731 15867
20240805 15862
20240731 15867
20240806 15861
20240731 15867
20240807 15853
20240731 15867
20240808 15852
20240731 15867
20240809 15837
20240731 15867
20240810 15842
20240731 15867
20240811 15849
20240731 15867
20240812 15847
20240731 15867
20240813 15851
20240731 15867
20240814 15856
20240731 15867
20240815 15861
20240731 15867
20240816 15862
20240817 15867
20240818 15867
20240819 15870
20240818 15867
20240820 15873
20240818 15867
20240821 15861
20240818 15867
20240822 15849
20240818 15867
20240823 15850
20240818 15867
20240824 15856
20240818 15867
20240825 15854
20240818 15867
20240826 15849
20240818 15867
20240827 15837
20240818 15867
20240828 15841
20240818 15867
20240829 15845
20240818 15867
20240830 15843
20240818 15867
20240831 15840
20240818 15867
20240901 15841
20240818 15867
20240902 15861
20240818 15867
20240903 15864
20240818 15867
20240904 15876
20240818 15867
20240905 15894
20240818 15867
20240906 15892
20240818 15867
20240907 15883
20240818 15867
20240908 15872
20240818 15867
20240909 15849
20240818 15867
20240910 15833
20240818 15867
20240911 15829
20240912 15829
20240913 15831
20240912 15829
20240914 15841
20240912 15829
20240915 15838
20240912 15829
20240916 15833
20240912 15829
20240917 15840
20240912 15829
20240918 15850
20240912 15829
20240919 15863
20240920 15863
20240921 15854
20240920 15863
20240921 15859
20240920 15863
20240922 15854
20240920 15863
20240925 15841
20240925 15841
