20230707 6207
20230709 6200
20230710 6202
20230711 6204
20230712 6204
20230713 6209
20230714 6212
20230715 6212
20230716 6210
20230717 6208
20230718 6208
20230719 6211
20230720 6211
20230721 6210
20230722 6212
20230723 6211
20230724 6217
20230725 6214
20230726 6221
20230727 6215
20230728 6214
20230729 6216
20230730 6213
20230731 6209
20230801 6209
20230802 6209
20230803 6208
20230804 6216
20230805 6216
20230806 6216
20230807 6214
20230808 6215
20230809 6216
20230810 6217
20230811 6218
20230812 6217
20230813 6216
20230815 6215
20230816 6211
20230817 6211
20230818 6213
20230819 6210
20230820 6211
20230821 6209
20230822 6212
20230823 6207
20230824 6209
20230825 6207
20230826 6208
20230827 6211
20230828 6211
20230829 6209
20230830 6209
20230831 6215
20230901 6212
20230902 6217
20230903 6212
20230904 6215
20230905 6215
20230906 6217
20230907 6218
20230908 6215
20230909 6217
20230910 6216
20230911 6215
20230912 6214
20230913 6213
20230914 6216
20230915 6214
20230916 6212
20230917 6214
20230918 6214
20230919 6210
20230920 5871
20230921 5875
20230922 5875
20230923 5872
20230924 5869
20230925 5870
20230926 5872
20230927 5872
20230928 5867
20230929 5878
20230930 5881
20231001 5881
20231002 5881
20231003 5881
20231005 5882
20231007 5883
20231008 5885
20231009 5884
20231010 5886
20231011 5883
20231012 5880
20231013 5880
20231014 5880
20231015 5879
20231016 5878
20231017 5882
20231018 5882
20231019 5882
20231020 5880
20231021 5876
