20230707 29332
20230709 29340
20230710 29317
20230711 29329
20230712 29329
20230713 29338
20230712 29329
20230714 29349
20230712 29329
20230715 29379
20230712 29329
20230716 29374
20230712 29329
20230717 29371
20230712 29329
20230718 29362
20230712 29329
20230719 29350
20230712 29329
20230720 29342
20230712 29329
20230721 29332
20230712 29329
20230722 29346
20230712 29329
20230723 29336
20230712 29329
20230724 29342
20230712 29329
20230725 29347
20230712 29329
20230726 29359
20230712 29329
20230727 29366
20230712 29329
20230728 29390
20230712 29329
20230729 29410
20230712 29329
20230730 29418
20230712 29329
20230731 29416
20230712 29329
20230801 29430
20230712 29329
20230802 29444
20230712 29329
20230803 29451
20230712 29329
20230804 29469
20230712 29329
20230805 29475
20230712 29329
20230806 29473
20230712 29329
20230807 29476
20230712 29329
20230808 29490
20230712 29329
20230809 29494
20230712 29329
20230810 29496
20230712 29329
20230811 29486
20230712 29329
20230812 29477
20230712 29329
20230813 29481
20230712 29329
20230815 29495
20230712 29329
20230816 29494
20230712 29329
20230817 29496
20230712 29329
20230818 29504
20230712 29329
20230819 29498
20230712 29329
20230820 29501
20230712 29329
20230821 29491
20230712 29329
20230822 29499
20230712 29329
20230823 29504
20230712 29329
20230824 29502
20230712 29329
20230825 29491
20230712 29329
20230826 29493
20230712 29329
20230827 29486
20230828 29486
20230829 29482
20230828 29486
20230830 29474
20230828 29486
20230831 29480
20230828 29486
20230901 29466
20230828 29486
20230902 29454
20230903 29454
20230904 29447
20230905 29454
20230903 29454
20230906 29475
20230903 29454
20230907 29469
20230903 29454
20230908 29459
20230903 29454
20230909 29461
20230903 29454
20230910 29463
20230903 29454
20230911 29466
20230903 29454
20230912 29473
20230903 29454
20230913 29486
20230903 29454
20230914 29492
20230903 29454
20230915 29493
20230903 29454
20230916 29495
20230903 29454
20230917 29492
20230903 29454
20230918 29493
20230903 29454
20230919 29499
20230903 29454
20230920 27498
20230903 29454
20230921 27502
20230903 29454
20230922 27512
20230903 29454
20230923 27509
20230903 29454
20230924 27497
20230903 29454
20230925 27494
20230903 29454
20230926 27488
20230903 29454
20230927 27484
20230903 29454
20230928 27481
20230903 29454
20230929 27486
20230903 29454
20230930 27469
20230903 29454
20231001 27466
20230903 29454
20231002 27468
20230903 29454
20231003 27483
20230903 29454
20231005 27487
20230903 29454
20231007 27492
20230903 29454
20231008 27485
20231009 27485
20231010 27476
20231009 27485
20231011 27475
20231009 27485
20231012 27483
20231009 27485
20231013 27471
20231015 27471
20231016 27461
20231017 27471
20231015 27471
20231018 27478
20231015 27471
20231019 27503
20231015 27471
20231020 27507
20231015 27471
20231021 27518
20231015 27471
20231022 27517
20231015 27471
20231023 27516
20231024 27516
20231025 27512
20231024 27516
20231026 27509
20231024 27516
20231027 27511
20231024 27516
20231028 27500
20231024 27516
20231029 27502
20231024 27516
20231030 27491
20231024 27516
20231031 27488
20231024 27516
20231101 27497
20231024 27516
20231102 27500
20231024 27516
20231103 27501
20231024 27516
20231104 27509
20231024 27516
20231105 27511
20231024 27516
20231106 27510
20231024 27516
20231107 27517
20231108 27517
20231109 27520
20231108 27517
20231110 27525
20231108 27517
20231111 27527
20231108 27517
20231112 27525
20231108 27517
20231113 27518
20231108 27517
20231114 27509
20231108 27517
20231115 27508
20231108 27517
20231116 27516
20231108 27517
20231117 27545
20231108 27517
20231118 27539
20231108 27517
20231120 27525
20231108 27517
20231121 27522
20231108 27517
20231122 27530
20231108 27517
20231123 27532
20231108 27517
20231124 27540
20231108 27517
20231125 27542
20231108 27517
20231126 27541
20231108 27517
20231127 27539
20231108 27517
20231128 27541
20231108 27517
20231129 27622
20231108 27517
20231130 27612
20231108 27517
20231201 27610
20231108 27517
20231202 27608
20231108 27517
20231203 27594
20231108 27517
20231204 27588
20231108 27517
20231205 27585
20231108 27517
20231206 27600
20231108 27517
20231207 27601
20231108 27517
20231208 27604
20231108 27517
20231209 27610
20231108 27517
20231210 27595
20231108 27517
20231211 27598
20231108 27517
20231212 27601
20231108 27517
20231213 27603
20231108 27517
20231214 27610
20231108 27517
20231215 27612
20231108 27517
20231216 27613
20231108 27517
20231217 27610
20231108 27517
20231218 27602
20231108 27517
20231219 27600
20231108 27517
20231220 27598
20231108 27517
20231221 27586
20231108 27517
20231222 27614
20231108 27517
20231223 27595
20231108 27517
20231224 27587
20231108 27517
20231225 27569
20231108 27517
20231226 27513
20231108 27517
20231227 27438
20231108 27517
20231230 27512
20231108 27517
20231231 27506
20231108 27517
20240101 27493
20231108 27517
20240102 27481
20231108 27517
20240103 27489
20240104 27489
20240105 27488
20240104 27489
20240106 27499
20240104 27489
20240107 27496
20240104 27489
20240108 27498
20240104 27489
20240109 27490
20240104 27489
20240110 27515
20240104 27489
20240111 27548
20240104 27489
20240112 27553
20240104 27489
20240113 27545
20240104 27489
20240114 27543
20240104 27489
20240115 27529
20240104 27489
20240116 27521
20240104 27489
20240117 27515
20240104 27489
20240118 27523
20240119 27523
20240120 27514
20240119 27523
20240121 27509
20240119 27523
20240122 27511
20240124 27523
20240119 27523
20240125 27528
20240119 27523
20240126 27534
20240119 27523
20240127 27536
20240119 27523
20240128 27531
20240119 27523
20240129 27529
20240119 27523
20240130 27535
20240119 27523
20240131 27532
20240119 27523
20240201 27536
20240202 27536
20240203 27548
20240202 27536
20240204 27543
20240202 27536
20240205 27529
20240202 27536
20240206 27551
20240202 27536
20240207 27556
20240202 27536
20240208 27560
20240202 27536
20240209 27564
20240202 27536
20240210 27569
20240202 27536
20240211 27571
20240202 27536
20240212 27569
20240202 27536
20240213 27560
20240202 27536
20240214 27557
20240202 27536
20240215 27552
20240202 27536
20240216 27556
20240202 27536
20240217 27554
20240202 27536
20240218 27541
20240202 27536
20240219 27531
20240202 27536
20240220 27528
20240202 27536
20240221 27531
20240202 27536
20240222 27547
20240202 27536
20240223 27539
20240202 27536
20240224 27538
20240202 27536
20240225 27540
20240202 27536
20240226 27537
20240227 27536
20240202 27536
20240228 27537
20240202 27536
20240229 27525
20240202 27536
20240301 27529
20240202 27536
20240302 27522
20240202 27536
20240303 27515
20240202 27536
20240304 27503
20240202 27536
20240305 27510
20240202 27536
20240306 27511
20240202 27536
20240307 27522
20240202 27536
20240308 27523
20240202 27536
20240309 27513
20240202 27536
20240310 27509
20240202 27536
20240311 27508
20240202 27536
20240312 27517
20240202 27536
20240313 27504
20240202 27536
20240314 27495
20240202 27536
20240315 27503
20240202 27536
20240316 27500
20240202 27536
20240317 27499
20240202 27536
20240318 27486
20240202 27536
20240319 27473
20240202 27536
20240320 27464
20240202 27536
20240321 27446
20240202 27536
20240322 27436
20240202 27536
20240323 27406
20240202 27536
20240324 27381
20240202 27536
20240325 27380
20240202 27536
20240326 27377
20240202 27536
20240327 27384
20240202 27536
20240328 27400
20240202 27536
20240329 27399
20240202 27536
20240330 27404
20240202 27536
20240331 27394
20240202 27536
20240401 27398
20240202 27536
20240402 27383
20240202 27536
20240403 27386
20240202 27536
20240404 27382
20240202 27536
20240405 27385
20240202 27536
20240406 27378
20240202 27536
20240407 27383
20240202 27536
20240408 27371
20240202 27536
20240409 27370
20240202 27536
20240410 27314
20240411 27314
20240412 27320
20240411 27314
20240413 27306
20240411 27314
20240415 27300
20240411 27314
20240416 27309
20240411 27314
20240417 27313
20240411 27314
20240418 27324
20240411 27314
20240419 27319
20240420 27319
20240421 27293
20240420 27319
20240422 27291
20240423 27291
20240424 27294
20240423 27291
20240425 27287
20240423 27291
20240426 27294
20240423 27291
20240427 27293
20240423 27291
20240428 27286
20240423 27291
20240429 27299
20240423 27291
20240430 27300
20240423 27291
20240501 27284
20240423 27291
20240503 27289
20240423 27291
20240504 27300
20240423 27291
20240505 27303
20240506 27303
20240507 27309
20240506 27303
20240508 27300
20240506 27303
20240509 27313
20240506 27303
20240510 27304
20240506 27303
20240511 27296
20240506 27303
20240512 27289
20240506 27303
20240513 27292
20240506 27303
20240514 27295
20240506 27303
20240515 27300
20240516 27300
20240517 27297
20240516 27300
20240518 27308
20240516 27300
20240519 27303
20240516 27300
20240520 27299
20240516 27300
20240521 27302
20240516 27300
20240522 27289
20240516 27300
20240523 27278
20240516 27300
20240524 27273
20240516 27300
20240525 27261
20240516 27300
20240526 27262
20240516 27300
20240527 27257
20240516 27300
20240528 27241
20240516 27300
20240529 27230
20240516 27300
20240530 27209
20240516 27300
20240531 27164
20240516 27300
20240601 27140
20240516 27300
20240602 27078
20240516 27300
20240603 27064
20240516 27300
20240604 27051
20240516 27300
20240605 27039
20240516 27300
20240606 27032
20240516 27300
20240609 27016
20240516 27300
20240611 26999
20240516 27300
20240612 26984
20240613 26984
20240614 26965
20240613 26984
20240615 26969
20240613 26984
20240616 26958
20240613 26984
20240617 26955
20240613 26984
20240618 26945
20240613 26984
20240620 26949
20240613 26984
20240621 26964
20240613 26984
20240622 26962
20240613 26984
20240623 26953
20240613 26984
20240624 26952
20240613 26984
20240626 27019
20240613 26984
20240627 27022
20240613 26984
20240628 27015
20240613 26984
20240629 26997
20240613 26984
20240630 26996
20240613 26984
20240701 26987
20240613 26984
20240702 26988
20240703 26984
20240613 26984
20240704 26997
20240613 26984
20240705 27004
20240613 26984
20240706 26990
20240613 26984
20240707 26985
20240613 26984
20240708 26963
20240613 26984
20240709 26966
20240613 26984
20240710 26978
20240613 26984
20240711 26988
20240613 26984
20240712 26989
20240613 26984
20240713 26980
20240613 26984
20240714 26970
20240613 26984
20240715 26973
20240613 26984
20240716 26965
20240613 26984
20240717 26959
20240613 26984
20240718 26954
20240613 26984
20240719 26958
20240613 26984
20240720 26950
20240613 26984
20240721 26930
20240613 26984
20240722 26915
20240613 26984
20240723 26894
20240724 26894
20240725 26898
20240724 26894
20240726 26884
20240724 26894
20240727 26879
20240724 26894
20240728 26865
20240724 26894
20240729 26854
20240724 26894
20240730 26860
20240724 26894
20240731 26858
20240724 26894
20240801 26860
20240724 26894
20240802 26857
20240724 26894
20240803 26867
20240724 26894
20240804 26854
20240724 26894
20240805 26830
20240724 26894
20240806 26832
20240724 26894
20240807 26822
20240724 26894
20240808 26826
20240724 26894
20240809 26785
20240724 26894
20240810 26784
20240724 26894
20240811 26800
20240724 26894
20240812 26782
20240724 26894
20240813 26785
20240724 26894
20240814 26788
20240724 26894
20240815 26797
20240724 26894
20240816 26796
20240724 26894
20240817 26790
20240724 26894
20240818 26789
20240724 26894
20240819 26782
20240724 26894
20240820 26778
20240821 26778
20240822 26774
20240821 26778
20240823 26747
20240821 26778
20240824 26738
20240821 26778
20240825 26730
20240821 26778
20240826 26723
20240821 26778
20240827 26716
20240821 26778
20240828 26688
20240821 26778
20240829 26693
20240821 26778
20240830 26694
20240821 26778
20240831 26692
20240821 26778
20240901 26699
20240821 26778
20240902 26711
20240821 26778
20240903 26699
20240821 26778
20240904 26705
20240821 26778
20240905 26712
20240821 26778
20240906 26706
20240821 26778
20240907 26698
20240821 26778
20240908 26689
20240821 26778
20240909 26664
20240821 26778
20240910 26649
20240821 26778
20240911 26639
20240821 26778
20240912 26643
20240821 26778
20240913 26628
20240821 26778
20240914 26635
20240821 26778
20240915 26629
20240821 26778
20240916 26627
20240821 26778
20240917 26637
20240821 26778
20240918 26626
20240821 26778
20240919 26638
20240821 26778
20240920 26644
20240821 26778
20240921 26631
20240821 26778
20240921 26632
20240922 26632
20240925 26628
20240926 26628
