20230707 7199
20230709 7196
20230710 7191
20230711 7194
20230712 7197
20230713 7202
20230714 7204
20230715 7205
20230716 7197
20230717 7198
20230718 7199
20230719 7194
20230720 7194
20230721 7197
20230722 7194
20230723 7192
20230724 7187
20230725 7184
20230726 7179
20230727 7183
20230728 7181
20230729 7177
20230730 7170
20230731 7167
20230801 7168
20230802 7171
20230803 7163
20230804 7166
20230805 7167
20230806 7167
20230807 7163
20230808 7171
20230809 7170
20230810 7171
20230811 7167
20230812 7174
20230813 7175
20230815 7171
20230816 7170
20230817 7176
20230818 7187
20230819 7189
20230820 7191
20230821 7195
20230822 7201
20230823 7187
20230824 7186
20230825 7185
20230826 7193
20230827 7189
20230828 7191
20230829 7189
