20230922 1025549
20230924 1026185
20230925 1026326
20230926 1026361
20230927 1026367
20230928 1026513
20230929 1026722
20230930 1026889
20231001 1026856
20231002 1026979
20231003 1026995
20231005 1026937
20231007 1027285
20231008 1027825
20231009 1028027
20231010 1028343
20231011 1028547
20231012 1028665
20231013 1029060
20231014 1029198
20231015 1029476
20231016 1029708
20231017 1029708
20231018 1029466
20231019 1029466
20231020 1029193
20231021 1029325
20231022 1029448
20231023 1029614
20231024 1029779
20231025 1029623
20231026 1029764
20231027 1029882
20231028 1030016
20231029 1030084
20231030 1029587
20231031 1029693
20231101 1029810
20231102 1029763
20231103 1029714
20231104 1029784
20231105 1029861
20231106 1029966
20231107 1030047
20231108 1030047
20231109 1030314
20231110 1030491
20231111 1030599
20231112 1030776
20231113 1030978
20231114 1030541
20231115 1030689
20231116 1030693
20231117 1030711
20231118 1030834
20231120 1031137
20231121 1031245
20231122 1031266
20231123 1031323
20231124 1031340
20231125 1031385
20231126 1031578
20231127 1032602
20231128 1032853
20231129 1032976
20231130 1033076
20231201 1033798
20231202 1035191
20231203 1036556
20231204 1037612
20231205 1037612
20231206 1037552
20231207 1037467
20231208 1037604
20231209 1037818
20231210 1037952
20231211 1037977
20231212 1037900
20231213 1037784
20231214 1037562
20231215 1037541
20231216 1038029
20231217 1038222
20231218 1038273
20231219 1038222
20231220 1038068
20231221 1037655
20231222 1037560
20231223 1037716
20231224 1037720
20231225 1037911
20231226 1038053
20231227 1036870
20231230 1034472
20231231 1037635
20240101 1037622
20240102 1037073
20240103 1037192
20240104 1037239
20240105 1037096
20240106 1037139
20240107 1037294
20240108 1037581
20240109 1037707
20240110 1037763
20240111 1037828
20240112 1037961
20240113 1038067
20240114 1037478
20240115 1037515
20240116 1037588
20240117 1037559
20240118 1037605
20240119 1136491
20240120 1037631
20240121 1037866
20240122 1037963
20240124 1038485
20240125 1038557
20240126 1038875
20240127 1039068
20240128 1039260
20240129 1039364
20240130 1039364
20240131 1039274
20240201 1039169
20240202 1039335
20240203 1039489
