20230707 40
20230709 40
20230710 40
20230711 40
20230712 40
20230714 40
20230715 40
20230716 40
20230717 40
20230718 40
20230719 40
20230720 40
20230721 40
20230722 40
20230723 40
20230724 40
20230725 40
20230726 40
20230727 40
20230728 40
20230729 40
20230730 40
20230731 40
20230801 40
20230802 40
20230803 41
20230804 41
20230805 41
20230806 41
20230807 41
20230808 41
20230809 41
20230810 41
20230811 41
20230812 41
20230813 41
20230815 41
20230816 41
20230817 41
20230818 41
20230819 41
20230820 41
20230821 41
20230822 41
20230823 41
20230824 41
20230825 41
20230826 41
20230827 41
20230828 41
20230829 41
20230830 41
20230831 41
20230901 41
20230902 41
20230903 41
20230904 41
20230905 41
20230906 41
20230907 41
20230908 41
20230909 41
20230910 41
20230911 41
20230912 41
20230913 41
20230914 41
20230915 41
20230916 41
20230917 41
20230918 41
20230919 41
20230920 39
20230921 39
20230922 39
20230923 39
20230924 39
20230925 39
20230926 39
20230927 39
20230928 39
20230929 39
20230930 39
20231001 39
20231002 39
20231003 39
