20230922 2512
20230924 2511
20230925 2513
20230926 2513
20230927 2513
20230928 2513
20230929 2516
20230930 2515
20231001 2519
20231002 2519
20231003 2518
20231005 2523
20231007 2525
20231008 2525
20231009 2524
20231010 2526
20231011 2527
20231012 2527
20231013 2528
20231014 2528
20231015 2535
20231016 2536
20231017 2536
20231018 2537
20231019 2537
20231020 2539
20231021 2539
20231022 2540
20231023 2542
20231024 2543
20231025 2545
20231026 2544
20231027 2550
20231028 2552
20231029 2554
20231030 2553
20231031 2553
20231101 2554
20231102 2558
20231103 2559
20231104 2560
20231105 2563
20231106 2563
20231107 2563
20231108 2563
20231109 2570
20231110 2574
20231111 2574
20231112 2575
20231113 2578
20231114 2578
