20230707 1575027
20230710 1573151
20230711 1573416
20230712 1573776
20230713 1574301
20230714 1575754
20230715 1575962
20230716 1576224
20230717 1574979
20230718 1575394
20230719 1575247
20230720 1575544
20230721 1576585
20230722 1577067
20230723 1577655
20230724 1576236
20230725 1576557
20230726 1577222
20230727 1577869
20230728 1578041
20230729 1578246
20230730 1579430
20230731 1577813
20230801 1578019
20230802 1578397
20230803 1577773
20230804 1578880
20230805 1579134
20230806 1579790
20230807 1579699
20230808 1580484
20230809 1581125
20230810 1581634
20230811 1582163
20230812 1583909
20230813 1583989
20230815 1583122
