20230707 3344
20230709 3340
20230710 3343
20230711 3345
20230712 3345
20230713 3348
20230714 3350
20230715 3352
20230716 3351
20230717 3350
20230718 3347
20230719 3354
20230720 3354
20230721 3358
20230722 3358
20230723 3361
20230724 3358
20230725 3360
20230726 3373
20230727 3375
20230728 3393
20230729 3404
20230730 3428
20230731 3445
20230801 3457
20230802 3464
20230803 3464
20230804 3458
20230805 3457
20230806 3453
20230807 3446
20230808 3449
20230809 3450
20230810 3440
20230811 3440
20230812 3442
20230813 3440
20230815 3443
20230816 3446
20230817 3457
20230818 3459
20230819 3463
20230820 3463
20230821 3471
20230822 3473
20230823 3484
20230824 3482
20230825 3484
20230826 3487
20230827 3489
20230828 3487
20230829 3486
20230830 3488
20230831 3497
20230901 3499
20230902 3498
20230903 3499
20230904 3499
20230905 3515
20230906 3517
20230907 3514
20230908 3511
20230909 3510
20230910 3508
20230911 3505
20230912 3509
20230913 3505
20230914 3504
20230915 3503
20230916 3506
20230917 3502
20230918 3498
20230919 3498
20230920 3265
20230921 3263
20230922 3269
20230923 3268
20230924 3267
20230925 3265
20230926 3269
20230927 3265
20230928 3265
20230929 3263
20230930 3263
20231001 3262
20231002 3270
20231003 3288
20231005 3297
20231007 3299
20231008 3310
20231009 3327
20231010 3345
20231011 3349
20231012 3358
20231013 3368
20231014 3372
20231015 3375
20231016 3372
