20230707 27
20230709 27
20230710 27
20230711 27
20230712 27
20230714 27
20230715 27
20230716 27
20230717 27
20230718 27
20230719 27
20230720 27
20230721 27
20230722 27
20230723 27
20230724 27
20230725 27
20230726 27
20230727 27
20230728 27
20230729 27
20230730 21
20230731 21
20230801 21
20230802 21
20230803 21
20230804 21
20230805 21
20230806 21
20230807 21
20230808 21
20230809 21
20230810 21
20230811 21
20230812 21
20230813 21
20230815 21
20230816 21
20230817 21
20230818 21
20230819 21
20230820 21
20230821 21
20230822 21
20230823 21
20230824 21
20230825 21
20230826 21
20230827 21
20230828 21
20230829 21
20230830 21
20230831 21
20230901 21
20230902 21
20230903 21
20230904 21
20230905 21
20230906 21
20230907 21
20230908 21
20230909 21
20230910 21
20230911 21
20230912 21
20230913 21
20230914 21
20230915 21
20230916 21
20230917 21
20230918 21
20230919 21
20230920 19
20230921 19
20230922 19
20230923 19
20230924 19
20230925 19
20230926 19
20230927 19
20230928 19
20230929 19
20230930 19
20231001 19
20231002 19
20231003 19
20231005 19
20231007 19
20231008 19
20231009 19
20231010 19
20231011 19
20231012 19
20231013 19
20231014 19
20231015 19
20231016 19
20231017 19
20231018 19
20231019 19
20231020 19
20231021 19
20231022 19
20231023 19
20231024 19
20231025 19
20231026 19
20231027 19
20231028 19
20231029 19
20231030 19
20231031 19
20231101 19
20231102 19
20231103 19
20231104 19
20231105 19
20231106 19
20231107 19
20231108 19
20231109 19
20231110 19
20231111 19
20231112 19
20231113 19
20231114 19
20231115 19
20231116 19
20231117 19
20231118 19
20231120 19
20231121 19
20231122 20
20231123 20
20231124 20
20231125 20
20231126 20
20231127 20
20231128 20
20231129 20
20231130 20
20231201 20
20231202 20
20231203 20
20231204 21
20231205 21
20231206 21
20231207 21
20231208 21
20231209 21
20231210 21
20231211 21
20231212 21
20231213 21
20231214 21
