20230707 7935
20230709 7933
20230710 7929
20230711 7930
20230712 7928
20230713 7931
20230714 7923
20230715 7922
20230716 7923
20230717 7924
20230718 7924
20230719 7905
20230718 7924
20230720 7902
20230718 7924
20230721 7883
20230718 7924
20230722 7884
20230723 7884
20230724 7881
20230723 7884
20230725 7882
20230726 7882
20230727 7885
20230726 7882
20230728 7881
20230729 7881
20230730 7882
20230729 7881
20230731 7885
20230729 7881
20230801 7886
20230729 7881
20230802 7890
20230729 7881
20230803 7889
20230729 7881
20230804 7891
20230729 7881
20230805 7894
20230729 7881
20230806 7892
20230808 7892
20230809 7890
20230810 7890
20230811 7885
20230812 7890
20230810 7890
20230813 7893
20230810 7890
20230815 7902
20230810 7890
20230816 7904
20230810 7890
20230817 7903
20230810 7890
20230818 7905
20230810 7890
20230819 7910
20230810 7890
20230820 7907
20230810 7890
20230821 7905
20230810 7890
20230822 7907
20230810 7890
20230823 7902
20230810 7890
20230824 7889
20230810 7890
20230825 7893
20230810 7890
20230826 7892
20230827 7892
20230828 7890
20230827 7892
20230829 7888
20230827 7892
20230830 7882
20230827 7892
20230831 7885
20230827 7892
20230901 7887
20230827 7892
20230902 7878
20230827 7892
20230903 7875
20230905 7875
20230906 7871
20230905 7875
20230907 7869
20230905 7875
20230908 7871
20230905 7875
20230909 7869
20230905 7875
20230910 7865
20230905 7875
20230911 7871
20230912 7871
20230913 7872
20230912 7871
20230914 7874
20230912 7871
20230915 7873
20230912 7871
20230916 7872
20230917 7872
20230918 7871
20230917 7872
20230919 7877
20230917 7872
20230920 7776
20230917 7872
20230921 7779
20230917 7872
20230922 7781
20230917 7872
20230923 7780
20230917 7872
20230924 7778
20230917 7872
20230925 7775
20230926 7775
20230927 7769
20230926 7775
20230928 7770
20230926 7775
20230929 7773
20230926 7775
20230930 7770
20230926 7775
20231001 7767
20230926 7775
20231002 7763
20230926 7775
20231003 7754
20230926 7775
20231005 7756
20231007 7756
20231008 7753
20231007 7756
20231009 7750
20231007 7756
20231010 7746
20231007 7756
20231011 7747
20231007 7756
20231012 7741
20231013 7741
20231014 7743
20231013 7741
20231015 7746
20231013 7741
20231016 7743
20231017 7743
20231018 7739
20231017 7743
20231019 7733
20231017 7743
20231020 7732
20231017 7743
20231021 7727
20231017 7743
20231022 7723
20231017 7743
20231023 7720
20231017 7743
20231024 7725
20231025 7725
20231026 7724
20231025 7725
20231027 7727
20231028 7727
20231029 7729
20231028 7727
20231030 7728
20231028 7727
20231031 7726
20231101 7727
20231028 7727
20231102 7726
20231028 7727
20231103 7724
20231028 7727
20231104 7723
20231106 7723
20231107 7721
20231106 7723
20231108 7717
20231106 7723
20231109 7714
20231106 7723
20231110 7718
20231111 7718
20231112 7712
20231111 7718
20231113 7713
20231114 7718
20231111 7718
20231115 7723
20231111 7718
20231116 7721
20231117 7718
20231111 7718
20231118 7711
20231111 7718
20231120 7706
20231111 7718
20231121 7708
20231111 7718
20231122 7709
20231111 7718
20231123 7707
20231111 7718
20231124 7708
20231125 7708
20231126 7704
20231125 7708
20231127 7703
20231128 7703
20231129 7701
20231130 7701
20231201 7698
20231130 7701
20231202 7693
20231130 7701
20231203 7685
20231130 7701
20231204 7683
20231130 7701
20231205 7695
20231130 7701
20231206 7699
20231130 7701
20231207 7697
20231130 7701
20231208 7648
20231130 7701
20231209 7646
20231130 7701
20231210 7648
20231130 7701
20231211 7646
20231130 7701
20231212 7650
20231130 7701
20231213 7649
20231130 7701
20231214 7643
20231130 7701
20231215 7646
20231130 7701
20231216 7642
20231217 7642
20231218 7636
20231217 7642
20231219 7638
20231217 7642
20231220 7632
20231217 7642
20231221 7634
20231217 7642
20231222 7624
20231217 7642
20231223 7625
20231225 7625
20231226 7627
20231227 7625
20231225 7625
20231230 7626
20231231 7625
20231225 7625
20240101 7619
20231225 7625
20240102 7621
20231225 7625
20240103 7618
20231225 7625
20240104 7615
20231225 7625
20240105 7616
20231225 7625
20240106 7614
20231225 7625
20240107 7610
20231225 7625
20240108 7614
20231225 7625
20240109 7623
20231225 7625
20240110 7621
20231225 7625
20240111 7629
20231225 7625
20240112 7626
20231225 7625
20240113 7627
20231225 7625
20240114 7626
20231225 7625
20240115 7622
20231225 7625
20240116 7624
20231225 7625
20240117 7632
20231225 7625
20240118 7627
20231225 7625
20240119 7623
20231225 7625
20240120 7621
20231225 7625
20240121 7626
20231225 7625
20240122 7624
20240124 7625
20231225 7625
20240125 7629
20240126 7625
20231225 7625
20240127 7627
20231225 7625
20240128 7619
20231225 7625
20240129 7615
20231225 7625
20240130 7621
20231225 7625
20240131 7624
20231225 7625
20240201 7623
20231225 7625
20240202 7632
20231225 7625
20240203 7639
20231225 7625
20240204 7638
20231225 7625
20240205 7636
20231225 7625
20240206 7635
20231225 7625
20240207 7636
20231225 7625
20240208 7639
20231225 7625
20240209 7638
20231225 7625
20240210 7634
20231225 7625
20240211 7630
20231225 7625
20240212 7638
20231225 7625
20240213 7632
20231225 7625
20240214 7628
20231225 7625
20240215 7629
20240216 7625
20231225 7625
20240217 7626
20231225 7625
20240218 7624
20240219 7624
20240220 7627
20240219 7624
20240221 7630
20240219 7624
20240222 7634
20240219 7624
20240223 7655
20240219 7624
20240224 7661
20240219 7624
20240225 7666
20240219 7624
20240226 7663
20240219 7624
20240227 7660
20240219 7624
20240228 7658
20240219 7624
20240229 7659
20240219 7624
20240301 7660
20240219 7624
20240302 7661
20240219 7624
20240303 7660
20240219 7624
20240304 7657
20240219 7624
20240305 7662
20240219 7624
20240306 7661
20240219 7624
20240307 7660
20240219 7624
20240308 7665
20240309 7665
20240310 7666
20240309 7665
20240311 7661
20240309 7665
20240312 7658
20240313 7658
20240314 7660
20240315 7660
20240316 7655
20240315 7660
20240317 7658
20240315 7660
20240318 7659
20240315 7660
20240319 7662
20240315 7660
20240320 7661
20240321 7661
20240322 7662
20240321 7661
20240323 7659
20240321 7661
20240324 7645
20240321 7661
20240325 7636
20240327 7636
20240328 7637
20240327 7636
20240329 7638
20240327 7636
20240330 7629
20240331 7629
20240401 7626
20240331 7629
20240402 7625
20240331 7629
20240403 7626
20240404 7626
20240405 7624
20240404 7626
20240406 7628
20240407 7628
20240408 7630
20240407 7628
20240409 7629
20240407 7628
20240410 7625
20240407 7628
20240411 7623
20240407 7628
20240412 7635
20240407 7628
20240413 7630
20240407 7628
20240415 7626
20240416 7626
20240417 7622
20240416 7626
20240418 7623
20240419 7623
20240420 7638
20240419 7623
20240421 7641
20240419 7623
20240422 7638
20240419 7623
20240423 7633
20240419 7623
20240424 7632
20240419 7623
20240425 7634
20240419 7623
20240426 7636
20240419 7623
20240427 7640
20240419 7623
20240428 7634
20240419 7623
20240429 7633
20240419 7623
20240430 7612
20240501 7612
20240503 7607
20240501 7612
20240504 7605
20240501 7612
20240505 7603
20240501 7612
20240506 7602
20240501 7612
20240507 7608
20240508 7612
20240501 7612
20240509 7615
20240501 7612
20240510 7614
20240501 7612
20240511 7595
20240501 7612
20240512 7582
20240513 7582
20240514 7587
20240513 7582
20240515 7592
20240513 7582
20240516 7588
20240513 7582
20240517 7592
20240513 7582
20240518 7593
20240513 7582
20240519 7591
20240513 7582
20240520 7580
20240513 7582
20240521 7575
20240513 7582
20240522 7576
20240513 7582
20240523 7578
20240513 7582
20240524 7572
20240513 7582
20240525 7576
20240513 7582
20240526 7571
20240513 7582
20240527 7566
20240513 7582
20240528 7563
20240513 7582
20240529 7566
20240513 7582
20240530 7563
20240513 7582
20240531 7560
20240513 7582
20240601 7564
20240513 7582
20240602 7565
20240513 7582
20240603 7560
20240513 7582
20240604 7563
20240513 7582
20240605 7559
20240513 7582
20240606 7557
20240513 7582
20240609 7565
20240513 7582
20240611 7561
20240513 7582
20240612 7562
20240513 7582
20240613 7568
20240513 7582
20240614 7570
20240513 7582
20240615 7568
20240513 7582
20240616 7566
20240513 7582
20240617 7567
20240513 7582
20240618 7565
20240513 7582
20240620 7545
20240513 7582
20240621 7521
20240513 7582
20240622 7511
20240513 7582
20240623 7499
20240513 7582
20240624 7495
20240513 7582
20240626 7492
20240513 7582
20240627 7490
20240513 7582
20240628 7493
20240513 7582
20240629 7495
20240513 7582
20240630 7488
20240513 7582
20240701 7486
20240513 7582
20240702 7483
20240513 7582
20240703 7479
20240513 7582
20240704 7481
20240513 7582
20240705 7479
20240513 7582
20240706 7475
20240513 7582
20240707 7465
20240513 7582
20240708 7456
20240513 7582
20240709 7459
20240513 7582
20240710 7461
20240513 7582
20240711 7460
20240513 7582
20240712 7449
20240513 7582
20240713 7443
20240513 7582
20240714 7441
20240513 7582
20240715 7440
20240513 7582
20240716 7437
20240513 7582
20240717 7432
20240513 7582
20240718 7428
20240513 7582
20240719 7430
20240513 7582
20240720 7428
20240722 7428
20240723 7429
20240724 7429
20240725 7428
20240724 7429
20240726 7427
20240724 7429
20240727 7426
20240724 7429
20240728 7422
20240724 7429
20240729 7421
20240724 7429
20240730 7423
20240724 7429
20240731 7425
20240724 7429
20240801 7426
20240724 7429
20240802 7424
20240724 7429
20240803 7428
20240804 7428
20240805 7430
20240804 7428
20240806 7436
20240804 7428
20240807 7440
20240804 7428
20240808 7447
20240804 7428
20240809 7448
20240804 7428
20240810 7449
20240804 7428
20240811 7447
20240804 7428
20240812 7449
20240804 7428
20240813 7456
20240804 7428
20240814 7468
20240815 7468
20240816 7471
20240815 7468
20240817 7472
20240815 7468
20240818 7461
20240819 7461
20240820 7462
20240819 7461
20240821 7464
20240822 7461
20240819 7461
20240823 7462
20240819 7461
20240824 7460
20240819 7461
20240825 7456
20240826 7456
20240827 7453
20240826 7456
20240828 7457
20240826 7456
20240829 7460
20240826 7456
20240830 7459
20240826 7456
20240831 7461
20240826 7456
20240901 7459
20240826 7456
20240902 7462
20240826 7456
20240903 7464
20240826 7456
20240904 7465
20240826 7456
20240905 7466
20240826 7456
20240906 7467
20240826 7456
20240907 7463
20240826 7456
20240908 7458
20240909 7456
20240826 7456
20240910 7459
20240826 7456
20240911 7480
20240826 7456
20240912 7483
20240826 7456
20240913 7480
20240826 7456
20240914 7481
20240826 7456
20240915 7480
20240826 7456
20240916 7478
20240917 7478
20240918 7477
20240919 7478
20240921 7478
20240921 7484
20240922 7484
20240925 7487
20240922 7484
20240926 7485
20240927 7484
20240922 7484
20240928 7487
20240922 7484
20240929 7489
20240922 7484
20240930 7491
20240922 7484
20241001 7496
20241001 7496
