20230707 5771
20230709 5771
20230710 5763
20230711 5764
20230712 5761
20230713 5760
20230714 5761
20230715 5757
20230716 5758
20230717 5756
20230718 5755
20230719 5751
20230720 5749
20230721 5747
20230722 5747
20230723 5745
20230724 5746
20230725 5741
20230726 5735
20230727 5730
20230728 5728
20230729 5727
20230730 5730
20230731 5730
20230801 5730
20230802 5727
20230803 5728
20230804 5730
20230805 5727
20230806 5731
20230807 5732
20230808 5731
20230809 5735
20230810 5732
20230811 5734
20230812 5732
20230813 5732
20230815 5729
20230816 5729
20230817 5728
20230818 5724
20230819 5723
20230820 5726
20230821 5724
20230822 5720
20230823 5718
20230824 5719
20230825 5718
20230826 5717
20230827 5715
20230828 5713
