20230707 3494581
20230710 3492945
20230711 3493166
20230712 3492994
20230713 3493712
20230714 3493889
20230715 3493495
20230716 3491458
20230717 3492011
20230718 3492305
20230719 3492467
20230720 3492858
20230721 3489516
20230722 3489599
20230723 3486925
20230724 3484812
20230725 3484926
20230726 3484965
20230727 3485218
20230728 3485642
20230729 3485754
20230730 3485340
20230731 3484579
20230801 3484725
20230802 3484413
20230803 3484765
20230804 3485248
20230805 3485532
20230806 3485113
20230807 3484510
20230808 3484558
20230809 3484718
20230810 3484819
20230811 3484966
20230812 3485079
20230813 3484486
20230815 3483169
20230816 3482995
20230817 3483089
20230818 3483282
20230819 3483188
20230820 3482715
20230821 3482073
20230822 3481894
20230823 3481681
20230824 3481619
20230825 3481689
20230826 3481749
20230827 3481148
20230828 3480526
20230829 3480696
20230830 3481085
20230831 3481493
20230901 3481791
20230902 3481599
20230903 3481858
20230904 3481089
20230905 3488661
20230906 3489601
20230907 3490126
20230908 3490836
20230909 3491109
20230910 3490848
20230911 3490537
20230912 3490701
20230913 3491083
20230914 3491557
20230915 3491693
20230916 3491949
20230917 3491722
20230918 3491411
20230919 3491867
20230920 3492359
20230921 3493655
20230922 3494054
20230923 3493764
20230924 3493367
20230925 3493327
20230926 3494360
20230927 3494717
20230928 3495450
20230929 3496149
20230930 3496837
20231001 3496473
20231002 3496769
20231003 3497567
20231005 3499248
20231007 3500688
20231008 3500460
20231009 3500145
20231010 3500845
20231011 3501443
20231012 3502010
20231013 3502794
20231014 3503338
20231015 3503043
20231016 3502701
20231017 3502907
20231018 3503346
20231019 3504034
20231020 3504723
20231021 3505284
20231022 3504914
20231023 3502835
20231024 3502937
20231025 3503577
