20230707 26
20230709 26
20230710 26
20230711 26
20230712 26
20230714 26
20230715 26
20230716 26
20230717 26
20230718 26
20230719 26
20230720 26
20230721 26
20230722 26
20230723 26
20230724 26
20230725 26
20230726 26
20230727 27
20230728 27
20230729 27
20230730 27
20230731 27
20230801 27
20230802 26
20230803 27
20230804 27
20230805 27
20230806 27
20230807 27
20230808 27
20230809 27
20230810 27
20230811 27
20230812 27
20230813 27
20230815 27
20230816 27
20230817 27
20230818 27
20230819 27
20230820 27
20230821 27
20230822 27
20230823 27
20230824 27
