20230707 27
20230709 27
20230710 27
20230711 27
20230712 27
20230714 27
20230715 27
20230716 27
20230717 27
20230718 27
20230719 27
20230720 28
20230721 28
20230722 28
20230723 28
20230724 28
20230725 28
20230726 28
20230727 28
20230728 28
20230729 28
20230730 28
20230731 28
20230801 28
20230802 28
20230803 28
20230804 28
20230805 28
20230806 28
20230807 28
20230808 28
20230809 28
20230810 28
20230811 28
20230812 28
20230813 28
20230815 28
20230816 28
20230817 28
20230818 28
20230819 28
20230820 28
20230821 28
20230822 28
20230823 28
20230824 28
20230825 28
20230826 28
20230827 28
20230828 28
20230829 28
20230830 28
20230831 28
20230901 28
20230902 28
20230903 28
20230904 28
20230905 28
20230906 28
20230907 28
20230908 28
20230909 28
20230910 28
20230911 28
20230912 28
20230913 28
20230914 28
20230915 28
20230916 28
20230917 28
20230918 28
20230919 28
20230920 26
20230921 26
20230922 26
20230923 26
20230924 26
20230925 26
20230926 26
20230927 26
20230928 26
20230929 26
20230930 26
20231001 26
20231002 26
20231003 26
20231005 26
20231007 26
20231008 26
20231009 26
20231010 26
20231011 26
20231012 27
20231013 27
20231014 27
20231015 27
20231016 27
20231017 27
20231018 27
20231019 27
20231020 27
20231021 27
20231022 27
20231023 27
20231024 27
20231025 27
20231026 27
20231027 27
20231028 27
20231029 27
20231030 27
20231031 28
20231101 28
20231102 28
20231103 28
20231104 28
20231105 28
20231106 28
20231107 28
20231108 28
20231109 28
20231110 28
20231111 28
20231112 28
20231113 28
20231114 28
20231115 28
20231116 28
20231117 28
20231118 28
20231120 28
20231121 28
20231122 28
20231123 28
20231124 28
20231125 28
20231126 28
20231127 28
20231128 28
20231129 28
20231130 28
20231201 28
20231202 28
20231203 28
20231204 28
20231205 28
20231206 28
20231207 28
20231208 28
20231209 28
20231210 28
20231211 28
20231212 28
20231213 28
20231214 28
20231215 28
20231216 28
20231217 28
20231218 28
20231219 28
20231220 28
20231221 28
20231222 28
20231223 28
20231224 28
20231225 28
20231226 28
20231227 28
20231230 28
20231231 28
20240101 28
20240102 28
20240103 28
20240104 28
20240105 28
20240106 28
20240107 28
20240108 28
20240109 28
20240110 28
20240111 28
20240112 28
20240113 28
20240114 28
20240115 28
20240116 28
20240117 28
20240118 28
20240119 28
20240120 28
20240121 28
20240122 28
20240124 28
20240125 28
20240126 28
20240127 28
20240128 28
20240129 28
20240130 28
20240131 28
20240201 28
20240202 28
20240203 28
20240204 28
20240205 28
20240206 28
20240207 28
20240208 28
20240209 28
20240210 28
20240211 28
20240212 28
20240213 28
20240214 28
20240215 29
20240216 29
20240217 29
20240218 29
