20230707 7
20230709 7
20230710 7
20230711 7
20230712 7
20230714 7
20230715 7
20230716 7
20230717 7
20230718 7
20230719 7
20230720 7
20230721 7
20230722 7
20230723 7
20230724 7
20230725 7
20230726 7
20230727 7
20230728 7
20230729 7
20230730 7
20230731 7
20230801 7
20230802 7
20230803 7
20230804 7
20230805 7
20230806 7
20230807 7
20230808 7
20230809 7
20230810 7
20230811 7
20230812 7
20230813 7
20230815 7
20230816 7
20230817 7
20230818 7
20230819 7
20230820 7
20230821 7
20230822 7
20230823 7
20230824 7
20230825 7
20230826 7
20230827 7
20230828 7
20230829 7
20230830 7
20230831 7
20230901 7
20230902 7
20230903 7
20230904 7
20230905 7
20230906 7
20230907 7
20230908 7
20230909 7
20230910 7
20230911 7
20230912 7
20230913 7
20230914 7
20230915 7
20230916 7
20230917 7
20230918 7
20230919 7
20230920 5
20230921 5
20230922 5
20230923 5
20230924 5
20230925 5
20230926 5
20230927 5
20230928 5
20230929 5
20230930 5
20231001 5
20231002 5
20231003 5
20231005 5
20231007 5
20231008 5
20231009 5
20231010 5
20231011 5
20231012 5
20231013 5
20231014 5
20231015 5
20231016 5
20231017 5
20231018 5
20231019 5
20231020 5
20231021 5
20231022 5
20231023 5
20231024 5
20231025 5
20231026 5
20231027 5
20231028 5
20231029 5
20231030 5
20231031 5
20231101 5
20231102 5
20231103 5
20231104 5
20231105 5
20231106 5
20231107 5
20231108 5
20231109 5
20231110 5
20231111 5
20231112 5
20231113 5
20231114 5
20231115 5
20231116 5
20231117 5
20231118 5
20231120 5
20231121 5
20231122 5
20231123 5
20231124 5
20231125 5
20231126 5
20231127 5
20231128 5
20231129 5
20231130 5
20231201 5
20231202 5
20231203 5
20231204 5
20231205 5
20231206 5
20231207 5
20231208 5
20231209 5
20231210 5
20231211 5
20231212 5
20231213 5
20231214 5
20231215 5
20231216 5
20231217 5
20231218 5
20231219 5
20231220 5
20231221 5
20231222 5
20231223 5
20231224 5
20231225 5
20231226 5
20231227 5
20231230 5
20231231 5
20240101 5
20240102 5
20240103 5
20240104 5
20240105 5
20240106 5
20240107 5
20240108 5
20240109 5
20240110 5
20240111 5
20240112 5
20240113 5
20240114 5
20240115 5
20240116 5
20240117 5
20240118 5
20240119 5
20240120 5
20240121 5
20240122 5
20240124 5
20240125 5
20240126 5
20240127 5
20240128 5
20240129 5
20240130 5
20240131 5
20240201 5
20240202 5
20240203 5
20240204 5
20240205 5
20240206 5
20240207 5
20240208 5
20240209 5
20240210 5
20240211 5
20240212 5
20240213 5
20240214 5
20240215 5
20240216 5
20240217 5
20240218 5
20240219 5
20240220 5
20240221 5
20240222 5
20240223 5
20240224 5
20240225 5
20240226 5
20240227 5
20240228 5
20240229 5
20240301 5
20240302 5
20240303 5
20240304 5
20240305 5
20240306 5
20240307 5
20240308 5
20240309 5
20240310 5
20240311 5
20240312 5
20240313 5
20240314 5
20240315 5
20240316 5
20240317 5
20240318 5
20240319 5
20240320 5
20240321 5
20240322 5
20240323 5
20240324 5
20240325 5
20240326 5
20240327 5
20240328 5
20240329 5
20240330 5
20240331 5
20240401 5
20240402 5
20240403 5
20240404 5
20240405 5
20240406 5
20240407 5
20240408 5
20240409 5
20240410 5
20240411 5
20240412 5
20240413 5
20240415 5
20240416 5
20240417 5
20240418 5
20240419 5
20240420 5
20240421 5
20240422 5
20240423 5
20240424 5
20240425 5
20240426 5
20240427 5
20240428 5
20240429 5
20240430 5
20240501 5
20240503 5
20240504 5
20240505 5
20240506 5
20240507 5
20240508 5
20240509 5
20240510 5
20240511 5
20240512 5
20240513 5
20240514 5
20240515 5
20240516 5
20240517 5
20240518 5
20240519 5
20240520 5
20240521 5
20240522 5
20240523 5
20240524 5
20240525 5
20240526 5
20240527 5
20240528 5
20240529 5
20240530 5
20240531 5
20240601 5
20240602 5
20240603 5
20240604 5
20240605 5
20240606 5
20240609 5
