20230922 7327
20230924 7324
20230925 7341
20230926 7341
20230927 7348
20230928 7350
20230929 7354
20230930 7358
20231001 7368
20231002 7370
20231003 7370
20231005 7380
20231007 7379
20231008 7381
20231009 7380
20231010 7387
20231011 7391
20231012 7389
20231013 7392
20231014 7396
20231015 7394
20231016 7397
20231017 7397
20231018 7404
20231019 7404
20231020 7397
20231021 7399
20231022 7398
20231023 7403
20231024 7406
20231025 7405
20231026 7403
20231027 7406
20231028 7404
20231029 7411
20231030 7410
20231031 7411
20231101 7412
20231102 7412
20231103 7411
20231104 7414
20231105 7422
20231106 7422
20231107 7424
20231108 7424
20231109 7420
20231110 7417
20231111 7422
20231112 7426
20231113 7426
20231114 7432
20231115 7433
20231116 7432
20231117 7426
20231118 7423
20231120 7431
20231121 7434
20231122 7428
20231123 7430
20231124 7433
20231125 7431
20231126 7430
20231127 7434
20231128 7434
20231129 7430
20231130 7427
20231201 7429
20231202 7430
20231203 7430
20231204 7430
20231205 7432
20231206 7431
20231207 7431
20231208 7435
20231209 7441
20231210 7442
20231211 7442
20231212 7439
20231213 7439
