20230707 10835
20230709 10827
20230710 10817
20230711 10808
20230712 10803
20230713 10804
20230714 10801
20230715 10799
20230716 10797
20230717 10789
20230718 10778
20230719 10780
20230720 10779
20230721 10776
20230722 10767
20230723 10765
20230724 10761
20230725 10756
20230726 10751
20230727 10738
20230728 10735
20230729 10727
20230730 10721
20230731 10724
20230801 10719
20230802 10720
20230803 10712
20230804 10711
20230805 10709
20230806 10699
20230807 10690
20230808 10688
20230809 10679
20230810 10678
20230811 10677
20230812 10675
20230813 10670
20230815 10675
20230816 10674
20230817 10673
20230818 10669
20230819 10673
20230820 10670
20230821 10670
20230822 10668
20230823 10668
20230824 10667
20230825 10670
20230826 10672
20230827 10670
20230828 10668
20230829 10666
20230830 10669
20230831 10668
20230901 10670
20230902 10670
20230903 10672
20230904 10674
20230905 10684
20230906 10686
20230907 10692
20230908 10696
20230909 10695
20230910 10693
20230911 10694
20230912 10693
20230913 10698
20230914 10693
20230915 10690
20230916 10692
20230917 10716
20230918 10717
20230919 10713
20230920 10371
20230921 10372
20230922 10383
20230923 10382
20230924 10381
20230925 10383
20230926 10388
20230927 10394
20230928 10394
20230929 10396
20230930 10391
20231001 10392
20231002 10390
20231003 10384
20231005 10382
20231007 10373
20231008 10368
20231009 10371
20231010 10369
20231011 10373
20231012 10370
20231013 10372
20231014 10367
20231015 10366
20231016 10362
20231017 10363
20231018 10364
20231019 10366
20231020 10369
20231021 10370
20231022 10367
20231023 10360
20231024 10358
20231025 10361
20231026 10361
20231027 10366
20231028 10362
20231029 10362
20231030 10360
20231031 10376
20231101 10387
20231102 10390
20231103 10395
20231104 10397
20231105 10395
20231106 10398
20231107 10391
20231108 10395
20231109 10393
20231110 10408
20231111 10411
20231112 10415
20231113 10408
20231114 10412
20231115 10415
20231116 10420
20231117 10431
20231118 10440
20231120 10435
20231121 10435
20231122 10433
20231123 10442
20231124 10444
20231125 10446
20231126 10444
20231127 10445
20231128 10449
20231129 10452
20231130 10449
20231201 10456
20231202 10457
20231203 10467
20231204 10477
20231205 10482
20231206 10489
20231207 10489
20231208 10492
20231209 10491
20231210 10491
20231211 10488
20231212 10493
20231213 10497
20231214 10498
20231215 10506
20231216 10508
20231217 10511
20231218 10508
20231219 10508
20231220 10508
20231221 10503
20231222 10510
20231223 10507
20231224 10509
20231225 10508
20231226 10506
20231227 10507
20231230 10512
20231231 10512
20240101 10509
20240102 10509
20240103 10513
20240104 10514
20240105 10515
20240106 10534
20240107 10536
20240108 10536
20240109 10530
20240110 10536
20240111 10564
20240112 10573
20240113 10570
20240114 10567
20240115 10565
20240116 10566
20240117 10565
20240118 10572
20240119 10587
20240120 10582
20240121 10582
20240122 10579
20240124 10581
20240125 10583
20240126 10581
20240127 10571
20240128 10563
20240129 10568
20240130 10571
20240131 10568
20240201 10569
20240202 10572
20240203 10571
20240204 10574
20240205 10579
20240206 10587
20240207 10587
20240208 10591
20240209 10597
20240210 10597
20240211 10596
20240212 10596
20240213 10600
20240214 10603
20240215 10611
20240216 10617
20240217 10622
20240218 10621
20240219 10625
20240220 10628
20240221 10632
20240222 10638
20240223 10640
20240224 10636
20240225 10638
20240226 10637
20240227 10634
20240228 10636
20240229 10637
20240301 10641
20240302 10641
