20230707 4583
20230709 4580
20230710 4573
20230711 4578
20230712 4580
20230713 4581
20230714 4581
20230715 4580
20230716 4583
20230717 4583
20230718 4577
20230719 4569
20230720 4564
20230721 4557
20230722 4558
20230723 4556
20230724 4554
20230725 4556
20230726 4556
20230727 4555
20230728 4544
20230729 4543
20230730 4536
20230731 4539
20230801 4532
20230802 4528
20230803 4520
20230804 4522
20230805 4523
20230806 4521
20230807 4527
20230808 4517
20230809 4514
20230810 4517
20230811 4514
20230812 4517
20230813 4517
20230815 4505
20230816 4501
20230817 4478
20230818 4475
20230819 4477
20230820 4475
20230821 4473
20230822 4474
20230823 4469
20230824 4468
20230825 4463
20230826 4465
20230827 4462
20230828 4459
20230829 4461
20230830 4462
20230831 4453
20230901 4439
20230902 4439
20230903 4438
20230904 4429
20230905 4429
20230906 4433
20230907 4437
20230908 4433
20230909 4431
20230910 4422
20230911 4419
20230912 4417
20230913 4411
20230914 4410
20230915 4406
20230916 4407
20230917 4406
20230918 4401
20230919 4400
20230920 4126
20230921 4119
20230922 4123
20230923 4123
20230924 4129
20230925 4129
20230926 4129
20230927 4127
20230928 4128
20230929 4127
20230930 4129
20231001 4123
20231002 4126
20231003 4123
20231005 4123
20231007 4119
20231008 4119
20231009 4114
20231010 4108
20231011 4102
20231012 4098
20231013 4094
20231014 4089
20231015 4083
20231016 4083
20231017 4078
20231018 4077
20231019 4082
20231020 4082
20231021 4082
20231022 4082
20231023 4078
20231024 4072
20231025 4071
20231026 4067
20231027 4062
20231028 4062
20231029 4060
20231030 4060
20231031 4063
20231101 4064
20231102 4064
20231103 4064
20231104 4065
20231105 4066
20231106 4063
