20230922 7846
20230924 7847
20230925 7848
20230930 7848
20231001 7850
20231002 7857
20231003 7857
20231005 7858
20231008 7858
20231009 7859
20231011 7859
20231012 7860
20231019 7860
20231020 7861
20231021 7861
20231022 7862
20231028 7862
20231029 7863
20231030 7864
20231031 7865
20231104 7865
20231105 7866
20231106 7866
20231107 7867
20231118 7867
20231120 7868
20231122 7868
20231123 7869
20231124 7869
20231125 7870
20231201 7870
20231202 7871
20231205 7871
20231206 7872
20231207 7873
20231208 7874
20231214 7874
20231215 7876
20231216 7877
20231223 7877
20231224 7878
20231227 7878
20231230 7879
20240101 7879
20240102 7880
20240108 7880
20240109 7881
20240112 7881
20240113 7882
20240114 7885
20240115 7886
20240117 7886
20240118 7887
20240119 7867
20240120 7888
20240121 7889
20240122 7889
20240124 7890
20240128 7890
20240129 7891
20240203 7891
20240204 7895
20240205 7895
20240206 7896
20240212 7896
20240213 7897
20240215 7897
20240216 7898
20240217 7899
20240218 7899
20240219 7900
20240224 7900
20240225 7901
20240305 7901
20240306 7902
20240308 7902
20240309 7903
20240311 7903
20240312 7904
20240315 7904
20240316 7906
20240319 7906
20240320 7907
20240322 7907
20240323 7909
20240324 7910
20240330 7910
20240331 7911
20240406 7911
20240407 7912
20240421 7912
20240422 7913
20240423 7914
20240424 7914
20240425 7915
20240429 7915
20240430 7916
20240508 7916
20240509 7918
20240510 7918
20240511 7920
20240512 7920
20240513 7922
20240518 7922
20240519 7924
20240520 7924
20240521 7926
20240522 7927
20240525 7927
20240526 7928
20240531 7928
20240601 7929
20240602 7930
20240604 7930
20240605 7931
20240609 7931
20240611 7932
20240612 7932
20240613 7934
20240614 7935
20240615 7936
20240616 7936
20240617 7937
20240621 7937
20240622 7940
20240627 7940
20240628 7942
20240629 7943
20240701 7943
20240702 7946
20240705 7946
20240706 7948
20240707 7949
20240714 7949
20240715 7950
20240719 7950
20240720 7952
20240724 7952
20240725 7951
20240727 7951
20240728 7953
20240729 7953
20240730 7954
20240802 7954
20240803 7955
20240805 7955
20240806 7956
20240809 7956
20240810 7959
20240815 7959
20240816 7960
20240817 7961
20240821 7961
20240822 7962
20240903 7962
20240904 7963
20240907 7963
20240908 7965
20240909 7966
20240913 7966
20240914 7967
20240916 7967
20240917 7969
20240922 7969
20240925 7971
20240926 7972
20240928 7972
20240929 7975
20241001 7975
20241002 7976
20241005 7976
20241006 7977
20241010 7977
20241011 7979
20241016 7979
20241017 7980
20241020 7980
20241021 7981
20241025 7981
20241026 7982
20241030 7982
20241031 7983
20241102 7983
20241103 7984
20241106 7984
20241107 7985
20241108 7987
20241110 7987
20241111 7988
20241114 7988
20241115 7989
20241117 7989
20241118 7990
20241127 7990
20241128 7991
20241130 7991
20241201 7992
20241205 7992
20241206 7993
20241207 7993
20241208 7995
20241221 7995
20241222 7996
20241223 7997
20241226 7997
20241227 7998
20250106 7998
20250107 8000
20250109 8000
20250110 8002
20250116 8002
20250117 8004
20250118 8005
20250120 8005
20250121 8006
20250127 8006
20250128 8007
20250130 8007
20250131 8008
20250201 8010
20250202 8011
20250208 8011
20250210 8014
20250216 8014
20250217 8016
20250224 8016
20250225 8017
20250301 8017
20250302 8016
20250313 8016
20250314 8017
20250315 8017
20250316 8018
20250317 8018
20250318 8020
20250327 8020
20250328 8021
20250329 8022
20250330 8023
20250403 8023
20250404 8026
20250405 8027
20250408 8027
20250409 8028
20250410 8026
20250411 8026
20250412 8027
20250413 8027
20250414 8028
20250415 8028
20250416 8029
20250418 8029
20250419 8030
20250504 8030
20250505 8031
20250506 8031
20250507 8032
20250509 8032
20250510 8033
20250515 8033
20250516 8034
20250517 8034
20250518 8035
20250519 8036
20250524 8036
20250525 8039
20250529 8039
20250530 8040
20250605 8040
20250606 8041
20250607 8042
20250608 8042
20250609 8043
20250615 8043
20250616 8044
20250617 8045
20250620 8045
20250621 8046
20250622 8047
20250623 8049
20250626 8049
20250627 8050
20250702 8050
20250703 8049
20250704 8050
20250716 8050
20250717 8051
20250718 8052
20250719 8052
20250720 8053
20250726 8053
20250727 8054
20250803 8054
20250804 8055
20250806 8055
20250807 8056
20250808 8056
20250810 8055
20250811 8056
20250816 8056
20250817 8057
20250818 8059
20250822 8059
20250823 8060
20250824 8060
20250825 8061
20250826 8061
20250827 8062
20250831 8062
20250901 8063
20250903 8063
20250904 8062
20250912 8062
20250913 8063
20250914 8063
20250915 8064
20250917 8064
20250918 8065
20250920 8065
20250921 8066
20250924 8066
20250925 8067
20250926 8067
20250927 8068
20250928 8068
20250929 8070
20251002 8070
20251003 8072
20251005 8072
20251006 8073
20251007 8074
20251008 8075
20251009 8076
20251010 8077
20251011 8077
20251012 8078
20251013 8078
20251014 8079
20251017 8079
20251018 8080
20251019 8079
20251023 8079
20251024 8077
20251026 8077
20251027 8078
20251030 8078
20251031 8080
20251101 8079
20251113 8079
20251114 8080
20251116 8080
20251117 8081
20251118 8082
20251120 8082
20251121 8084
20251122 8085
20251127 8085
20251128 8086
20251203 8086
20251204 8087
20251207 8087
20251208 8088
20251212 8088
20251213 8091
20251214 8092
20251217 8094
20260103 8098
20260105 8098
20260107 8099
20260112 8099
20260113 8100
20260116 8100
20260117 8099
20260118 8101
20260121 8101
20260123 8102
20260124 8102
20260125 8103
20260126 8103
20260127 8105
20260128 8105
20260130 8106
20260131 8106
20260201 8107
20260203 8107
20260204 8110
20260209 8110
20260210 8111
20260216 8111
20260217 8112
20260220 8112
20260221 8113
20260222 8114
20260227 8114
20260228 8115
20260301 8115
20260303 8116
20260306 8116
20260307 8118
20260308 8119
20260309 8120
20260311 8120
20260313 8121
20260314 8122
20260315 8122
20260316 8123
20260321 8123
20260322 8125
20260323 8127
20260324 8127
20260325 8128
20260326 8128
