20230707 131
20230919 131
20230920 129
20231102 129
20231103 130
20240624 130
20240626 130
20240627 130
20240628 130
20240629 130
20240630 130
20240701 130
20240702 130
20240703 130
20240704 130
20240705 130
20240706 130
20240707 130
20240708 130
20240709 130
20240710 130
20240711 130
20240712 130
20240713 130
20240714 130
20240715 130
20240716 130
20240717 130
20240718 130
20240719 130
20240720 130
20240721 130
20240722 130
20240723 130
20240724 130
20240725 130
20240726 130
20240727 130
20240728 130
20240729 130
20240730 130
20240731 130
20240801 130
20240802 130
20240803 130
20240804 130
20240805 130
20240806 130
20240807 130
20240808 130
20240809 131
20240810 131
20240811 131
20240812 131
20240813 131
20240814 131
20240815 131
20240816 131
20240817 131
20240818 131
20240819 131
20240820 131
20240821 131
20240822 131
20240823 131
20240824 131
20240825 131
20240826 131
20240827 131
20240828 131
20240829 131
20240830 131
20240831 131
20240901 131
20240902 131
20240903 131
20240904 131
20240905 131
20240906 131
20240907 131
20240908 131
20240909 131
20240910 131
20240911 131
20240912 131
20240913 131
20240914 131
