20230707 5249
20230710 5258
20230711 5257
20230712 5258
20230713 5261
20230714 5262
20230716 5262
20230717 5263
20230718 5266
20230721 5266
20230722 5267
20230723 5265
20230724 5266
20230725 5268
20230726 5273
20230727 5276
20230728 5276
20230729 5277
20230730 5277
20230801 5281
20230802 5251
20230803 5258
20230804 5258
20230805 5259
20230806 5260
20230807 5265
20230808 5269
20230809 5269
20230810 5267
20230811 5270
20230813 5270
20230815 5268
20230816 5268
20230817 5271
20230818 5276
20230819 5274
20230820 5271
20230821 5271
20230822 5274
20230823 5276
20230824 5278
20230825 5279
20230827 5279
20230828 5280
20230831 5280
20230901 5281
20230902 5282
20230903 5282
20230904 5248
20230905 5252
20230906 5251
20230907 5257
20230908 5201
20230909 5179
20230910 5179
20230911 5346
20230912 5346
20230913 5347
20230914 5348
20230915 5348
20230916 5346
20230917 5347
20230918 5348
20230919 5349
20230920 5350
20230921 5353
20230924 5353
20230925 5355
20230926 5363
20230928 5363
20230929 5365
20230930 5365
20231001 5341
20231002 5342
20231003 5349
20231005 5355
20231007 5357
20231008 5357
20231009 5360
20231010 5363
20231012 5366
20231013 5370
20231015 5370
20231016 5372
20231017 5373
20231018 5373
20231019 5375
20231020 5377
20231021 5377
20231022 5378
20231023 5387
20231024 5389
20231025 5389
20231026 5390
20231028 5390
20231029 5391
20231030 5394
20231031 5401
20231101 5402
20231102 5403
20231103 5405
20231104 5405
20231105 5407
20231105 5404
20231106 5380
20231107 5382
20231108 5385
20231109 5387
20231110 5390
20231112 5390
20231113 5392
20231114 5396
20231115 5398
20231116 5400
20231117 5400
20231118 5401
20231120 5402
20231121 5406
20231122 5408
20231123 5408
20231124 5410
20231125 5412
20231127 5412
20231128 5414
20231129 5415
20231130 5416
20231202 5416
20231203 5412
20231204 5386
20231205 5390
20231206 5395
20231207 5398
20231208 5399
20231212 5399
20231213 5396
20231214 5399
20231215 5400
20231218 5400
20231219 5399
20231220 5400
20231221 5402
20231224 5402
20231225 5405
20231226 5405
20231227 5406
20231230 5407
20231231 5407
20240101 5410
20240102 5410
20240103 5376
20240105 5381
20240106 5381
20240107 5382
20240108 5341
20240111 5320
20240112 5321
20240113 5321
20240114 5322
20240115 5323
20240116 5331
20240117 5333
20240118 5335
20240119 5336
20240121 5336
20240122 5338
20240123 5338
20240124 5339
20240125 5340
20240126 5343
20240128 5343
20240129 5349
20240130 5351
20240131 5352
20240201 5356
20240202 5346
20240204 5346
20240205 5327
20240206 5329
20240207 5331
20240208 5333
20240209 5334
20240210 5334
20240211 5335
20240212 5336
20240213 5336
20240214 5337
20240215 5339
20240216 5339
20240217 5340
20240219 5340
20240220 5343
20240221 5345
20240222 5335
20240226 5335
20240227 5337
20240228 5338
20240229 5339
20240301 5333
20240302 5309
20240303 5306
20240304 5309
20240305 5309
20240306 5314
20240307 5315
20240309 5315
20240310 5320
20240311 5322
20240312 5322
20240313 5323
20240314 5325
20240317 5325
20240318 5326
20240319 5328
20240320 5329
20240323 5329
20240324 5330
20240325 5330
20240326 5332
20240327 5334
20240328 5335
20240329 5336
20240401 5336
20240402 5338
20240403 5313
20240404 5317
20240405 5322
20240406 5323
20240406 5323
20240407 5325
20240408 5328
20240409 5328
20240410 5330
20240413 5330
20240415 5334
20240416 5334
20240417 5336
20240418 5331
20240419 5334
20240420 5334
20240421 5333
20240422 5335
20240423 5335
20240424 5337
20240425 5336
20240426 5335
20240428 5335
20240429 5339
20240430 5343
20240501 5345
20240503 5346
20240504 5346
20240505 5344
20240506 5322
20240507 5327
20240508 5338
20240509 5341
20240510 5342
20240511 5342
20240512 5345
20240513 5345
20240514 5346
20240515 5348
20240516 5350
20240517 5361
20240518 5360
20240519 5362
20240520 5363
20240521 5363
20240522 5361
20240523 5363
20240524 5362
20240526 5362
20240527 5363
20240529 5363
20240530 5366
20240531 5367
20240601 5365
20240602 5365
20240603 5337
20240604 5345
20240605 5347
20240606 5347
20240609 5351
20240611 5353
20240612 5353
20240613 5352
20240614 5357
20240620 5357
20240621 5362
20240622 5362
20240623 5363
20240624 5361
20240626 5364
20240627 5371
20240628 5372
20240629 5370
20240630 5370
20240701 5365
20240702 5362
20240703 5339
20240704 5340
20240705 5354
20240706 5357
20240707 5358
20240708 5357
20240709 5354
20240710 5362
20240711 5362
20240712 5367
20240713 5367
20240714 5368
20240715 5364
20240716 5370
20240717 5374
20240718 5378
20240719 5377
20240720 5380
20240721 5380
20240722 5379
20240723 5379
20240724 5376
20240725 5382
20240726 5380
20240727 5384
20240728 5384
20240729 5381
20240730 5381
20240731 5385
20240801 5388
20240802 5386
20240803 5388
20240804 5389
20240805 5388
20240806 5366
20240806 5371
20240807 5372
20240808 5373
20240809 5372
20240810 5377
20240811 5376
20240812 5377
20240813 5379
20240814 5381
20240815 5377
20240816 5378
20240817 5385
20240818 5382
20240819 5389
20240820 5392
20240821 5390
20240822 5384
20240823 5383
20240824 5394
20240825 5397
20240826 5394
20240827 5396
20240828 5397
20240829 5395
20240830 5402
20240831 5403
20240902 5407
20240904 5367
20240905 5374
20240906 5374
20240907 5376
20240908 5377
20240909 5376
20240910 5375
20240911 5379
20240912 5379
20240913 5377
20240914 5379
20240915 5381
20240916 5377
20240917 5380
20240918 5385
20240919 5390
20240920 5385
20240920 5388
20240921 5386
20240921 5386
20241003 5384
20241003 5384
20241006 5388
20241111 5419
20241113 5421
20241114 5422
20241115 5418
20241116 5426
20241117 5425
20241118 5424
20241119 5429
20241120 5431
20241121 5431
20241122 5428
20241123 5433
20241124 5431
20241125 5431
20241126 5428
20241127 5430
20241128 5435
20241129 5437
20241130 5439
20241201 5438
20241202 5406
20241203 5411
20241204 5416
20241205 5422
20241206 5422
20241207 5421
20241208 5425
20241209 5424
20241210 5420
20241211 5423
20241212 5425
20241213 5427
20241214 5427
20241215 5428
20241216 5428
20241217 5428
20241218 5427
20241219 5432
20241220 5430
20241221 5433
20241222 5433
20241223 5433
20241224 5434
20241225 5436
20241226 5437
20241227 5438
20241228 5440
20241229 5442
20241230 5448
20241231 5452
20250101 5454
20250102 5455
20250103 5455
20250104 5458
20250105 5458
20250106 5429
20250107 5432
20250108 5430
20250109 5442
20250110 5443
20250111 5443
20250112 5444
20250113 5446
20250114 5444
20250115 5454
20250116 5454
20250117 5455
20250118 5459
20250119 5461
20250120 5460
20250121 5460
20250122 5462
20250123 5464
20250124 5461
20250125 5466
20250126 5461
20250127 5461
20250128 5464
20250129 5467
20250130 5474
20250131 5473
20250201 5481
20250202 5477
20250203 5454
20250204 5450
20250206 5446
20250207 5448
20250208 5454
20250210 5454
20250211 5451
20250212 5456
20250213 5453
20250214 5457
20250215 5457
20250216 5455
20250217 5450
20250218 5445
20250219 5439
20250220 5437
20250221 5442
20250222 5441
20250223 5440
20250224 5438
20250225 5437
20250226 5438
20250227 5438
20250228 5435
20250301 5434
20250302 5395
20250303 5408
20250304 5432
20250305 5432
20250306 5435
20250307 5432
20250308 5433
20250309 5420
20250310 5439
20250311 5438
20250312 5440
20250313 5442
20250314 5441
20250315 5442
20250316 5440
20250317 5440
20250318 5447
20250319 5443
20250320 5449
20250321 5448
20250322 5446
20250323 5442
20250324 5451
20250326 5452
20250327 5454
20250328 5456
20250329 5457
20250330 5456
20250331 5456
20250401 5456
20250402 5455
20250403 5455
20250404 5425
20250405 5425
20250406 5426
20250407 5426
20250408 5427
20250409 5428
20250410 5436
20250411 5438
20250412 5436
20250413 5436
20250414 5443
20250415 5445
20250416 5447
20250417 5449
20250418 5450
20250419 5450
20250420 5451
20250421 5451
20250422 5447
20250423 5447
20250424 5449
20250425 5452
20250426 5452
20250427 5453
20250428 5455
20250429 5457
20250430 5458
20250501 5460
20250502 5449
20250503 5450
20250504 5452
20250505 5429
20250506 5435
20250507 5439
20250508 5440
20250509 5439
20250510 5440
20250511 5441
20250512 5444
20250513 5444
20250514 5445
20250515 5445
20250516 5445
20250517 5445
20250518 5446
20250519 5451
20250520 5448
20250521 5450
20250522 5453
20250523 5453
20250524 5454
20250525 5454
20250526 5452
20250527 5476
20250528 5476
20250529 5453
20250530 5450
20250531 5451
20250601 5450
20250602 5416
20250603 5420
20250604 5417
20250605 5408
20250606 5408
20250607 5408
20250608 5408
20250609 5408
20250610 5408
20250611 5408
20250612 5408
20250613 5409
20250614 5409
20250615 5409
20250616 5408
20250617 5408
20250618 5411
20250620 5417
20250621 5417
20250622 5417
20250623 5418
20250624 5422
20250625 5403
20250626 5405
20250627 5406
20250628 5406
20250629 5406
20250630 5404
20250701 5404
20250702 5377
20250703 5380
20250704 5384
20250705 5387
20250706 5388
20250707 5392
20250708 5392
20250709 5394
20250710 5396
20250711 5395
20250712 5395
20250713 5395
20250714 5391
20250715 5390
20250716 5391
20250717 5393
20250718 5392
20250719 5392
20250720 5393
20250722 5394
20250723 5398
20250724 5399
20250725 5401
20250726 5402
20250727 5403
20250728 5408
20250729 5410
20250730 5412
20250731 5417
20250801 5417
20250802 5417
20250803 5419
20250804 5387
20250805 5391
20250806 5382
20250807 5385
20250808 5392
20250810 5392
20250811 5392
20250812 5396
20250813 5398
20250814 5401
20250815 5404
20250816 5404
20250817 5404
20250818 5403
20250819 5397
20250820 5373
20250821 5367
20250822 5345
20250823 5346
20250824 5347
20250825 5346
20250826 5349
20250827 5337
20250828 5341
20250829 5343
20250830 5344
20250831 5344
20250901 5334
20250902 5299
20250903 5305
20250904 5308
20250905 5309
20250906 5309
20250907 5310
20250908 5314
20250909 5316
20250910 5318
20250911 5322
20250912 5325
20250913 5325
20250914 5325
20250915 5330
20250916 5332
20250917 5333
20250918 5334
20250919 5335
20250920 5337
20250921 5338
20250922 5342
20250923 5343
20250924 5347
20250925 5350
20250926 5352
