20230707 10359
20230709 10359
20230710 10355
20230711 10359
20230712 10356
20230713 10352
20230714 10354
20230715 10362
20230716 10361
20230717 10360
20230718 10362
20230719 10361
20230720 10362
20230721 10364
20230722 10364
20230723 10362
20230724 10362
20230725 10366
20230726 10370
20230727 10372
20230728 10373
20230729 10372
20230730 10371
20230731 10371
20230801 10375
20230802 10375
20230803 10381
20230804 10381
20230805 10381
20230806 10379
20230807 10378
20230808 10379
20230809 10385
20230810 10385
20230811 10384
20230812 10387
20230813 10385
20230815 10384
20230816 10384
20230817 10384
20230818 10385
20230819 10388
20230820 10388
20230821 10388
20230822 10393
20230823 10391
20230824 10393
20230825 10393
20230826 10394
20230827 10390
20230828 10389
20230829 10392
20230830 10395
20230831 10396
20230901 10399
20230902 10365
20230903 10364
20230904 10363
20230905 10362
20230906 10364
20230907 10367
20230908 10367
20230909 10363
20230910 10363
20230911 10364
20230912 10364
20230913 10360
20230914 10357
20230915 10360
20230916 10360
20230917 10357
20230918 10355
20230919 10357
20230920 10251
20230921 10248
20230922 10252
20230923 10248
20230924 10245
20230925 10245
20230926 10249
20230927 10248
20230928 10246
20230929 10246
20230930 10245
20231001 10244
20231002 10244
20231003 10248
20231005 10247
20231007 10248
20231008 10246
20231009 10245
20231010 10249
20231011 10250
20231012 10250
20231013 10250
20231014 10251
20231015 10250
20231016 10249
20231017 10254
20231018 10257
20231019 10257
20231020 10257
20231021 10239
20231022 10239
20231023 10237
20231024 10243
20231025 10243
20231026 10243
20231027 10243
20231028 10244
20231029 10242
20231030 10238
20231031 10243
20231101 10242
20231102 10236
20231103 10234
20231104 10234
20231105 10233
20231106 10233
20231107 10234
20231108 10238
20231109 10239
20231110 10243
20231111 10237
20231112 10235
20231113 10235
20231114 10238
20231115 10240
20231116 10239
20231117 10240
20231118 10241
20231120 10238
20231121 10241
20231122 10244
20231123 10243
20231124 10238
20231125 10238
20231126 10237
20231127 10237
20231128 10246
20231129 10260
20231130 10270
20231201 10274
20231202 10278
20231203 10275
20231204 10273
20231205 10283
20231206 10285
20231207 10286
20231208 10284
20231209 10284
20231210 10283
20231211 10282
20231212 10286
20231213 10286
20231214 10288
20231215 10286
20231216 10296
20231217 10296
20231218 10295
20231219 10299
20231220 10300
20231221 10304
20231222 10303
20231223 10302
20231224 10301
20231225 10297
20231226 10296
20231227 10303
20231230 10270
20231231 10268
20240101 10267
20240102 10267
20240103 10275
20240104 10271
20240105 10267
20240106 10267
20240107 10266
20240108 10265
20240109 10272
20240110 10270
20240111 10271
20240112 10271
20240113 10270
20240114 10270
20240115 10269
20240116 10274
20240117 10274
20240118 10271
20240119 10271
20240120 10269
20240121 10266
20240122 10263
20240124 10277
20240125 10278
20240126 10280
20240127 10282
20240128 10280
20240129 10280
20240130 10246
20240131 10248
20240201 10248
20240202 10251
20240203 10251
20240204 10252
20240205 10252
20240206 10254
20240207 10258
20240208 10259
20240209 10261
20240210 10262
20240211 10259
20240212 10259
20240213 10258
20240214 10258
20240215 10254
20240216 10254
20240217 10254
