20230707 2881
20230709 2878
20230710 2877
20230711 2871
20230712 2874
20230713 2875
20230714 2878
20230715 2880
20230716 2880
20230717 2879
20230718 2879
20230719 2876
20230720 2875
20230721 2875
20230722 2877
20230723 2877
20230724 2877
20230725 2877
20230726 2880
20230727 2881
20230728 2881
20230729 2883
20230730 2883
20230731 2882
20230801 2885
20230802 2885
20230803 2883
20230804 2885
20230805 2874
20230806 2877
20230807 2864
20230808 2851
20230809 2835
20230810 2814
20230811 2761
20230812 2761
20230813 2760
20230815 2765
20230816 2768
20230817 2766
20230818 2764
20230819 2765
20230820 2762
20230821 2762
20230822 2762
20230823 2760
20230824 2762
20230825 2759
20230826 2761
20230827 2759
20230828 2758
20230829 2759
20230830 2761
20230831 2761
20230901 2758
20230902 2762
20230903 2766
20230904 2762
20230905 2759
20230906 2761
20230907 2763
20230908 2763
20230909 2762
20230910 2761
20230911 2761
20230912 2762
20230913 2763
20230914 2763
20230915 2761
20230916 2763
20230917 2764
20230918 2769
20230919 2759
20230920 2748
20230921 2747
20230922 2754
20230923 2747
20230924 2745
20230925 2746
20230926 2745
20230927 2744
20230928 2744
20230929 2743
20230930 2745
20231001 2745
20231002 2746
20231003 2749
20231005 2747
20231007 2742
20231008 2743
20231009 2741
20231010 2746
