20230707 1742261
20230731 1742261
20230801 1745498
20230831 1745498
20230901 1748824
20230930 1748824
20231001 1750887
20231031 1750887
20231101 1753618
20231130 1753618
20231201 1754320
20231231 1754320
20240101 1756107
20240131 1756107
20240201 1757807
20240229 1757807
20240301 1758985
20240331 1758985
20240401 1759478
20240430 1759478
20240501 1761990
20240531 1761990
20240601 1763690
20240624 1763690
20240626 1763690
20240627 1763690
20240628 1763690
20240629 1763690
20240630 1763690
20240701 1764189
20240702 1764189
20240703 1764189
20240704 1764189
