20230707 45
20230709 45
20230710 45
20230711 45
20230712 45
20230714 45
20230715 45
20230716 45
20230717 45
20230718 45
20230719 45
20230720 45
20230721 45
20230722 45
20230723 45
20230724 45
20230725 45
20230726 45
20230727 45
20230728 45
20230729 45
20230730 45
20230731 45
20230801 45
20230802 45
20230803 46
20230804 46
20230805 46
20230806 46
20230807 46
20230808 46
20230809 46
20230810 47
20230811 47
20230812 47
20230813 47
20230815 47
20230816 47
20230817 47
20230818 47
20230819 47
20230820 47
20230821 47
20230822 47
20230823 47
20230824 47
20230825 47
20230826 47
20230827 47
20230828 47
20230829 47
20230830 47
20230831 47
20230901 47
20230902 47
20230903 47
20230904 47
20230905 47
