20230707 555
20230709 555
20230710 555
20230711 556
20230712 556
20230714 556
20230715 556
20230716 556
20230717 556
20230718 556
20230719 556
20230720 556
20230721 556
20230722 556
20230723 556
20230724 556
20230725 556
20230726 556
20230727 556
20230728 556
20230729 556
20230730 556
20230731 556
20230801 556
20230802 556
20230803 556
20230804 556
20230805 556
20230806 556
20230807 556
20230808 556
20230809 556
20230810 556
20230811 556
20230812 557
20230813 557
20230815 557
20230816 556
20230817 556
20230818 556
20230819 556
20230820 556
20230821 556
20230822 556
20230823 556
20230824 556
20230825 556
20230826 556
20230827 556
20230828 556
20230829 556
20230830 553
20230831 553
20230901 552
20230902 552
20230903 552
20230904 549
20230905 549
20230906 549
20230907 549
20230908 552
20230909 551
20230910 551
20230911 551
20230912 551
20230913 551
20230914 551
20230915 551
20230916 551
20230917 551
20230918 551
20230919 551
20230920 540
20230921 540
20230922 540
20230923 540
20230924 540
20230925 540
20230926 540
20230927 540
20230928 540
20230929 540
20230930 540
20231001 538
20231002 538
20231003 537
20231005 538
20231007 539
20231008 538
20231009 537
20231010 536
20231011 536
20231012 536
20231013 537
20231014 536
20231015 536
20231016 536
20231017 536
20231018 536
20231019 536
20231020 537
20231021 537
20231022 537
20231023 537
20231024 537
20231025 537
20231026 537
20231027 537
20231028 537
20231029 537
20231030 537
20231031 538
20231101 539
20231102 539
20231103 539
20231104 537
20231105 537
20231106 537
20231107 537
20231108 537
20231109 537
20231110 537
20231111 537
20231112 537
20231113 537
20231114 537
20231115 537
