20230707 6082
20230709 6081
20230710 6080
20230711 6077
20230712 6079
20230713 6078
20230714 6082
20230715 6081
20230716 6074
20230717 6071
20230718 6075
20230719 6073
20230720 6073
20230721 6069
20230722 6062
20230723 6042
20230724 6019
20230725 6025
20230726 6027
20230727 6027
20230728 6040
20230729 6043
20230730 6071
20230731 6087
20230801 6093
20230802 6095
20230803 6097
20230804 6096
20230805 6099
20230806 6083
20230807 6083
20230808 6085
20230809 6081
20230810 6085
20230811 6087
20230812 6082
20230813 6082
20230815 6066
20230816 6069
20230817 6089
20230818 6093
20230819 6099
20230820 6096
20230821 6095
20230822 6094
20230823 6092
20230824 6091
20230825 6087
20230826 6085
20230827 6086
20230828 6086
20230829 6085
20230830 6092
