20230709 11604
20230710 11618
20230711 11631
20230712 11634
20230713 11644
20230714 11644
20230715 11637
20230714 11644
20230716 11628
20230714 11644
20230717 11645
20230714 11644
20230718 11654
20230714 11644
20230719 11655
20230714 11644
20230720 11656
20230714 11644
20230721 11667
20230714 11644
20230722 11670
20230714 11644
20230723 11664
20230714 11644
20230724 11659
20230714 11644
20230725 11668
20230714 11644
20230726 11670
20230714 11644
20230727 11677
20230714 11644
20230728 11687
20230714 11644
20230729 11684
20230730 11684
20230731 11685
20230730 11684
20230801 11698
20230730 11684
20230802 11710
20230730 11684
20230803 11716
20230730 11684
20230804 11721
20230730 11684
20230805 11734
20230730 11684
20230806 11733
20230730 11684
20230807 11732
20230730 11684
20230808 11743
20230730 11684
20230809 11749
20230730 11684
20230810 11747
20230730 11684
20230811 11752
20230730 11684
20230812 11745
20230730 11684
20230813 11730
20230730 11684
20230814 11724
20230730 11684
20230815 11751
20230730 11684
20230816 11753
20230730 11684
20230817 11755
20230730 11684
20230818 11765
20230730 11684
20230819 11762
20230730 11684
20230820 11744
20230730 11684
20230821 11747
20230730 11684
20230822 11767
20230730 11684
20230823 11776
20230824 11776
20230825 11793
20230824 11776
20230826 11802
20230824 11776
20230827 11799
20230824 11776
20230828 11797
20230824 11776
20230829 11808
20230824 11776
20230830 11823
20230824 11776
20230831 11827
20230824 11776
20230902 11817
20230824 11776
20230903 11821
20230824 11776
20230904 11818
20230824 11776
20230905 11830
20230824 11776
20230906 11840
20230824 11776
20230907 11848
20230824 11776
20230908 11857
20230824 11776
20230909 11859
20230824 11776
20230910 11847
20230824 11776
20230911 11851
20230824 11776
20230912 11858
20230824 11776
20230913 11867
20230914 11867
20230915 11871
20230914 11867
20230916 11872
20230914 11867
20230917 11870
20230914 11867
20230918 11869
20230914 11867
20230919 11881
20230914 11867
20230920 11883
20230914 11867
20230921 11897
20230914 11867
20230922 11917
20230914 11867
20230925 11923
20230914 11867
20230926 11937
20230914 11867
20230927 11952
20230914 11867
20230928 11972
20230914 11867
20230929 11973
20230914 11867
20230930 11969
20230914 11867
20231001 11967
20230914 11867
20231002 11971
20230914 11867
20231003 11977
20230914 11867
20231005 11980
20230914 11867
20231007 12012
20230914 11867
20231008 12004
20230914 11867
20231009 11998
20230914 11867
20231010 12020
20230914 11867
20231011 12021
20230914 11867
20231012 12023
20231013 12023
20231014 12011
20231013 12023
20231015 12000
20231013 12023
20231016 12003
20231013 12023
20231017 12013
20231013 12023
20231018 12025
20231013 12023
20231020 12035
20231013 12023
20231021 12037
20231013 12023
20231022 12032
20231013 12023
20231023 12030
20231013 12023
20231024 12045
20231013 12023
20231025 12054
20231013 12023
20231026 12056
20231013 12023
20231027 12066
20231013 12023
20231028 12072
20231031 12072
20231101 12071
20231031 12072
20231102 12090
20231031 12072
20231103 12092
20231031 12072
20231104 12103
20231031 12072
20231105 12095
20231031 12072
20231106 12094
20231031 12072
20231107 12101
20231031 12072
20231108 12105
20231031 12072
20231109 12103
20231031 12072
20231110 12106
20231031 12072
20231111 12117
20231031 12072
20231112 12105
20231031 12072
20231113 12110
20231031 12072
20231114 12113
20231115 12113
20231116 12110
20231117 12113
20231115 12113
20231118 12118
20231115 12113
20231120 12097
20231115 12113
20231121 12125
20231115 12113
20231122 12136
20231115 12113
20231123 12149
20231115 12113
20231124 12143
20231115 12113
20231125 12144
20231115 12113
20231126 12147
20231115 12113
20231127 12158
20231115 12113
20231128 12169
20231115 12113
20231129 12168
20231115 12113
20231130 12187
20231115 12113
20231201 12193
20231115 12113
20231202 12196
20231115 12113
20231203 12187
20231115 12113
20231204 12175
20231115 12113
20231205 12180
20231115 12113
20231206 12189
20231115 12113
20231207 12184
20231115 12113
20231208 12188
20231209 12188
20231210 12181
20231209 12188
20231210 12184
20231209 12188
20231211 12191
20231209 12188
20231212 12200
20231209 12188
20231213 12212
20231209 12188
20231214 12211
20231209 12188
20231215 12228
20231209 12188
20231216 12234
20231209 12188
20231217 12226
20231209 12188
20231218 12230
20231209 12188
20231219 12235
20231209 12188
20231220 12245
20231209 12188
20231221 12257
20231209 12188
20231222 12259
20231209 12188
20231223 12258
20231209 12188
20231224 12256
20231209 12188
20231225 12265
20231209 12188
20231226 12269
20231209 12188
20231227 12275
20231209 12188
20231230 12284
20231209 12188
20231231 12292
20231209 12188
20240101 12297
20231209 12188
20240102 12299
20231209 12188
20240103 12296
20231209 12188
20240104 12294
20231209 12188
20240105 12290
20231209 12188
20240106 12289
20231209 12188
20240107 12280
20231209 12188
20240108 12285
20231209 12188
20240109 12295
20231209 12188
20240110 12301
20231209 12188
20240111 12311
20231209 12188
20240112 12302
20231209 12188
20240113 12301
20231209 12188
20240114 12287
20231209 12188
20240115 12297
20231209 12188
20240116 12311
20231209 12188
20240117 12308
20231209 12188
20240118 12314
20231209 12188
20240119 12308
20240120 12308
20240121 12298
20240120 12308
20240122 12296
20240120 12308
20240124 12312
20240120 12308
20240125 12337
20240120 12308
20240126 12347
20240120 12308
20240127 12342
20240120 12308
20240128 12340
20240120 12308
20240129 12331
20240120 12308
20240130 12335
20240120 12308
20240131 12346
20240120 12308
20240201 12353
20240120 12308
20240202 12352
20240120 12308
20240203 12359
20240120 12308
20240204 12339
20240120 12308
20240205 12342
20240120 12308
20240206 12355
20240120 12308
20240207 12363
20240120 12308
20240208 12373
20240120 12308
20240209 12387
20240120 12308
20240212 12374
20240120 12308
20240213 12405
20240120 12308
20240214 12409
20240120 12308
20240220 12424
20240120 12308
20240221 12441
20240120 12308
20240225 12424
20240120 12308
20240226 12432
20240120 12308
20240328 12513
20240120 12308
20240329 12524
20240120 12308
20240330 12517
20240120 12308
20240331 12512
20240120 12308
20240401 12507
20240120 12308
20240402 12523
20240120 12308
20240403 12530
20240120 12308
20240404 12536
20240120 12308
20240405 12544
20240120 12308
20240406 12533
20240407 12533
20240408 12522
20240407 12533
20240409 12545
20240407 12533
20240410 12546
20240407 12533
20240411 12545
20240407 12533
20240415 12560
20240407 12533
20240416 12576
20240407 12533
20240417 12585
20240407 12533
20240418 12611
20240407 12533
20240419 12599
20240407 12533
20240421 12595
20240407 12533
20240423 12601
20240407 12533
20240426 12631
20240407 12533
20240428 12615
20240407 12533
20240501 12637
20240407 12533
20240503 12624
20240407 12533
20240507 12643
20240407 12533
20240508 12656
20240407 12533
20240509 12669
20240407 12533
20240510 12662
20240407 12533
20240513 12650
20240407 12533
20240515 12680
20240407 12533
20240516 12702
20240407 12533
20240517 12699
20240407 12533
20240518 12698
20240407 12533
20240519 12683
20240407 12533
20240520 12675
20240407 12533
20240521 12684
20240407 12533
20240522 12683
20240407 12533
20240523 12693
20240524 12693
20240525 12686
20240524 12693
20240526 12684
20240524 12693
20240527 12682
20240524 12693
20240528 12701
20240524 12693
20240529 12702
20240524 12693
20240530 12707
20240524 12693
20240531 12731
20240524 12693
20240601 12736
20240524 12693
20240602 12719
20240524 12693
20240603 12706
20240524 12693
20240604 12737
20240524 12693
20240605 12742
20240524 12693
20240606 12747
20240524 12693
20240609 12733
20240524 12693
20240611 12753
20240524 12693
20240612 12764
20240524 12693
20240613 12765
20240524 12693
20240614 12766
20240524 12693
20240615 12764
20240524 12693
20240616 12754
20240524 12693
20240617 12749
20240524 12693
20240620 12765
20240524 12693
20240621 12775
20240524 12693
20240623 12756
20240524 12693
20240624 12765
20240524 12693
20240626 12764
20240524 12693
20240627 12770
20240524 12693
20240628 12772
20240524 12693
20240629 12777
20240524 12693
20240630 12765
20240524 12693
20240701 12772
20240524 12693
20240702 12784
20240524 12693
20240704 12789
20240524 12693
20240705 12796
20240524 12693
20240707 12791
20240524 12693
20240708 12786
20240524 12693
20240709 12807
20240524 12693
20240710 12822
20240524 12693
20240711 12841
20240524 12693
20240712 12854
20240524 12693
20240713 12851
20240524 12693
20240714 12841
20240524 12693
20240715 12835
20240524 12693
20240716 12846
20240524 12693
20240717 1173
20240524 12693
20240718 1175
20240720 1175
20240721 1172
20240720 1175
20240722 1171
20240720 1175
20240723 1174
20240720 1175
20240724 1173
20240720 1175
20240725 1177
20240727 1177
20240728 1176
20240727 1177
20240729 1175
20240730 1175
20240731 1176
20240801 1175
20240730 1175
20240802 1174
20240803 1174
20240804 1173
20240803 1174
20240805 1175
20240803 1174
20240806 1176
20240803 1174
20240806 1179
20240803 1174
20240807 1180
20240803 1174
20240808 1179
20240803 1174
20240809 1180
20240803 1174
20240810 1178
20240803 1174
20240811 1177
20240803 1174
20240812 1176
20240813 1176
20240814 1177
20240813 1176
20240815 1178
20240813 1176
20240816 1180
20240817 1180
20240818 1178
20240817 1180
20240819 1177
20240817 1180
20240820 1178
20240817 1180
20240821 1179
20240822 1180
20240817 1180
20240823 1185
20240817 1180
20240824 1181
20240817 1180
20240825 1182
20240817 1180
20240826 1186
20240817 1180
20240827 1187
20240817 1180
20240828 1186
20240817 1180
20240829 1188
20240817 1180
20240830 1186
20240817 1180
20240831 1185
20240901 1185
20240902 1186
20240901 1185
20240903 1181
20240904 1181
20240905 1183
20240906 1181
20240904 1181
20240907 1183
20240910 1183
20240911 1182
20240910 1183
20240912 1180
20240914 1180
20240915 1179
20240914 1180
20240916 1178
20240914 1180
20240917 1182
20240914 1180
20240918 1181
20240919 1180
20240920 1180
20240921 1177
20240922 1177
20240925 1178
20240926 1178
20240927 1177
20240928 1178
20240928 1178
