20230922 4015
20230924 4017
20230925 4019
20230926 4020
20230927 4019
20230928 4020
20230929 4031
20230930 4031
20231001 4034
20231002 4034
20231003 4034
20231005 4039
20231007 4045
20231008 4046
20231009 4046
20231010 4048
20231011 4048
20231012 4049
20231013 4051
20231014 4052
20231015 4055
20231016 4055
20231017 4055
20231018 4054
20231019 4054
20231020 4057
20231021 4058
20231022 4062
20231023 4061
20231024 4062
20231025 4061
20231026 4062
20231027 4061
20231028 4063
20231029 4064
20231030 4067
20231031 4068
20231101 4069
20231102 4069
20231103 4072
20231104 4067
20231105 4071
20231106 4071
20231107 4071
20231108 4071
20231109 4070
20231110 4070
20231111 4073
20231112 4072
20231113 4073
