20230922 626
20230927 626
20230928 625
20231012 625
20231013 626
20231031 626
20231101 625
20231102 625
20231103 626
20231104 626
20231105 627
20231106 628
20231110 628
20231111 627
20231112 626
20231113 626
20231114 625
20231117 625
20231118 626
20231120 627
20231122 627
20231123 626
20231126 626
20231127 625
20231202 625
20231203 626
20231207 626
20231208 624
20231209 615
20231210 615
20231211 616
20231214 616
20231215 618
20231216 618
20231217 620
20231218 620
20231219 619
20240104 619
20240105 620
20240106 621
20240113 621
20240114 622
20240117 622
20240118 623
20240119 634
20240120 624
20240121 623
20240122 624
20240126 624
20240127 625
20240130 625
20240131 626
20240205 626
20240206 627
20240208 627
20240209 628
20240210 629
20240211 629
20240212 628
20240218 628
20240219 627
20240222 627
20240223 628
20240224 629
20240225 629
20240226 628
20240309 628
20240310 629
20240318 629
20240319 630
20240320 630
20240321 631
20240322 632
20240325 632
20240326 633
20240327 632
20240331 632
20240401 631
20240403 631
20240404 632
20240406 632
20240407 633
20240408 633
20240409 634
20240416 634
20240417 633
20240425 633
20240426 629
20240427 630
20240501 630
20240503 631
20240506 631
20240507 630
20240509 630
20240510 631
20240512 631
20240513 632
20240524 632
20240525 633
20240601 633
20240602 634
20240615 634
20240616 635
20240622 635
20240623 636
20240630 636
20240701 634
20240704 634
20240705 635
20240708 635
20240709 637
20240714 637
20240715 638
20240716 639
20240718 639
20240719 638
20240720 635
20240728 635
20240729 636
20240804 636
20240805 635
20240806 636
20240808 636
20240809 635
20240810 641
20240811 641
20240812 643
20240813 643
20240814 644
20240818 644
20240819 642
20240823 642
20240824 641
20240825 627
20240901 627
20240902 629
20240908 629
20240909 628
20240910 628
20240911 636
20240915 636
20240916 637
20240922 637
20240925 638
20240929 638
20240930 637
20241006 637
20241007 638
20241009 638
20241010 637
20241011 639
20241013 639
20241014 640
20241015 640
20241016 641
20241017 641
20241018 640
20241021 640
20241022 639
20241024 639
20241025 640
20241026 639
20241027 640
20241028 639
20241029 640
20241030 641
20241031 641
20241101 640
20241113 640
20241114 641
20241121 641
20241122 643
20241123 643
20241124 646
20241204 646
20241205 648
20241206 648
20241207 650
20241208 651
20241212 651
20241213 652
20241214 651
20241215 652
20241216 652
20241217 650
20241219 650
20241220 649
20241221 649
20241222 648
20241225 648
20241226 649
20241227 649
20241228 647
20241229 647
20241230 648
20250102 648
20250103 650
20250104 649
20250105 648
20250106 648
20250107 649
20250109 649
20250110 650
20250116 650
20250117 651
20250118 653
20250122 653
20250123 654
20250125 654
20250126 655
20250127 655
20250128 656
20250130 656
20250131 657
20250201 657
20250202 655
20250203 657
20250204 656
20250207 656
20250208 657
20250212 657
20250213 658
20250214 659
20250216 659
20250217 661
20250220 661
20250221 664
20250223 664
20250224 665
20250228 665
20250301 666
20250305 666
20250306 665
20250307 667
20250309 667
20250310 668
20250311 668
20250312 669
20250314 669
20250315 668
20250316 668
20250317 669
20250319 669
20250320 670
20250321 670
20250322 669
20250323 671
20250324 671
20250326 673
20250401 673
20250402 671
20250403 671
20250404 672
20250405 673
20250406 674
20250410 674
20250411 675
20250412 674
20250419 674
20250420 673
20250421 672
20250422 671
20250423 669
20250427 669
20250428 668
20250429 669
20250430 670
20250501 671
20250507 671
20250508 670
20250515 670
20250516 671
20250517 670
20250518 670
20250519 671
20250520 673
20250523 673
20250524 674
20250525 675
20250528 675
20250529 676
20250530 675
20250601 675
20250602 674
20250607 674
20250608 675
20250611 675
20250612 676
20250621 676
20250622 677
20250623 677
20250624 676
20250625 677
20250627 677
20250628 679
20250629 678
20250630 678
20250701 676
20250709 676
20250710 677
20250712 677
20250713 679
20250716 679
20250717 680
20250718 681
20250723 681
20250724 682
20250725 681
20250726 681
20250727 680
20250730 680
20250731 682
20250801 682
20250802 683
20250804 683
20250805 682
20250806 682
20250807 683
20250808 680
20250812 680
20250813 679
20250814 681
20250815 681
20250816 682
20250820 682
20250821 683
20250822 684
20250829 684
20250830 685
20250908 685
20250909 674
20250915 674
20250916 673
20250917 674
20250919 674
20250920 675
20250926 675
20250927 676
20250930 676
20251001 678
20251007 678
20251008 676
20251011 676
20251012 677
20251017 677
20251018 675
20251022 675
20251023 676
20251024 676
20251025 675
20251026 676
20251027 677
20251028 679
20251029 679
20251030 680
20251031 680
20251101 679
20251102 680
20251104 680
20251105 681
20251107 681
20251108 682
20251109 682
20251110 683
20251111 683
20251112 684
20251123 684
20251124 685
20251130 685
20251202 686
20251204 686
20251206 688
20251210 688
20251212 689
20251213 690
20251214 690
20251217 691
20260103 692
20260104 693
20260108 693
20260109 694
20260110 694
20260111 695
20260116 695
20260117 694
20260125 694
20260126 693
20260128 693
20260130 692
20260131 692
20260201 693
20260202 693
20260203 695
20260204 696
20260211 696
20260212 697
20260213 697
20260214 698
20260215 699
20260216 700
20260219 700
20260220 699
20260221 700
20260225 700
20260226 701
20260301 701
20260303 699
