20230707 4
20230709 4
20230710 4
20230711 4
20230712 4
20230714 4
20230715 4
20230716 4
20230717 4
20230718 4
20230719 4
20230720 4
20230721 4
20230722 4
20230723 4
20230724 4
20230725 4
20230726 4
20230727 4
20230728 4
20230729 4
20230730 4
20230731 4
20230801 4
20230802 4
20230803 4
20230804 4
20230805 4
20230806 4
20230807 4
20230808 4
20230809 4
20230810 4
20230811 4
20230812 4
20230813 4
20230815 4
20230816 4
20230817 4
20230818 4
20230819 4
20230820 4
20230821 4
20230822 4
20230823 4
20230824 4
20230825 4
20230826 4
20230827 4
20230828 4
20230829 4
20230830 4
20230831 4
20230901 4
20230902 4
20230903 4
20230904 4
20230905 4
20230906 4
20230907 4
20230908 4
20230909 4
20230910 4
20230911 4
20230912 4
20230913 4
20230914 4
20230915 4
20230916 4
20230917 4
20230918 4
20230919 4
20230920 3
20230921 3
20230922 3
20230923 3
20230924 3
20230925 3
20230926 3
20230927 3
20230928 3
20230929 3
20230930 3
20231001 3
20231002 3
20231003 3
20231005 3
20231007 3
20231008 3
20231009 3
20231010 3
20231011 3
20231012 3
20231013 3
20231014 3
20231015 3
20231016 3
20231017 3
20231018 3
20231019 3
20231020 3
20231021 3
20231022 3
20231023 3
20231024 3
20231025 3
20231026 3
20231027 3
20231028 3
20231029 3
20231030 3
20231031 3
20231101 3
20231102 3
20231103 3
20231104 3
20231105 3
20231106 3
20231107 3
20231108 3
20231109 3
20231110 3
20231111 3
20231112 3
20231113 3
20231114 3
20231115 3
20231116 3
20231117 3
20231118 3
20231120 3
20231121 3
20231122 3
20231123 3
20231124 3
20231125 3
20231126 3
20231127 3
20231128 3
20231129 3
20231130 3
20231201 3
20231202 3
20231203 3
20231204 3
20231205 3
20231206 3
20231207 3
20231208 3
20231209 3
20231210 3
20231211 3
20231212 3
20231213 3
20231214 3
20231215 3
20231216 3
20231217 3
20231218 3
20231219 3
20231220 3
20231221 3
20231222 3
20231223 3
20231224 3
20231225 3
20231226 3
20231227 3
20231230 3
20231231 3
20240101 3
20240102 3
20240103 3
20240104 3
