20230707 3692
20230709 3697
20230710 3700
20230711 3708
20230712 3715
20230713 3724
20230714 3730
20230715 3735
20230716 3741
20230717 3742
20230718 3746
20230719 3747
20230720 3747
20230721 3751
20230722 3755
20230723 3760
20230724 3763
20230725 3771
20230726 3773
20230727 3778
20230728 3784
20230729 3787
20230730 3798
20230731 3803
20230801 3807
20230802 3811
20230803 3813
20230804 3815
20230805 3823
20230806 3827
20230807 3830
20230808 3838
20230809 3842
20230810 3847
20230811 3848
20230812 3853
20230813 3855
20230815 3863
20230816 3864
