20230707 7971
20230709 7931
20230710 7927
20230711 7920
20230712 7916
20230713 7907
20230714 7902
20230715 7904
20230716 7905
20230717 7905
20230718 7894
20230719 7890
20230720 7891
20230721 7900
20230722 7903
20230723 7900
20230724 7897
20230725 7895
20230726 7891
20230727 7892
20230728 7897
20230729 7901
20230730 7900
20230731 7901
20230801 7901
20230802 7902
20230803 7905
20230804 7907
20230805 7905
20230806 7904
20230807 7897
20230808 7891
20230809 7896
20230810 7894
20230811 7889
20230812 7887
20230813 7893
20230815 7902
20230816 8136
