20230707 8440
20230709 8435
20230710 8437
20230711 8445
20230712 8462
20230713 8464
20230714 8467
20230715 8459
20230716 8454
20230717 8451
20230718 8451
20230719 8454
20230720 8454
20230721 8452
20230722 8453
20230723 8457
20230724 8458
20230725 8457
20230726 8451
20230727 8451
20230728 8452
20230729 8451
20230730 8447
20230731 8443
20230801 8451
20230802 8460
20230803 8462
20230804 8466
20230805 8473
20230806 8474
20230807 8475
20230808 8488
20230809 8485
20230810 8483
20230811 8478
20230812 8476
20230813 8475
20230815 8473
20230816 8477
20230817 8472
20230818 8475
20230819 8474
20230820 8470
20230821 8464
20230822 8472
20230823 8471
20230824 8469
20230825 8465
20230826 8465
20230827 8463
20230828 8463
20230829 8467
