20230707 11443
20230709 11436
20230710 11438
20230711 11439
20230712 11441
20230713 11436
20230714 11427
20230715 11427
20230716 11432
20230717 11433
20230718 11439
20230719 11438
20230720 11435
20230721 11433
20230722 11429
20230723 11422
20230724 11412
20230725 11412
20230726 11410
20230727 11411
20230728 11413
20230729 11410
20230730 11406
20230731 11402
20230801 11401
20230802 11399
20230803 11404
20230804 11404
20230805 11404
20230806 11395
20230807 11392
20230808 11394
20230809 11396
20230810 11395
20230811 11389
20230812 11385
20230813 11383
20230815 11385
20230816 11388
20230817 11383
20230818 11374
20230819 11369
20230820 11368
20230821 11364
20230822 11364
20230823 11355
20230824 11354
20230825 11354
20230826 11351
20230827 11349
20230828 11338
20230829 11337
20230830 11335
20230831 11335
20230901 11345
20230902 11341
20230903 11345
