20230922 225
20230924 226
20230925 226
20230926 224
20230927 226
20230928 223
20230929 228
20230930 228
20231001 231
20231002 231
20231003 229
20231005 228
20231007 229
20231008 231
20231009 231
20231010 229
20231011 227
20231012 228
20231013 228
20231014 232
20231015 230
20231016 227
20231017 227
20231018 230
20231019 230
20231020 229
20231021 229
20231022 228
20231023 230
20231024 233
20231025 235
20231026 231
20231027 232
20231028 231
20231029 233
20231030 237
20231031 231
20231101 234
20231102 234
20231103 233
20231104 234
20231105 233
20231106 233
20231107 234
20231108 234
20231109 234
20231110 235
20231111 234
20231112 233
20231113 235
20231114 234
20231115 234
20231116 233
20231117 236
20231118 234
20231120 234
20231121 236
