20230922 1083
20230924 1083
20230925 1084
20230930 1084
20231001 1085
20231012 1085
20231013 1086
20231019 1086
20231020 1087
20231118 1087
20231120 1088
20231123 1088
20231124 1089
20231127 1089
20231128 1090
20231130 1090
20231201 1092
20231222 1092
20231223 1093
20231226 1093
20231227 1094
20240118 1094
20240119 1098
20240120 1095
20240121 1095
20240122 1096
20240127 1096
20240128 1098
20240131 1098
20240201 1099
20240303 1099
20240304 1100
20240305 1103
20240307 1103
20240308 1102
20240310 1102
20240311 1103
20240312 1104
20240313 1104
20240314 1105
20240318 1105
20240319 1106
20240322 1106
20240323 1107
20240325 1107
20240326 1109
20240327 1109
20240328 1110
20240331 1110
20240401 1108
20240402 1109
20240406 1109
20240407 1110
20240413 1110
20240415 1111
20240421 1111
20240422 1112
20240424 1112
20240425 1113
20240426 1113
20240427 1114
20240429 1114
20240430 1115
20240509 1115
20240510 1116
20240527 1116
20240528 1117
20240529 1116
20240530 1116
20240531 1118
20240606 1118
20240609 1119
20240618 1119
20240620 1120
20240622 1120
20240623 1121
20240624 1122
20240627 1122
20240628 1123
20240720 1123
20240721 1124
20240724 1124
20240725 1122
20240726 1122
20240727 1124
20240728 1122
20240820 1122
20240821 1123
20240829 1123
20240830 1126
20240831 1126
20240901 1127
20240903 1127
20240904 1128
20240909 1128
20240910 1129
20240911 1131
20240915 1131
20240916 1132
20240920 1132
20240921 1134
20240922 1136
20240925 1137
20241001 1137
20241002 1139
20241004 1139
20241005 1138
20241021 1138
20241022 1133
20241025 1133
20241026 1135
20241027 1136
20241102 1136
20241103 1137
20241116 1137
20241117 1139
20241213 1139
20241214 1140
20241217 1140
20241218 1141
20241221 1141
20241222 1142
20241226 1142
20241227 1143
20250102 1143
20250103 1144
20250116 1144
20250117 1142
20250118 1142
20250119 1143
20250120 1145
20250125 1145
20250126 1146
20250202 1146
20250203 1147
20250211 1147
20250212 1148
20250213 1146
20250219 1146
20250220 1147
20250221 1147
20250222 1149
20250305 1149
20250306 1150
20250310 1150
20250311 1151
20250324 1151
20250326 1152
20250410 1152
20250411 1153
20250420 1153
20250421 1154
20250424 1154
20250425 1155
20250426 1156
20250427 1157
20250428 1157
20250429 1158
20250509 1158
20250510 1159
20250511 1160
20250524 1160
20250525 1161
20250602 1161
20250603 1162
20250613 1162
20250614 1163
20250616 1163
20250617 1164
20250625 1164
20250626 1162
20250703 1162
20250704 1163
20250705 1163
20250706 1164
20250713 1164
20250714 1165
20250720 1165
20250722 1167
20250726 1167
20250727 1168
20250731 1168
20250801 1169
20250802 1170
20250811 1170
20250812 1171
20250821 1171
20250822 1172
20250824 1172
20250825 1173
20250909 1173
20250910 1174
20251010 1174
20251011 1175
20251012 1176
20251121 1176
20251122 1177
20251125 1177
20251126 1179
20251206 1179
20251207 1180
20251210 1180
20251212 1181
20251213 1181
20251214 1182
20260116 1182
20260117 1185
20260118 1186
20260124 1186
20260125 1185
20260126 1182
20260128 1182
20260130 1183
20260206 1183
20260208 1182
20260209 1181
20260211 1181
20260212 1180
20260214 1180
20260215 1181
20260218 1181
