20230707 19875
20230709 19876
20230710 19875
20230711 19879
20230712 19885
20230713 19884
20230714 19882
20230715 19880
20230716 19881
20230717 19878
20230718 19876
20230719 19874
20230720 19874
20230721 19878
20230720 19874
20230722 19885
20230720 19874
20230723 19883
20230720 19874
20230724 19880
20230720 19874
20230725 19878
20230720 19874
20230726 19882
20230720 19874
20230727 19880
20230720 19874
20230728 19881
20230720 19874
20230729 19880
20230720 19874
20230730 19885
20230731 19885
20230801 19886
20230802 19886
20230803 19882
20230802 19886
20230804 19875
20230802 19886
20230805 19874
20230806 19874
20230807 19873
20230808 19873
20230809 19870
20230808 19873
20230810 19867
20230808 19873
20230811 19866
20230808 19873
20230812 19851
20230808 19873
20230813 19850
20230808 19873
20230815 19848
20230808 19873
20230816 19849
20230808 19873
20230817 19851
20230808 19873
20230818 19854
20230808 19873
20230819 19852
20230808 19873
20230820 19851
20230808 19873
20230821 19853
20230808 19873
20230822 19854
20230823 19854
20230824 19853
20230823 19854
20230825 19857
20230823 19854
20230826 19858
20230823 19854
20230827 19857
20230823 19854
20230828 19856
20230823 19854
20230829 19855
20230823 19854
20230830 19886
20230831 19886
20230901 19884
20230831 19886
20230902 19883
20230831 19886
20230903 19879
20230831 19886
20230904 19881
20230831 19886
20230905 19868
20230831 19886
20230906 19845
20230831 19886
20230907 19850
20230831 19886
20230908 19858
20230831 19886
20230909 19856
20230831 19886
20230910 19841
20230911 19841
20230912 19832
20230911 19841
20230913 19828
20230911 19841
20230914 19825
20230915 19825
20230916 19798
20230918 19798
20230919 19793
20230918 19798
20230920 19507
20230918 19798
20230921 19496
20230922 19496
20230923 19499
20230922 19496
20230924 19497
20230922 19496
20230925 19495
20230922 19496
20230926 19492
20230922 19496
20230927 19486
20230922 19496
20230928 19488
20230922 19496
20230929 19486
20230922 19496
20230930 19485
20230922 19496
20231001 19483
20230922 19496
20231002 19485
20230922 19496
20231003 19486
20230922 19496
20231005 19475
20230922 19496
20231007 19481
20230922 19496
20231008 19480
20230922 19496
20231009 19473
20230922 19496
20231010 19467
20230922 19496
20231011 19465
20230922 19496
20231012 19467
20230922 19496
20231013 19469
20230922 19496
20231014 19465
20230922 19496
20231015 19447
20230922 19496
20231016 19441
20230922 19496
20231017 19438
20230922 19496
20231018 19439
20230922 19496
20231019 19320
20230922 19496
20231020 19225
20230922 19496
20231021 19198
20230922 19496
20231022 19191
20230922 19496
20231023 19192
20230922 19496
20231024 19186
20230922 19496
20231025 19176
20230922 19496
20231026 19178
20230922 19496
20231027 19176
20230922 19496
20231028 19173
20230922 19496
20231029 19168
20230922 19496
20231030 19165
20230922 19496
20231031 19159
20230922 19496
20231101 19161
20230922 19496
20231102 19159
20230922 19496
20231103 19156
20230922 19496
20231104 19157
20230922 19496
20231105 19154
20230922 19496
20231106 19150
20231107 19150
20231108 19145
20231107 19150
20231109 19144
20231107 19150
20231110 19146
20231111 19146
20231112 19145
20231111 19146
20231113 19141
20231111 19146
20231114 19140
20231111 19146
20231115 19143
20231111 19146
20231116 19142
20231111 19146
20231117 19133
20231111 19146
20231118 19132
20231111 19146
20231120 19129
20231111 19146
20231121 19131
20231111 19146
20231122 19128
20231111 19146
20231123 19129
20231111 19146
20231124 19132
20231111 19146
20231125 19127
20231111 19146
20231126 19123
20231111 19146
20231127 19122
20231111 19146
20231128 19123
20231129 19123
20231130 19117
20231201 19117
20231202 19113
20231201 19117
20231203 19112
20231201 19117
20231204 19113
20231201 19117
20231205 19116
20231201 19117
20231206 19114
20231201 19117
20231207 19113
20231201 19117
20231208 19112
20231201 19117
20231209 19109
20231201 19117
20231210 19107
20231201 19117
20231211 19104
20231201 19117
20231212 19098
20231201 19117
20231213 19097
20231201 19117
20231214 19089
20231201 19117
20231215 19085
20231216 19085
20231217 19086
20231216 19085
20231218 19080
20231216 19085
20231219 19081
20231216 19085
20231220 19077
20231216 19085
20231221 19078
20231216 19085
20231222 19075
20231216 19085
20231223 19068
20231216 19085
20231224 19067
20231216 19085
20231225 19062
20231216 19085
20231226 19060
20231216 19085
20231227 19056
20231216 19085
20231230 19050
20231216 19085
20231231 19045
20231216 19085
20240101 19040
20231216 19085
20240102 19036
20231216 19085
20240103 19026
20231216 19085
20240104 19024
20231216 19085
20240105 19021
20231216 19085
20240106 19059
20231216 19085
20240107 19057
20231216 19085
20240108 19055
20231216 19085
20240109 19051
20231216 19085
20240110 19047
20231216 19085
20240111 19079
20231216 19085
20240112 19082
20231216 19085
20240113 19073
20231216 19085
20240114 19072
20231216 19085
20240115 19067
20231216 19085
20240116 19065
20231216 19085
20240117 19063
20231216 19085
20240118 19066
20240119 19066
20240120 19063
20240119 19066
20240121 19062
20240119 19066
20240122 19057
20240119 19066
20240124 19054
20240119 19066
20240125 19057
20240119 19066
20240126 19048
20240119 19066
20240127 19044
20240128 19044
20240129 19041
20240128 19044
20240130 19042
20240128 19044
20240131 19045
20240128 19044
20240201 19047
20240128 19044
20240202 19043
20240128 19044
20240203 19042
20240128 19044
20240204 19041
20240128 19044
20240205 19042
20240128 19044
20240206 19046
20240207 19044
20240128 19044
20240208 19047
20240128 19044
20240209 19046
20240210 19044
20240211 19044
20240212 19043
20240211 19044
20240213 19040
20240211 19044
20240214 19039
20240211 19044
20240215 19042
20240211 19044
20240216 19043
20240211 19044
20240217 19042
20240219 19042
20240220 19040
20240219 19042
20240221 19039
20240219 19042
20240222 19035
20240219 19042
20240223 19033
20240219 19042
20240224 19034
20240219 19042
20240225 19029
20240219 19042
20240226 19028
20240219 19042
20240227 19029
20240219 19042
20240228 19028
20240219 19042
20240229 19029
20240219 19042
20240301 19028
20240302 19028
20240303 19029
20240302 19028
20240304 19025
20240302 19028
20240305 19024
20240302 19028
20240306 19042
20240302 19028
20240307 19039
20240302 19028
20240308 19034
20240302 19028
20240309 19032
20240302 19028
20240310 19026
20240312 19026
20240313 19025
20240314 19025
20240315 19019
20240314 19025
20240316 19014
20240314 19025
20240317 19015
20240314 19025
20240318 19012
20240314 19025
20240319 19010
20240314 19025
20240320 19009
20240314 19025
20240321 19017
20240314 19025
20240322 19021
20240314 19025
20240323 19019
20240314 19025
20240324 19013
20240314 19025
20240325 19010
20240314 19025
20240326 19009
20240314 19025
20240327 19011
20240314 19025
20240328 19015
20240314 19025
20240329 19017
20240314 19025
20240330 19016
20240401 19016
20240402 19011
20240401 19016
20240403 19014
20240401 19016
20240404 19013
20240401 19016
20240405 19011
20240406 19011
20240407 18999
20240406 19011
20240408 18997
20240406 19011
20240409 18995
20240406 19011
20240410 18985
20240406 19011
20240411 18987
20240406 19011
20240412 18981
20240406 19011
20240413 18979
20240406 19011
20240415 18980
20240406 19011
20240416 18978
20240406 19011
20240417 18975
20240406 19011
20240418 18969
20240406 19011
20240419 18966
20240406 19011
20240420 18965
20240406 19011
20240421 18963
20240406 19011
20240422 18956
20240406 19011
20240423 18955
20240406 19011
20240424 18954
20240406 19011
20240425 18953
20240406 19011
20240426 18947
20240427 18947
20240428 18949
20240427 18947
20240429 18945
20240430 18947
20240427 18947
20240501 18940
20240427 18947
20240503 18934
20240427 18947
20240504 18935
20240427 18947
20240505 18937
20240427 18947
20240506 18935
20240427 18947
20240507 18937
20240427 18947
20240508 18930
20240427 18947
20240509 18926
20240427 18947
20240510 18922
20240427 18947
20240511 18920
20240512 18920
20240513 18923
20240512 18920
20240514 18919
20240515 18920
20240512 18920
20240516 18916
20240517 18920
20240512 18920
20240518 18918
20240512 18920
20240519 18919
20240512 18920
20240520 18916
20240512 18920
20240521 18911
20240512 18920
20240522 18910
20240512 18920
20240523 18909
20240512 18920
20240524 18912
20240512 18920
20240525 18909
20240512 18920
20240526 18904
20240512 18920
20240527 18903
20240512 18920
20240528 18901
20240512 18920
20240529 18902
20240512 18920
20240530 18907
20240512 18920
20240531 18908
20240512 18920
20240601 18904
20240512 18920
20240602 18903
20240512 18920
20240603 18900
20240512 18920
20240604 18898
20240512 18920
20240605 18897
20240512 18920
20240606 18889
20240512 18920
20240609 18877
20240512 18920
20240611 18872
20240512 18920
20240612 18874
20240512 18920
20240613 18873
20240614 18873
20240615 18877
20240614 18873
20240616 18872
20240617 18873
20240614 18873
20240618 18871
20240620 18871
20240621 18869
20240620 18871
20240622 18863
20240620 18871
20240623 18861
20240624 18861
20240626 18857
20240624 18861
20240627 18858
20240624 18861
20240628 18855
20240629 18855
20240630 18847
20240629 18855
20240701 18849
20240702 18849
20240703 18850
20240702 18849
20240704 18853
20240702 18849
20240705 18847
20240702 18849
20240706 18844
20240702 18849
20240707 18845
20240708 18845
20240709 18844
20240708 18845
20240710 18842
20240708 18845
20240711 18841
20240708 18845
20240712 18839
20240708 18845
20240713 18827
20240708 18845
20240714 18830
20240708 18845
20240715 18826
20240708 18845
20240716 18828
20240708 18845
20240717 18831
20240708 18845
20240718 18835
20240708 18845
20240719 18836
20240708 18845
20240720 18831
20240708 18845
20240721 18823
20240708 18845
20240722 18824
20240724 18824
20240725 18821
20240724 18824
20240726 18819
20240724 18824
20240727 18821
20240724 18824
20240728 18823
20240724 18824
20240729 18821
20240724 18824
20240730 18819
20240724 18824
20240731 18820
20240805 18820
20240806 18812
20240812 18812
20240813 18798
20240812 18812
20240814 18796
20240812 18812
20240815 18793
20240812 18812
20240816 18792
20240812 18812
20240817 18790
20240812 18812
20240818 18789
20240812 18812
20240819 18783
20240812 18812
20240820 18781
20240812 18812
20240821 18778
20240812 18812
20240822 18774
20240812 18812
20240823 18768
20240812 18812
20240824 18767
20240812 18812
20240825 18764
20240812 18812
20240826 18763
20240812 18812
20240827 18767
20240812 18812
20240828 18771
20240812 18812
20240829 18775
20240812 18812
20240830 18773
20240812 18812
20240831 18770
20240812 18812
20240901 18766
20240812 18812
20240902 18764
20240812 18812
20240903 18749
20240904 18749
20240905 18710
20240904 18749
20240906 18696
20240904 18749
20240907 18695
20240904 18749
20240908 18693
20240904 18749
20240909 18692
20240910 18692
20240911 18688
20240910 18692
20240912 18687
20240910 18692
20240913 18686
20240910 18692
20240914 18677
20240910 18692
20240915 18671
20240910 18692
20240916 18612
20240910 18692
20240917 18611
20240918 18611
20240919 18610
20240918 18611
20240920 18608
20240918 18611
20240921 18605
20240918 18611
20240921 18608
20240918 18611
20240922 18605
20240918 18611
20240925 18597
20240918 18611
20240926 18591
20240918 18611
20240927 18584
20240918 18611
20240928 18581
20240918 18611
20240929 18579
20240918 18611
20240930 18577
20240918 18611
20241001 18579
20240918 18611
20241002 18576
20241002 18576
