20230707 65
20230719 65
20230720 66
20230820 66
20230821 67
20230831 67
20230901 68
20230914 68
20230915 69
20230919 69
20230920 68
20231028 68
20231029 69
20240213 69
20240214 72
20240321 72
20240322 74
20240408 74
20240409 75
20240425 75
20240426 76
20240624 76
20240626 76
20240627 76
20240628 76
20240629 76
20240630 76
20240701 76
20240702 76
20240703 76
20240704 76
20240705 76
20240706 76
20240707 76
20240708 76
20240709 76
20240710 76
20240711 76
20240712 76
20240713 76
20240714 76
20240715 76
20240716 76
20240717 76
20240718 76
20240719 76
