20230922 66
20230924 66
20230925 66
20230926 66
20230927 66
20230928 66
20230929 66
20230930 66
20231001 66
20231002 66
20231003 66
20231005 66
20231007 66
20231008 66
20231009 66
20231010 66
20231011 66
20231012 66
20231013 66
20231014 66
20231015 66
20231016 66
20231017 66
20231018 66
20231019 66
20231020 66
20231021 66
20231022 66
20231023 66
20231024 66
20231025 66
20231026 66
20231027 66
20231028 66
20231029 66
20231030 66
20231031 66
20231101 66
20231102 66
20231103 66
20231104 66
20231105 66
20231106 66
20231107 66
20231108 66
20231109 66
20231110 66
20231111 66
20231112 66
20231113 66
20231114 66
20231115 66
20231116 66
20231117 66
20231118 66
20231120 66
20231121 66
20231122 66
20231123 66
20231124 66
20231125 66
20231126 66
20231127 66
20231128 66
20231129 66
20231130 66
20231201 66
20231202 66
20231203 66
20231204 66
20231205 66
20231206 66
20231207 66
20231208 66
20231209 66
20231210 66
20231211 66
20231212 66
20231213 66
20231214 66
20231215 66
20231216 66
20231217 66
20231218 66
20231219 66
20231220 66
20231221 66
20231222 66
20231223 66
20231224 66
20231225 66
20231226 66
20231227 66
20231230 66
20231231 66
20240101 66
20240102 66
20240103 66
20240104 66
20240105 66
20240106 66
20240107 66
20240108 66
20240109 66
20240110 66
20240111 66
20240112 66
20240113 66
20240114 66
20240115 66
20240116 66
20240117 66
20240118 66
20240119 54
20240120 66
20240121 66
20240122 66
20240124 66
20240125 66
20240126 66
20240127 67
20240128 67
20240129 67
20240130 67
20240131 67
20240201 67
20240202 67
20240203 67
20240204 67
20240205 67
20240206 67
20240207 67
20240208 67
20240209 67
20240210 67
20240211 67
20240212 67
20240213 67
20240214 67
20240215 67
20240216 67
20240217 67
20240218 67
20240219 67
20240220 67
20240221 67
20240222 67
20240223 67
20240224 67
20240225 67
20240226 67
20240227 67
20240228 67
20240229 67
20240301 67
20240302 67
20240303 67
20240304 67
20240305 67
20240306 67
20240307 67
20240308 67
20240309 67
20240310 67
20240311 67
20240312 67
20240313 67
20240314 67
20240315 67
20240316 67
20240317 67
20240318 67
20240319 67
20240320 67
20240321 67
20240322 67
20240323 67
20240324 67
20240325 67
20240326 67
20240327 67
20240328 67
20240329 67
20240330 67
20240331 67
20240401 67
20240402 67
20240403 67
20240404 67
20240405 67
20240406 67
20240407 67
20240408 67
20240409 67
20240410 67
20240411 67
20240412 67
20240413 67
20240415 67
20240416 67
20240417 67
20240418 67
20240419 67
20240420 67
20240421 67
20240422 67
20240423 67
20240424 67
20240425 67
20240426 67
20240427 67
20240428 67
20240429 67
20240430 67
20240501 67
20240503 67
20240504 67
20240505 67
20240506 67
20240507 67
20240508 67
20240509 67
20240510 67
20240511 67
20240512 67
20240513 67
20240514 67
20240515 67
20240516 67
20240517 67
20240518 67
20240519 67
20240520 67
20240521 67
20240522 67
20240523 67
20240524 67
20240525 67
20240526 67
20240527 67
20240528 67
20240529 67
20240530 67
20240531 67
20240601 67
20240602 67
20240603 67
20240604 67
20240605 67
20240606 67
20240609 67
20240611 67
20240612 67
20240613 67
20240614 67
20240615 67
20240616 67
20240617 67
20240618 67
20240620 67
20240621 67
20240622 67
20240623 67
20240624 67
