20230707 15
20230709 15
20230710 15
20230711 15
20230712 15
20230714 15
20230715 15
20230716 15
20230717 15
20230718 15
20230719 15
20230720 15
20230721 15
20230722 15
20230723 15
20230724 15
20230725 15
20230726 15
20230727 15
20230728 15
20230729 15
20230730 15
20230731 15
20230801 15
20230802 15
20230803 15
20230804 15
20230805 15
20230806 15
20230807 15
20230808 15
20230809 15
20230810 15
20230811 15
20230812 15
20230813 15
20230815 15
20230816 15
20230817 15
20230818 15
20230819 15
20230820 15
20230821 15
20230822 15
20230823 15
20230824 15
20230825 15
20230826 15
20230827 15
20230828 15
20230829 15
20230830 15
20230831 15
20230901 15
20230902 15
20230903 15
20230904 15
20230905 15
20230906 15
20230907 15
20230908 15
20230909 15
20230910 15
20230911 15
20230912 15
20230913 15
20230914 15
20230915 15
20230916 15
20230917 15
20230918 15
20230919 15
20230920 13
20230921 13
20230922 13
20230923 13
20230924 13
20230925 13
20230926 13
20230927 13
20230928 13
20230929 13
20230930 13
20231001 13
20231002 13
20231003 13
20231005 13
20231007 13
20231008 13
20231009 13
20231010 13
20231011 13
20231012 13
20231013 13
20231014 13
20231015 13
20231016 13
20231017 13
20231018 13
20231019 13
20231020 13
20231021 13
20231022 13
20231023 13
20231024 14
20231025 14
20231026 14
20231027 14
20231028 14
20231029 14
20231030 14
20231031 14
20231101 14
20231102 14
20231103 14
20231104 14
20231105 14
20231106 14
20231107 14
20231108 14
20231109 14
20231110 14
20231111 14
20231112 14
20231113 14
20231114 14
20231115 14
20231116 14
20231117 14
20231118 14
20231120 14
20231121 14
20231122 14
20231123 14
20231124 14
20231125 14
20231126 14
20231127 14
20231128 14
20231129 14
20231130 14
20231201 14
20231202 14
20231203 14
20231204 14
20231205 14
20231206 14
20231207 14
20231208 14
20231209 14
20231210 14
20231211 14
20231212 14
20231213 14
20231214 14
20231215 14
20231216 14
20231217 14
20231218 14
20231219 14
20231220 14
20231221 14
20231222 14
20231223 14
20231224 14
20231225 14
20231226 14
20231227 14
20231230 14
20231231 14
20240101 14
20240102 14
20240103 14
20240104 14
20240105 14
20240106 14
20240107 14
20240108 14
20240109 14
20240110 14
20240111 14
20240112 14
20240113 14
20240114 14
20240115 14
20240116 14
20240117 14
20240118 14
20240119 14
20240120 14
20240121 14
20240122 14
20240124 14
20240125 14
20240126 14
20240127 14
20240128 14
20240129 14
20240130 14
20240131 14
20240201 14
20240202 14
20240203 14
20240204 14
20240205 14
20240206 14
20240207 14
20240208 14
20240209 14
20240210 14
20240211 14
20240212 14
20240213 14
20240214 14
20240215 14
20240216 14
20240217 14
20240218 14
20240219 14
20240220 14
20240221 14
20240222 14
20240223 14
20240224 14
20240225 14
20240226 14
20240227 14
20240228 14
20240229 14
20240301 14
20240302 14
20240303 14
20240304 14
20240305 14
20240306 14
20240307 14
20240308 14
20240309 14
20240310 14
20240311 14
20240312 14
20240313 14
20240314 14
20240315 14
20240316 14
20240317 14
20240318 14
20240319 14
20240320 14
20240321 14
20240322 14
20240323 14
20240324 14
20240325 14
20240326 14
20240327 14
20240328 14
20240329 14
20240330 14
20240331 14
20240401 14
20240402 14
20240403 14
20240404 14
20240405 14
20240406 14
20240407 14
20240408 14
20240409 14
20240410 14
20240411 14
20240412 14
20240413 14
20240415 14
20240416 14
20240417 14
20240418 14
20240419 14
20240420 14
20240421 14
20240422 14
20240423 14
20240424 14
20240425 14
20240426 14
20240427 14
20240428 14
20240429 14
20240430 14
20240501 14
20240503 14
20240504 14
20240505 14
20240506 14
20240507 14
20240508 14
20240509 14
20240510 14
20240511 14
20240512 14
20240513 14
20240514 14
20240515 14
20240516 14
20240517 14
20240518 14
20240519 14
20240520 14
20240521 14
20240522 14
20240523 14
