20230707 99
20230709 99
20230710 99
20230711 99
20230712 99
20230714 99
20230715 99
20230716 99
20230717 99
20230718 99
20230719 99
20230720 99
20230721 99
20230722 99
20230723 99
20230724 99
20230725 99
20230726 99
20230727 99
20230728 99
20230729 99
20230730 99
20230731 99
20230801 99
20230802 99
20230803 99
20230804 99
20230805 99
20230806 99
20230807 99
20230808 99
20230809 99
20230810 99
20230811 99
20230812 99
20230813 99
20230815 99
20230816 99
20230817 99
20230818 99
20230819 99
20230820 99
20230821 99
20230822 99
