20111231 1088468
20121231 1094431
20131231 1049661
20141231 1031456
20151231 1033152
20161231 1049445
20171231 1045802
20191231 1108428
20201231 1079951
20211231 1096297
20221231 1084911
20230707 1081606
20230802 1081606
20230803 1087631
20230902 1087631
20230903 1090264
20231003 1090264
20231005 1090954
20231102 1090954
20231103 1089823
20231203 1089823
20231204 1088510
20240102 1088510
20240103 1086501
20240204 1086501
20240205 1087111
20240303 1087111
20240304 1086906
20240402 1086906
20240403 1083588
20240501 1083588
20240503 1081332
20240602 1081332
20240603 1080682
20240701 1080682
20240702 1080682
20240703 1076421
20240801 1076421
20240802 1076421
20240803 1069937
20240902 1069937
20240903 1065849
20240921 1065849
20241003 1062756
20241006 1062756
20241111 1061402
20241117 1061402
20260104 1071417
20260105 1071417
20260107 1071417
20260109 1071417
20260110 1071417
