20230707 83615
20230709 83615
20230710 83617
20230711 83617
20230712 83617
20230713 83619
20230714 83621
20230715 83623
20230716 83624
20230717 83627
20230718 83633
20230719 83636
20230720 83643
20230721 83646
20230722 83662
20230723 83663
20230724 83664
20230725 83664
20230726 83665
20230727 83665
20230728 83667
20230729 83672
20230730 83672
20230731 83672
20230801 83673
20230802 83678
20230803 83683
20230804 83683
20230805 83683
20230806 83683
20230807 83683
20230808 83683
20230809 83684
20230810 83685
20230811 83685
20230812 83686
20230813 83688
20230815 83688
20230816 83688
20230817 83688
20230818 83688
20230819 83688
20230820 83688
