20230922 7841
20230924 7842
20230925 7846
20230926 7847
20230927 7845
20230928 7844
20230929 7842
20230930 7831
20231001 7830
20231002 7821
20231003 7814
20231005 7815
20231007 7813
20231008 7812
20231009 7812
20231010 7813
20231011 7808
20231012 7806
20231013 7800
20231014 7799
20231015 7800
20231016 7797
20231017 7797
20231018 7785
20231019 7785
20231020 7781
20231021 7785
20231022 7781
20231023 7780
20231024 7780
20231025 7774
20231026 7772
20231027 7768
20231028 7767
20231029 7764
20231030 7756
20231031 7752
20231101 7755
20231102 7756
20231103 7758
20231104 7757
20231105 7759
20231106 7760
20231107 7757
20231108 7757
20231109 7758
20231110 7770
20231111 7769
20231112 7767
20231113 7769
20231114 7769
20231115 7765
20231116 7763
