20230707 1009
20230709 1010
20230710 1010
20230711 1010
20230712 1010
20230714 1011
20230715 1012
20230716 1012
20230717 1012
20230718 1012
20230719 1013
20230720 1013
20230721 1013
20230722 1013
20230723 1013
20230724 1013
20230725 1013
20230726 1012
20230727 1012
20230728 1012
20230729 1012
20230730 1012
20230731 1012
20230801 1012
20230802 1013
20230803 1013
20230804 1012
20230805 1011
20230806 1012
20230807 1012
20230808 1013
20230809 1013
20230810 1013
20230811 1013
20230812 1014
20230813 1015
20230815 1015
20230816 1013
20230817 1013
20230818 1012
20230819 1012
20230820 1013
20230821 1013
20230822 1014
20230823 1012
20230824 1012
20230825 1013
20230826 1013
20230827 1013
20230828 1013
20230829 1013
20230830 1013
20230831 1014
20230901 1014
20230902 1014
20230903 1015
20230904 1015
20230905 1015
20230906 1016
20230907 1016
20230908 1016
20230909 1016
20230910 1016
20230911 1017
20230912 1018
20230913 1018
20230914 1018
20230915 1018
20230916 1018
20230917 1017
20230918 1017
20230919 1017
20230920 1016
20230921 1016
20230922 1017
20230923 1017
20230924 1017
20230925 1017
20230926 1016
20230927 1016
20230928 1017
20230929 1017
20230930 1020
20231001 1021
20231002 1021
20231003 1021
20231005 1021
20231007 1021
20231008 1020
20231009 1020
20231010 1020
20231011 1020
20231012 1020
20231013 1021
20231014 1021
20231015 1021
20231016 1021
20231017 1022
20231018 1022
20231019 1022
20231020 1021
20231021 1022
20231022 1022
20231023 1022
20231024 1022
20231025 1022
20231026 1021
20231027 1021
20231028 1022
20231029 1022
20231030 1020
20231031 1020
20231101 1020
20231102 1020
20231103 1020
20231104 1020
20231105 1020
20231106 1020
20231107 1020
20231108 1020
20231109 1020
20231110 1020
20231111 1020
20231112 1019
20231113 1019
20231114 1018
20231115 1018
20231116 1018
20231117 1018
20231118 1018
20231120 1018
20231121 1018
20231122 1018
20231123 1017
20231124 1016
20231125 1015
20231126 1015
20231127 1015
20231128 1016
20231129 1017
20231130 1018
20231201 1018
20231202 1018
20231203 1018
20231204 1018
20231205 1018
20231206 1019
20231207 1019
20231208 1021
20231209 1021
20231210 1021
20231211 1021
20231212 1021
20231213 1021
20231214 1020
20231215 1020
20231216 1020
20231217 1021
20231218 1022
20231219 1024
20231220 1023
20231221 1023
20231222 1024
20231223 1024
20231224 1025
20231225 1025
20231226 1025
20231227 1025
20231230 1025
20231231 1025
20240101 1025
20240102 1024
20240103 1024
20240104 1024
20240105 1024
20240106 1024
20240107 1023
20240108 1024
20240109 1024
20240110 1023
20240111 1023
20240112 1023
20240113 1024
20240114 1023
20240115 1024
20240116 1024
20240117 1024
20240118 1025
20240119 1025
20240120 1025
20240121 1025
20240122 1025
20240124 1025
20240125 1025
20240126 1026
20240127 1026
20240128 1026
20240129 1026
20240130 1026
20240131 1026
20240201 1026
20240202 1027
20240203 1027
20240204 1027
20240205 1028
20240206 1027
20240207 1027
20240208 1026
20240209 1026
20240210 1025
20240211 1025
20240212 1023
20240213 1023
20240214 1023
20240215 1023
20240216 1023
20240217 1023
20240218 1024
20240219 1023
20240220 1023
20240221 1023
20240222 1023
20240223 1023
20240224 1023
20240225 1023
20240226 1023
20240227 1023
20240228 1024
20240229 1024
20240301 1025
20240302 1025
20240303 1025
20240304 1025
20240305 1024
20240306 1025
20240307 1025
20240308 1026
20240309 1026
20240310 1026
20240311 1026
20240312 1026
20240313 1029
20240314 1028
20240315 1028
20240316 1029
20240317 1029
20240318 1027
20240319 1027
20240320 1027
20240321 1026
20240322 1026
20240323 1027
20240324 1027
20240325 1028
20240326 1028
20240327 1028
20240328 1027
20240329 1027
20240330 1028
20240331 1026
20240401 1026
20240402 1026
20240403 1026
20240404 1026
20240405 1026
20240406 1026
20240407 1025
20240408 1025
20240409 1024
20240410 1024
20240411 1024
20240412 1023
20240413 1023
20240415 1023
20240416 1023
20240417 1023
20240418 1023
20240419 1023
20240420 1023
20240421 1023
20240422 1023
20240423 1023
20240424 1023
20240425 1023
20240426 1023
20240427 1023
20240428 1023
20240429 1023
20240430 1023
20240501 1023
20240503 1022
20240504 1022
20240505 1022
20240506 1021
20240507 1021
20240508 1020
20240509 1020
20240510 1019
20240511 1019
20240512 1019
20240513 1019
20240514 1019
20240515 1020
20240516 1020
20240517 1020
20240518 1021
20240519 1021
20240520 1021
20240521 1021
20240522 1020
20240523 1021
20240524 1020
20240525 1020
20240526 1020
20240527 1020
20240528 1019
20240529 1019
20240530 1019
20240531 1019
