20230708 164055
20230709 164011
20230710 164125
20230711 164214
20230712 164337
20230713 164388
20230714 164373
20230715 164292
20230718 164545
20230719 164552
20230720 164574
20230721 164606
20230722 164589
20230723 164538
20230724 164505
20230725 164641
20230726 164751
20230727 164767
20230728 164812
20230729 164880
20230730 164807
20230731 164821
20230801 164993
20230802 165057
20230803 165097
20230804 165083
20230805 165119
20230806 165033
20230807 165045
20230808 165150
20230809 165228
20230810 165313
20230811 165402
20230812 165414
20230813 165351
20230814 165333
20230815 165556
20230816 165579
20230817 165689
20230818 165716
20230819 165773
20230820 165675
20230821 165648
20230822 165766
20230823 165857
20230824 165879
20230825 165927
20230826 165728
20230827 165642
20230828 165607
20230829 165715
20230830 165816
20230831 165842
20230901 151100
20230902 165892
20230903 165820
20230904 165819
