20230922 49657
20230924 49674
20230925 49676
20230926 49665
20230927 49647
20230928 49647
20230929 49647
20230930 49649
20231001 49654
20231002 49649
20231003 49641
20231005 49641
20231007 49661
20231008 49697
20231009 49717
20231010 49721
20231011 49737
20231012 49812
20231013 49816
20231014 49822
20231015 49805
20231016 49799
20231017 49799
20231018 49812
20231019 49812
20231020 49803
20231021 49815
20231022 49789
20231023 49798
20231024 49796
20231025 49786
20231026 49779
20231027 49752
20231028 49745
20231029 49738
20231030 49737
20231031 49724
20231101 49706
20231102 49699
20231103 49688
20231104 49662
20231105 49675
20231106 49664
20231107 49625
20231108 49625
20231109 49619
20231110 49613
20231111 49604
20231112 49566
20231113 49536
20231114 49508
20231115 49478
