20230707 247
20230919 247
20230920 245
20240624 245
20240626 245
20240627 245
20240628 245
20240629 245
20240630 245
20240701 245
20240702 245
20240703 245
20240704 245
20240705 245
20240706 245
20240707 245
20240708 245
20240709 245
20240710 245
20240711 245
20240712 245
20240713 245
20240714 245
20240715 245
20240716 245
20240717 245
20240718 245
20240719 245
20240720 245
20240721 245
20240722 245
20240723 245
20240724 245
20240725 245
20240726 245
20240727 245
20240728 245
20240729 245
20240730 245
20240731 245
20240801 245
20240802 245
20240803 245
20240804 245
20240805 245
20240806 245
20240807 245
20240808 245
20240809 245
20240810 245
20240811 245
20240812 245
20240813 245
20240814 245
20240815 245
20240816 245
20240817 245
20240818 245
20240819 245
20240820 245
20240821 245
