20230707 9
20230709 9
20230710 9
20230711 9
20230712 9
20230714 9
20230715 9
20230716 9
20230717 9
20230718 9
20230719 9
20230720 9
20230721 9
20230722 9
20230723 9
20230724 9
20230725 9
20230726 9
20230727 9
20230728 9
20230729 9
20230730 9
20230731 9
20230801 9
20230802 9
20230803 9
20230804 9
20230805 9
20230806 9
20230807 9
20230808 9
20230809 9
20230810 9
20230811 9
20230812 9
20230813 9
20230815 9
20230816 9
20230817 9
20230818 9
20230819 9
20230820 9
20230821 9
20230822 9
20230823 9
20230824 9
20230825 9
20230826 9
20230827 9
20230828 9
20230829 9
20230830 9
20230831 9
20230901 9
20230902 9
20230903 9
20230904 9
20230905 9
20230906 9
20230907 9
20230908 9
20230909 9
20230910 9
20230911 9
20230912 9
20230913 9
20230914 9
20230915 9
20230916 9
20230917 9
20230918 9
20230919 9
20230920 7
20230921 7
20230922 7
20230923 7
20230924 7
20230925 7
