20230707 26213
20230709 26205
20230710 26082
20230711 26074
20230712 25923
20230714 25918
20230715 25921
20230716 25903
20230717 25801
20230718 25771
20230719 25703
20230720 25611
20230721 25535
20230722 25527
20230723 25439
20230724 25431
20230725 25429
20230726 25429
20230727 25421
20230728 25428
20230729 25425
20230730 25443
20230731 25426
20230801 25429
20230802 25435
20230803 25432
20230804 25441
20230805 25439
20230806 25428
20230807 25412
20230808 25415
20230809 25411
20230810 25405
20230811 25401
20230812 25392
20230813 25381
20230815 25382
20230816 25373
20230817 25366
20230818 25360
20230819 25360
20230820 25351
20230821 25337
20230822 25340
20230823 25332
20230824 25339
20230825 25335
20230826 25334
20230827 25330
20230828 25328
20230829 25328
20230830 25329
20230831 25311
20230901 25306
20230902 25308
20230903 25312
20230904 25319
20230905 25316
20230906 25320
20230907 25319
20230908 25312
20230909 25325
20230910 25329
20230911 25328
20230912 25337
20230913 25328
20230914 25332
20230915 25333
20230916 25331
20230917 25322
20230918 25320
20230919 25315
20230920 23117
20230921 23077
20230922 23077
20230923 23074
20230924 23070
20230925 23062
20230926 23054
20230927 23049
20230928 23046
20230929 23071
20230930 23063
20231001 23050
20231002 23040
20231003 23028
20231005 23022
20231007 23023
20231008 23026
20231009 23017
20231010 23000
20231011 22984
20231012 22981
20231013 22987
20231014 22980
20231015 22977
20231016 22961
20231017 22958
20231018 22953
20231019 22954
20231020 22953
20231021 22952
20231022 22952
20231023 22944
20231024 22947
20231025 22943
20231026 22939
20231027 22931
20231028 22928
20231029 22925
20231030 22921
20231031 22913
20231101 22916
20231102 22928
20231103 22922
20231104 22920
20231105 22927
20231106 22922
20231107 22929
20231108 22941
20231109 22930
20231110 22929
20231111 22926
20231112 22921
20231113 22925
20231114 22913
20231115 22896
20231116 22893
20231117 22920
20231118 22919
20231120 22903
20231121 22892
20231122 22891
20231123 22886
20231124 22880
20231125 22885
20231126 22878
20231127 22876
20231128 22871
20231129 23081
20231130 23083
20231201 23076
20231202 23071
20231203 23071
20231204 23068
20231205 23071
20231206 23072
20231207 23070
20231208 23056
20231209 23053
20231210 23065
20231211 23055
20231212 23062
20231213 23087
20231214 23090
20231215 23091
20231216 23097
20231217 23103
20231218 23103
20231219 23091
20231220 23093
20231221 23108
20231222 23151
20231223 23148
20231224 23148
20231225 23145
20231226 23139
20231227 23105
20231230 23123
20231231 23123
20240101 23127
20240102 23129
20240103 23131
20240104 23138
20240105 23131
20240106 23132
20240107 23143
20240108 23144
20240109 23145
20240110 23142
20240111 23141
20240112 23137
20240113 23143
20240114 23149
20240115 23143
20240116 23145
20240117 23155
20240118 23158
20240119 23158
20240120 23160
20240121 23139
20240122 23137
20240124 23151
20240125 23157
20240126 23159
20240127 23164
20240128 23159
20240129 23160
20240130 23156
20240131 23160
20240201 23157
20240202 23163
20240203 23159
20240204 23153
20240205 23148
20240206 23153
20240207 23153
20240208 23145
20240209 23148
20240210 23154
20240211 23167
20240212 23166
20240213 23165
20240214 23165
20240215 23161
20240216 23159
20240217 23158
20240218 23163
20240219 23149
20240220 23134
20240221 23144
20240222 23156
20240223 23177
20240224 23187
20240225 23182
20240226 23180
20240227 23179
20240228 23180
20240229 23195
20240301 23201
20240302 23208
20240303 23199
20240304 23194
20240305 23196
20240306 23180
20240307 23178
20240308 23185
20240309 23185
20240310 23182
20240311 23183
20240312 23187
20240313 22937
20240314 22928
20240315 22932
20240316 22931
20240317 22920
20240318 22918
20240319 22920
20240320 22922
20240321 22914
20240322 22893
20240323 22848
20240324 22811
20240325 22789
20240326 22785
20240327 22645
20240328 22614
20240329 22541
20240330 22467
20240331 22411
20240401 22331
20240402 22309
20240403 22242
20240404 22140
20240405 22116
20240406 22080
20240407 22047
20240408 22022
20240409 21988
20240410 21933
20240411 21924
20240412 21934
20240413 21916
20240415 21881
20240416 21877
20240417 21874
20240418 21864
20240419 21843
20240420 21848
