20230707 21
20230709 21
20230710 21
20230711 21
20230712 21
20230714 21
20230715 21
20230716 21
20230717 21
20230718 21
20230719 21
20230720 21
20230721 21
20230722 21
20230723 21
20230724 21
20230725 21
20230726 21
20230727 21
20230728 21
20230729 21
20230730 21
20230731 21
20230801 21
20230802 21
20230803 21
20230804 21
20230805 21
20230806 21
20230807 21
20230808 21
20230809 21
20230810 21
20230811 21
20230812 21
20230813 21
20230815 21
20230816 21
20230817 21
20230818 21
20230819 21
20230820 21
20230821 21
20230822 21
20230823 21
20230824 21
20230825 21
20230826 21
20230827 21
20230828 21
20230829 21
20230830 21
20230831 21
20230901 21
20230902 21
20230903 21
20230904 21
20230905 21
20230906 21
20230907 21
20230908 21
20230909 21
20230910 21
20230911 21
20230912 21
20230913 21
20230914 21
20230915 21
20230916 21
20230917 21
20230918 21
20230919 21
20230920 19
20230921 19
20230922 19
20230923 19
20230924 19
20230925 19
20230926 19
20230927 19
20230928 19
20230929 19
20230930 19
20231001 19
20231002 19
20231003 19
20231005 19
20231007 19
20231008 19
20231009 19
20231010 19
20231011 19
20231012 19
20231013 19
20231014 19
20231015 19
20231016 19
20231017 19
20231018 19
20231019 19
20231020 19
20231021 19
20231022 19
20231023 19
20231024 19
20231025 19
20231026 19
20231027 19
20231028 19
20231029 19
20231030 19
20231031 19
20231101 19
20231102 19
20231103 19
20231104 19
20231105 19
20231106 19
20231107 19
20231108 19
20231109 19
20231110 19
20231111 19
20231112 19
20231113 19
20231114 19
20231115 19
20231116 19
20231117 19
20231118 19
20231120 19
20231121 19
20231122 19
20231123 19
20231124 19
20231125 19
20231126 19
20231127 19
20231128 19
20231129 19
20231130 19
20231201 19
20231202 19
20231203 19
20231204 19
20231205 19
20231206 19
20231207 19
20231208 19
20231209 19
20231210 19
20231211 19
20231212 19
20231213 19
20231214 19
20231215 19
20231216 19
20231217 19
20231218 19
20231219 19
20231220 19
20231221 19
20231222 19
20231223 19
20231224 19
20231225 19
20231226 19
20231227 19
20231230 19
20231231 19
20240101 19
