20230707 20649
20230709 20729
20230710 20786
20230711 20843
20230712 20904
20230713 20963
20230714 21034
20230715 21119
20230716 21152
20230717 21234
20230718 21353
20230719 21417
20230720 21488
20230721 21555
20230722 21654
20230723 21704
20230724 21851
20230725 21928
20230726 22097
20230727 22268
20230728 22430
20230729 22588
20230730 22795
20230731 22919
20230801 22973
20230802 23086
20230803 24119
20230804 24744
20230805 25998
20230806 27140
20230807 27897
20230808 28040
20230809 28862
20230810 29484
20230811 30287
