20230707 21199
20230709 21197
20230710 21198
20230711 21191
20230712 21200
20230713 21210
20230714 21217
20230715 21203
20230716 21205
20230717 21196
20230718 21196
20230719 21203
20230720 21215
20230721 21213
20230722 21228
20230723 21225
20230724 21218
20230725 21219
20230726 21218
20230727 21223
20230728 21233
20230729 21232
20230730 21233
20230731 21237
20230801 21240
20230802 21257
20230803 21265
20230804 21272
20230805 21276
20230806 21285
20230807 21288
20230808 21296
20230809 21300
20230810 21305
