20230707 9665
20230709 9662
20230710 9663
20230711 9660
20230712 9658
20230713 9654
20230714 9652
20230715 9648
20230716 9647
20230717 9647
20230718 9646
20230719 9644
20230720 9644
20230721 9651
20230722 9649
20230723 9643
20230724 9637
20230725 9639
20230726 9641
20230727 9643
20230728 9643
20230729 9659
20230730 9656
20230731 9655
20230801 9653
20230802 9655
20230803 9660
20230804 9659
20230805 9656
20230806 9652
20230807 9651
20230808 9655
20230809 9653
20230810 9651
20230811 9653
20230812 9653
20230813 9655
20230815 9663
20230816 9663
20230817 9664
20230818 9672
20230819 9663
20230820 9657
20230821 9658
20230822 9655
20230823 9653
20230824 9653
20230825 9652
20230826 9654
20230827 9657
20230828 9658
20230829 9662
20230830 9660
20230831 9656
20230901 9650
20230902 9644
20230903 9639
20230904 9640
20230905 9640
20230906 9647
20230907 9648
20230908 9651
20230909 9651
20230910 9651
20230911 9649
20230912 9649
20230913 9651
20230914 9647
20230915 9648
20230916 9646
20230917 9647
20230918 9647
20230919 9649
20230920 9027
20230921 9024
20230922 9035
20230923 9035
20230924 9031
20230925 9030
20230926 9031
20230927 9029
20230928 9029
20230929 9030
20230930 9025
20231001 9021
20231002 9020
20231003 9018
20231005 9024
20231007 9027
20231008 9024
20231009 9014
20231010 9011
20231011 9011
20231012 9009
20231013 9002
20231014 9005
20231015 9005
20231016 9002
20231017 8997
20231018 9000
20231019 8996
20231020 8992
20231021 8986
20231022 8983
20231023 8982
20231024 8980
20231025 8974
20231026 8975
20231027 8976
20231028 8975
20231029 8977
20231030 8973
20231031 8972
20231101 8973
20231102 8977
20231103 8975
20231104 8976
