20230708 6
20230709 6
20230710 2488
20230709 6
20230711 2481
20230709 6
20230712 2484
20230714 2484
20230715 2483
20230717 2483
20230718 2486
20230717 2483
20230719 2487
20230717 2483
20230720 2486
20230717 2483
20230721 2489
20230725 2489
20230726 2493
20230725 2489
20230727 2494
20230725 2489
20230728 2495
20230808 2495
20230809 2496
20230813 2496
20230814 2497
20230817 2497
20230818 2498
20230817 2497
20230819 2499
20230821 2499
20230822 2500
20230821 2499
20230823 2501
20230824 2501
20230825 2502
20230824 2501
20230826 2503
20230827 2503
20230828 2505
20230829 2505
20230830 2506
20230829 2505
20230831 2508
20230902 2508
20230903 2507
20230904 2507
20230905 2510
20230907 2510
20230908 2512
20230911 2512
20230912 2513
20230913 2512
20230919 2512
20230920 2514
20230919 2512
20230921 2515
20230919 2512
20230922 2518
20230925 2518
20230926 2520
20230928 2520
20230929 2523
20230930 2523
20231001 2521
20231002 2521
20231003 2522
20231002 2521
20231005 2526
20231002 2521
20231007 2524
20231002 2521
20231008 2523
20231002 2521
20231009 2522
20231012 2522
20231013 2527
20231014 2527
20231015 2525
20231016 2525
20231017 2524
20231018 2525
20231016 2525
20231019 2528
20231020 2528
20231021 2530
20231020 2528
20231022 2532
20231023 2532
20231024 2531
20231026 2531
20231027 2532
20231030 2532
20231031 2540
20231102 2540
20231103 2541
20231106 2541
20231107 2543
20231106 2541
20231108 2544
20231113 2544
20231114 2546
20231113 2544
20231115 2549
20231113 2544
20231116 2550
20231120 2550
20231121 2551
20231123 2551
20231124 2553
20231130 2553
20231201 2556
20231130 2553
20231202 2559
20231203 2559
20231204 2558
20231203 2559
20231205 2556
20231203 2559
20231206 2563
20231203 2559
20231207 2564
20231203 2559
20231208 2566
20231203 2559
20231209 2567
20231210 2567
20231211 2566
20231213 2566
20231214 2565
20231213 2566
20231215 2568
20231217 2568
20231218 2567
20231217 2568
20231219 2566
20231221 2566
20231222 2568
20231226 2568
20231227 2569
20240102 2569
20240103 2572
20240102 2569
20240104 2574
20240105 2574
20240106 2573
20240108 2573
20240109 2574
20240110 2574
20240111 2577
20240115 2577
20240116 2578
20240115 2577
20240117 2579
20240115 2577
20240118 2580
20240119 2580
20240120 2581
20240121 2581
20240122 2580
20240124 2581
20240121 2581
20240125 2582
20240121 2581
20240126 2588
20240121 2581
20240127 2591
20240129 2591
20240130 2592
20240202 2592
20240203 2593
20240207 2593
20240208 2596
20240207 2593
20240209 2597
20240212 2597
20240213 2599
20240214 2599
20240215 2600
20240216 2600
20240217 2601
20240219 2601
20240220 2602
20240222 2602
20240223 2604
20240222 2602
20240224 2605
20240227 2605
20240228 2606
20240301 2606
20240302 2608
20240304 2608
20240305 2609
20240304 2608
20240306 2610
20240304 2608
20240307 2611
20240304 2608
20240308 2612
20240304 2608
20240309 2613
20240310 2613
20240311 2614
20240310 2613
20240312 2615
20240313 2615
20240314 2616
20240313 2615
20240315 2617
20240316 2617
20240317 2612
20240318 2617
20240316 2617
20240320 157
20240316 2617
20240321 143
20240323 2617
20240316 2617
20240324 2620
20240326 2620
20240327 2616
20240326 2620
20240328 2623
20240326 2620
20240329 2619
20240326 2620
20240330 2624
20240401 2624
20240402 2623
20240401 2624
20240403 2618
20240404 2624
20240401 2624
20240405 2619
20240401 2624
20240406 2623
20240401 2624
20240406 2628
20240407 2628
20240408 2629
20240407 2628
20240409 2626
20240407 2628
20240410 2631
20240413 2631
20240415 2626
20240413 2631
20240416 2632
20240413 2631
20240417 2633
20240413 2631
20240418 2634
20240419 2634
20240420 2632
20240421 2632
20240422 2627
20240423 2632
20240421 2632
20240424 2629
20240421 2632
20240425 2634
20240421 2632
20240426 2636
20240427 2636
20240428 2631
20240429 2636
20240427 2636
20240430 2637
20240427 2636
20240501 2632
20240427 2636
20240503 2638
20240504 2638
20240505 2633
20240506 2633
20240507 2636
20240506 2633
20240508 2637
20240509 2633
20240506 2633
20240510 2639
20240506 2633
20240511 2642
20240513 2642
20240514 2645
20240513 2642
20240515 2646
20240518 2646
20240519 2647
20240518 2646
20240520 2642
20240518 2646
20240521 2644
20240518 2646
20240522 2651
20240518 2646
20240523 2650
20240524 2650
20240525 2651
20240526 2651
20240527 2650
20240528 2651
20240526 2651
20240529 2647
20240526 2651
20240530 2652
20240526 2651
20240531 2653
20240526 2651
20240601 2648
20240526 2651
20240602 2653
20240526 2651
20240603 2648
20240526 2651
20240604 2650
20240526 2651
20240605 2655
20240606 2655
20240609 2660
20240606 2655
20240611 2656
20240612 2655
20240615 2655
20240616 2659
20240615 2655
20240617 2658
20240621 2658
20240622 2659
20240623 2659
20240624 2661
20240626 2659
20240623 2659
20240627 2663
20240623 2659
20240628 2668
20240629 2668
20240630 2669
20240629 2668
20240701 2665
20240629 2668
20240702 2664
20240629 2668
20240703 2665
20240704 2665
20240705 2667
20240704 2665
20240706 2662
20240704 2665
20240707 2667
20240704 2665
20240708 2663
20240704 2665
20240709 2658
20240704 2665
20240710 2661
20240704 2665
20240711 2670
20240704 2665
20240712 2666
20240704 2665
20240713 2673
20240704 2665
20240714 2678
20240704 2665
20240715 2677
20240704 2665
20240716 2672
20240704 2665
20240717 2676
20240724 2676
20240725 2671
20240724 2676
20240726 2678
20240724 2676
20240727 2681
20240728 2681
20240729 2680
20240730 2681
20240728 2681
20240731 2682
20240728 2681
20240801 2685
20240728 2681
20240802 2692
20240728 2681
20240803 2695
20240805 2695
20240806 2692
20240805 2695
20240806 2698
20240805 2695
20240807 2697
20240805 2695
20240808 2693
20240805 2695
20240809 2699
20240812 2699
20240813 2701
20240812 2699
20240814 2702
20240815 2702
20240816 2701
20240815 2702
20240817 2700
20240815 2702
20240818 2699
20240819 2699
20240820 2696
20240819 2699
20240821 2703
20240823 2703
20240824 2702
20240823 2703
20240825 2700
20240823 2703
20240826 2699
20240823 2703
20240827 2704
20240829 2704
20240830 2700
20240829 2704
20240831 2701
20240829 2704
20240901 2706
20240902 2706
20240903 2707
20240904 2707
20240905 2710
20240904 2707
20240906 2711
20240904 2707
20240907 2712
20240904 2707
20240908 2711
20240909 2707
20240904 2707
20240910 2710
20240904 2707
20240911 2706
20240904 2707
20240912 2708
20240904 2707
20240913 2705
20240904 2707
20240914 2711
20240915 2711
20240916 2710
20240915 2711
20240917 2707
20240919 2707
20240920 2710
20240919 2707
20240921 2711
20240919 2707
20240922 2706
20240919 2707
20240925 2711
20240926 2711
20240927 2710
20240929 2710
20240930 2706
20240929 2710
20241001 2709
20240929 2710
20241002 2708
20241002 2708
