20230922 10574
20230924 10542
20230925 10525
20230926 10519
20230927 10503
20230928 10476
20230929 10463
20230930 10451
20231001 10412
20231002 10395
20231003 10388
20231005 10357
20231007 10284
20231008 10272
20231009 10241
20231010 10234
20231011 10214
20231012 10197
20231013 10189
20231014 10179
20231015 10171
20231016 10142
20231017 10142
20231018 10038
20231019 10038
20231020 9922
20231021 9871
20231022 9745
20231023 9725
20231024 9698
20231025 9646
20231026 9564
20231027 9467
20231028 9356
20231029 9220
20231030 9097
20231031 9000
20231101 8821
20231102 8697
20231103 8603
20231104 8544
20231105 8498
20231106 8385
20231107 8353
20231108 8353
20231109 8320
20231110 8312
20231111 8285
20231112 8268
20231113 8261
20231114 8254
20231115 8216
20231116 8148
20231117 8092
