20230707 2311
20230709 2310
20230710 2308
20230711 2307
20230712 2308
20230713 2310
20230714 2311
20230715 2313
20230716 2308
20230717 2309
20230718 2310
20230719 2308
20230720 2300
20230721 2299
20230722 2299
20230723 2300
20230724 2299
20230725 2299
20230726 2297
20230727 2296
20230728 2297
20230729 2302
20230730 2297
20230731 2296
20230801 2297
20230802 2302
20230803 2301
20230804 2301
20230805 2299
20230806 2297
20230807 2297
20230808 2300
20230809 2303
20230810 2302
20230811 2303
20230812 2302
20230813 2301
20230815 2298
20230816 2297
20230817 2297
20230818 2295
20230819 2295
20230820 2296
20230821 2296
20230822 2296
20230823 2293
20230824 2292
20230825 2288
20230826 2286
20230827 2287
20230828 2293
20230829 2290
20230830 2288
20230831 2287
20230901 2287
20230902 2287
20230903 2284
20230904 2279
20230905 2281
20230906 2283
