20230707 1093
20230711 1093
20230712 1095
20230728 1095
20230729 1096
20230803 1096
20230804 1097
20230808 1097
20230809 1098
20230831 1098
20230901 1099
20230904 1099
20230905 1100
20230914 1100
20230915 1101
20230919 1101
20230920 1099
20231103 1099
20231104 1100
20231113 1100
20231114 1103
20231201 1103
20231202 1106
20231220 1106
20231221 1133
20231222 1134
20231223 1135
20240118 1135
20240119 1136
20240120 1137
20240221 1137
20240222 1138
20240326 1138
20240327 1139
20240606 1139
20240609 1140
20240611 1141
20240613 1141
20240614 1142
20240615 1143
20240624 1143
20240626 1143
20240627 1144
20240628 1144
20240629 1144
20240630 1144
20240701 1144
20240702 1144
20240703 1144
20240704 1144
20240705 1144
20240706 1144
20240707 1144
20240708 1144
20240709 1144
20240710 1144
20240711 1144
20240712 1144
20240713 1144
20240714 1144
20240715 1144
20240716 1144
20240717 1144
20240718 1144
20240719 1144
20240720 1144
20240721 1144
20240722 1144
20240723 1144
20240724 1144
20240725 1144
20240726 1145
20240727 1145
20240728 1145
20240729 1145
20240730 1145
20240731 1145
20240801 1145
20240802 1145
20240803 1145
20240804 1145
20240805 1145
20240806 1145
20240807 1145
20240808 1145
20240809 1145
20240810 1145
20240811 1145
20240812 1145
20240813 1145
20240814 1145
20240815 1145
20240816 1145
20240817 1145
20240818 1145
20240819 1145
20240820 1145
20240821 1145
20240822 1145
20240823 1145
20240824 1145
20240825 1145
20240826 1145
20240827 1145
20240828 1145
20240829 1145
20240830 1145
20240831 1145
20240901 1145
20240902 1145
20240903 1145
20240904 1145
20240905 1145
20240906 1145
20240907 1145
20240908 1145
20240909 1145
20240910 1145
20240911 1145
20240912 1145
20240913 1145
20240914 1145
20240915 1145
20240916 1145
20240917 1145
20240918 1145
