20230707 19892
20230709 19890
20230710 19875
20230711 19884
20230712 19888
20230713 19894
20230714 19898
20230715 19898
20230716 19904
20230717 19904
20230718 19909
20230719 19912
20230720 19918
20230721 19923
20230722 19924
20230723 19922
20230724 19916
20230725 19947
20230726 19956
20230727 19960
20230728 19964
20230729 19969
20230730 19974
20230731 19967
20230801 19975
20230802 19993
20230803 20012
20230804 20015
20230805 20024
20230806 20040
20230807 20044
20230808 20057
20230809 20067
20230810 20072
20230811 20080
20230812 20085
20230813 20097
