20230707 3812
20230709 3815
20230710 3811
20230711 3813
20230712 3811
20230713 3809
20230714 3811
20230715 3804
20230716 3807
20230717 3804
20230718 3808
20230719 3810
20230720 3809
20230721 3815
20230722 3815
20230723 3813
20230724 3809
20230725 3808
20230726 3808
20230727 3806
20230728 3806
20230729 3811
20230730 3814
20230731 3812
20230801 3813
20230802 3815
20230803 3812
20230804 3812
20230805 3816
20230806 3815
20230807 3816
20230808 3820
20230809 3820
20230810 3822
20230811 3822
20230812 3823
20230813 3824
20230815 3823
20230816 3827
20230817 3829
20230818 3828
20230819 3848
20230820 3855
20230821 3854
20230822 3852
20230823 3853
20230824 3856
20230825 3856
20230826 3859
20230827 3863
20230828 3881
20230829 3885
20230830 3890
20230831 3895
