20230707 90402
20230709 90251
20230711 90230
20230712 90234
20230713 90254
20230714 90245
20230715 90241
20230716 90230
20230717 90235
20230718 90238
20230719 90233
20230720 90220
20230721 90252
20230722 90258
20230723 90262
20230724 90262
20230725 90238
20230726 90251
20230727 90280
20230728 90320
20230729 90346
20230730 90366
20230731 90343
20230801 90339
20230802 90346
20230803 90371
20230804 90358
20230805 90393
20230806 90403
20230807 90412
20230808 90405
20230809 90338
20230810 90363
20230811 90396
20230812 90403
20230813 90393
20230815 90385
20230816 90367
20230817 90445
20230818 90462
20230819 90531
20230820 90565
20230821 90584
20230822 90623
20230823 90620
20230824 90641
20230825 90639
20230826 90655
20230827 90619
20230828 90650
20230829 90658
20230830 90780
20230831 90683
20230901 90704
20230902 90709
20230903 90869
20230904 91044
20230905 91242
20230906 91230
20230907 91230
20230908 91268
20230909 91136
20230910 91050
20230911 91043
20230912 91040
20230913 91068
20230914 91092
20230915 91113
20230916 91161
20230917 91207
20230918 91194
20230919 91194
20230920 69630
20230921 69642
20230922 69654
20230923 69683
20230924 69697
20230925 69695
20230926 69708
20230927 69719
20230928 69710
20230929 69709
20230930 69693
20231001 69714
20231002 69696
20231003 69691
20231005 69703
20231007 69719
20231008 69717
20231009 69632
20231010 69651
20231011 69626
20231012 69638
20231013 69628
20231014 69646
20231015 69653
20231016 69664
20231017 69686
20231018 69705
20231019 69711
20231020 69725
20231021 69727
20231022 69742
20231023 69739
20231024 69795
20231025 69793
20231026 69769
20231027 69766
20231028 69785
20231029 69792
20231030 69788
20231031 69765
20231101 69769
20231102 69793
20231103 69800
20231104 69818
20231105 69826
20231106 69824
20231107 69819
20231108 69813
20231109 69725
20231110 69753
20231111 69739
20231112 69743
20231113 69747
20231114 69759
20231115 69770
20231116 69767
20231117 69776
20231118 69774
