20230707 58
20230709 58
20230710 58
20230711 58
20230712 58
20230714 58
20230715 58
20230716 58
20230717 58
20230718 58
20230719 58
20230720 58
20230721 58
20230722 58
20230723 58
20230724 58
20230725 58
20230726 58
20230727 58
20230728 58
20230729 58
20230730 58
20230731 58
20230801 58
20230802 58
20230803 58
20230804 58
20230805 58
20230806 58
20230807 58
20230808 58
20230809 58
20230810 58
20230811 58
20230812 58
20230813 58
20230815 58
20230816 58
20230817 58
20230818 58
20230819 58
20230820 58
