20230707 2
20230919 2
20230920 1
20240126 1
20240127 2
20240207 2
20240208 3
20240207 2
20240209 6
20240216 6
20240217 7
20240221 7
20240222 8
20240227 8
20240228 14
20240227 8
20240229 19
20240305 19
20240306 20
20240305 19
20240307 195
20240305 19
20240308 207
20240305 19
20240309 214
20240305 19
20240310 220
20240305 19
20240311 221
20240305 19
20240312 225
20240305 19
20240313 231
20240305 19
20240314 246
20240305 19
20240315 249
20240305 19
20240316 255
20240305 19
20240317 259
20240305 19
20240318 266
20240305 19
20240319 280
20240305 19
20240320 286
20240305 19
20240321 297
20240305 19
20240322 309
20240305 19
20240323 314
20240305 19
20240324 319
20240305 19
20240325 321
20240305 19
20240326 326
20240305 19
20240327 329
20240305 19
20240328 333
20240305 19
20240329 341
20240305 19
20240330 346
20240305 19
20240331 348
20240305 19
20240401 351
20240402 351
20240403 353
20240402 351
20240404 356
20240402 351
20240405 358
20240407 358
20240408 359
20240407 358
20240409 369
20240410 369
20240411 371
20240410 369
20240412 373
20240410 369
20240413 375
20240416 375
20240417 376
20240416 375
20240418 377
20240416 375
20240419 383
20240416 375
20240420 387
20240416 375
20240421 388
20240416 375
20240422 391
20240416 375
20240423 392
20240416 375
20240424 394
20240416 375
20240425 399
20240426 399
20240427 400
20240426 399
20240428 410
20240426 399
20240429 415
20240426 399
20240430 417
20240426 399
20240501 419
20240426 399
20240503 423
20240504 423
20240505 424
20240504 423
20240506 425
20240504 423
20240507 426
20240504 423
20240508 428
20240504 423
20240509 429
20240504 423
20240510 431
20240504 423
20240511 434
20240512 434
20240513 435
20240512 434
20240514 437
20240512 434
20240515 438
20240512 434
20240516 441
20240512 434
20240517 442
20240512 434
20240518 444
20240512 434
20240519 445
20240521 445
20240522 446
20240521 445
20240523 448
20240521 445
20240524 450
20240521 445
20240525 451
20240521 445
20240526 452
20240528 452
20240529 453
20240528 452
20240530 455
20240528 452
20240531 457
20240602 457
20240603 458
20240604 458
20240605 459
20240604 458
20240606 461
20240604 458
20240609 467
20240604 458
20240611 472
20240604 458
20240612 473
20240613 473
20240614 477
20240613 473
20240615 479
20240613 473
20240616 481
20240613 473
20240617 483
20240613 473
20240618 489
20240613 473
20240620 491
20240613 473
20240621 492
20240613 473
20240622 495
20240613 473
20240623 504
20240613 473
20240624 508
20240613 473
20240626 511
20240613 473
20240627 512
20240613 473
20240628 513
20240613 473
20240629 515
20240613 473
20240630 518
20240701 518
20240702 523
20240701 518
20240703 528
20240701 518
20240704 531
20240701 518
20240705 536
20240701 518
20240706 541
20240701 518
20240707 548
20240701 518
20240708 550
20240701 518
20240709 559
20240701 518
20240710 569
20240701 518
20240711 578
20240701 518
20240712 585
20240701 518
20240713 593
20240701 518
20240714 599
20240701 518
20240715 605
20240701 518
20240716 613
20240701 518
20240717 619
20240701 518
20240718 632
20240701 518
20240719 641
20240701 518
20240720 647
20240701 518
20240721 649
20240701 518
20240722 651
20240701 518
20240723 656
20240724 656
20240725 677
20240724 656
20240726 684
20240724 656
20240727 688
20240724 656
20240728 692
20240724 656
20240729 693
20240724 656
20240730 698
20240724 656
20240731 703
20240724 656
20240801 726
20240724 656
20240802 730
20240724 656
20240803 738
20240724 656
20240804 746
20240724 656
20240805 763
20240724 656
20240806 778
20240724 656
20240807 788
20240724 656
20240808 795
20240724 656
20240809 798
20240724 656
20240810 802
20240724 656
20240811 803
20240724 656
20240812 804
20240724 656
20240813 809
20240724 656
20240814 812
20240724 656
20240815 813
20240724 656
20240816 819
20240724 656
20240817 825
20240724 656
20240818 827
20240724 656
20240819 865
20240724 656
20240820 883
20240724 656
20240821 884
20240724 656
20240822 887
20240724 656
20240823 898
20240724 656
20240824 902
20240724 656
20240825 903
20240724 656
20240826 904
20240724 656
20240827 906
20240724 656
20240828 908
20240724 656
20240829 911
20240724 656
20240830 912
20240724 656
20240831 914
20240724 656
20240901 918
20240724 656
20240902 949
20240724 656
20240903 952
20240724 656
20240904 954
20240724 656
20240905 959
20240724 656
20240906 968
20240724 656
20240907 973
20240724 656
20240908 989
20240724 656
20240909 998
20240724 656
20240910 1011
20240724 656
20240911 1015
20240724 656
20240912 1020
20240724 656
20240913 1023
20240724 656
20240914 1029
20240724 656
20240915 1031
20240916 1031
20240917 1062
20240916 1031
20240918 1066
20240916 1031
20240919 1070
20240916 1031
20240920 1075
20240916 1031
20240921 1084
20240916 1031
20240921 1095
20240922 1095
20240925 1112
20240925 1112
