20230707 355775
20230709 355742
20230710 355639
20230711 357341
20230712 358118
20230713 358368
20230714 358373
20230715 358430
20230716 358307
20230717 358426
20230718 358576
20230719 358575
20230720 358531
20230721 358521
20230722 358663
20230723 358355
20230724 358242
20230725 358446
20230726 358627
20230727 358690
20230728 358643
20230729 358532
20230730 358457
20230731 358533
20230801 358721
20230802 358907
20230803 358861
20230804 358925
20230805 359074
20230806 359008
20230807 359030
20230808 359351
20230809 359404
20230810 359315
20230811 359472
20230812 359413
20230813 359314
20230815 359481
20230816 359716
20230817 359754
20230818 359994
20230819 360284
20230820 360393
20230821 360549
20230822 360812
20230823 360974
20230824 361139
20230825 361417
20230826 361881
20230827 361901
20230828 361957
20230829 362298
20230830 362652
20230831 362566
20230901 362673
20230902 362738
20230903 362689
20230904 362653
20230905 362920
20230906 363257
20230907 363322
20230908 363773
20230909 364046
20230910 363940
20230911 363962
20230912 364485
20230913 364542
20230914 364745
20230915 364626
20230916 364856
20230917 364877
20230918 364798
20230919 365008
20230920 357928
20230921 358074
20230922 358011
20230923 358365
20230924 358341
20230925 358327
20230926 358297
20230927 358533
20230928 358705
20230929 358857
20230930 358641
20231001 358522
20231002 358573
20231003 358649
20231005 359909
20231007 359874
20231008 359802
20231009 359944
20231010 360054
20231011 360209
20231012 360400
20231013 360664
20231014 361036
20231015 361065
20231016 361055
20231017 361432
20231018 361796
20231019 361824
20231020 362054
20231021 362406
20231022 362353
20231023 362381
20231024 363099
20231025 363438
20231026 363550
20231027 363565
20231028 363379
20231029 363307
20231030 363173
20231031 363504
20231101 363487
20231102 363602
20231103 363179
20231104 362991
20231105 362483
20231106 362059
20231107 362295
20231108 362539
20231109 362593
20231110 362622
20231111 362578
20231112 362653
20231113 362761
20231114 363148
20231115 363496
20231116 363885
20231117 363885
20231118 364070
20231117 363885
20231120 364063
20231117 363885
20231121 364588
20231117 363885
20231122 364836
20231117 363885
20231123 365439
20231117 363885
20231124 365609
20231117 363885
20231125 365794
20231117 363885
20231126 365670
20231117 363885
20231127 365737
20231117 363885
20231128 366228
20231117 363885
20231129 366445
20231117 363885
20231130 366916
20231117 363885
20231201 367308
20231117 363885
20231202 367390
20231117 363885
20231203 367479
20231117 363885
20231204 367642
20231117 363885
20231205 368154
20231117 363885
20231206 368458
20231117 363885
20231207 368719
20231117 363885
20231208 368674
20231117 363885
20231209 368656
20231117 363885
20231210 368423
20231117 363885
20231211 368473
20231117 363885
20231212 369142
20231117 363885
20231213 369547
20231117 363885
20231214 369802
20231117 363885
20231215 370040
20231117 363885
20231216 370229
20231117 363885
20231217 370254
20231117 363885
20231218 370530
20231117 363885
20231219 371088
20231117 363885
20231220 371222
20231117 363885
20231221 371333
20231117 363885
20231222 371381
20231117 363885
20231223 371460
20231117 363885
20231224 371437
20231117 363885
20231225 371461
20231117 363885
20231226 371220
20231117 363885
20231227 370560
20231117 363885
20231230 372501
20231117 363885
20231231 372404
20231117 363885
20240101 372396
20231117 363885
20240102 372544
20231117 363885
20240103 372641
20231117 363885
20240104 372725
20231117 363885
20240105 372859
20231117 363885
20240106 373410
20231117 363885
20240107 373522
20231117 363885
20240108 373634
20231117 363885
20240109 374206
20231117 363885
20240110 374365
20231117 363885
20240111 374575
20231117 363885
20240112 374669
20231117 363885
20240113 374739
20231117 363885
20240114 374694
20231117 363885
20240115 374810
20231117 363885
20240116 375206
20231117 363885
20240117 375411
20231117 363885
20240118 375542
20231117 363885
20240119 375761
20231117 363885
20240120 376009
20231117 363885
20240121 376053
20231117 363885
20240122 376162
20231117 363885
20240124 376775
20231117 363885
20240125 377098
20231117 363885
20240126 377405
20231117 363885
20240127 377579
20231117 363885
20240128 377646
20231117 363885
20240129 377743
20231117 363885
20240130 378179
20231117 363885
20240131 378576
20231117 363885
20240201 378878
20231117 363885
20240202 379324
20231117 363885
20240203 379453
20231117 363885
20240204 379510
20231117 363885
20240205 379730
20231117 363885
20240206 380393
20231117 363885
20240207 380730
20231117 363885
20240208 381171
20231117 363885
20240209 381299
20231117 363885
20240210 381528
20231117 363885
20240211 381681
20231117 363885
20240212 381654
20231117 363885
20240213 381966
20231117 363885
20240214 382394
20231117 363885
20240215 382764
20231117 363885
20240216 382818
20231117 363885
20240217 382755
20231117 363885
20240218 383030
20231117 363885
20240219 382988
20231117 363885
20240220 383640
20231117 363885
20240221 384206
20231117 363885
20240222 384397
20231117 363885
20240223 384740
20231117 363885
20240224 385026
20231117 363885
20240225 385195
20231117 363885
20240226 385352
20231117 363885
20240227 385854
20231117 363885
20240228 386463
20231117 363885
20240229 386773
20231117 363885
20240301 387112
20231117 363885
20240302 389770
20231117 363885
20240303 389939
20231117 363885
20240304 389956
20231117 363885
20240305 390389
20231117 363885
20240306 390781
20231117 363885
20240307 391120
20231117 363885
20240308 391398
20231117 363885
20240309 391317
20231117 363885
20240310 391205
20231117 363885
20240311 391244
20231117 363885
20240312 391995
20231117 363885
20240313 392165
20231117 363885
20240314 392399
20231117 363885
20240315 392569
20231117 363885
20240316 392766
20231117 363885
20240317 392596
20231117 363885
20240318 392808
20231117 363885
20240319 393354
20231117 363885
20240320 394347
20231117 363885
20240321 394902
20231117 363885
20240322 395063
20231117 363885
20240323 395603
20231117 363885
20240324 395563
20231117 363885
20240325 395612
20231117 363885
20240326 396112
20231117 363885
20240327 396266
20231117 363885
20240328 396342
20231117 363885
20240329 396442
20231117 363885
20240330 396368
20231117 363885
20240331 395909
20231117 363885
20240401 395694
20231117 363885
20240402 396034
20231117 363885
20240403 396549
20231117 363885
20240404 396853
20231117 363885
20240405 396618
20231117 363885
20240406 396219
20231117 363885
20240407 395444
20231117 363885
20240408 395357
20231117 363885
20240409 395838
20231117 363885
20240410 396069
20231117 363885
20240411 396274
20231117 363885
20240412 397152
20231117 363885
20240413 396544
20231117 363885
20240415 395823
20231117 363885
20240416 396380
20231117 363885
20240417 396980
20231117 363885
20240418 397341
20231117 363885
20240419 397528
20231117 363885
20240420 397782
20231117 363885
20240421 398056
20231117 363885
20240422 397825
20231117 363885
20240423 398494
20231117 363885
20240424 399349
20231117 363885
20240425 399829
20231117 363885
20240426 400211
20231117 363885
20240427 400657
20231117 363885
20240428 400935
20231117 363885
20240429 401506
20231117 363885
20240430 402388
20231117 363885
20240501 403129
20231117 363885
20240503 403199
20231117 363885
20240504 403197
20231117 363885
20240505 403244
20231117 363885
20240506 403358
20231117 363885
20240507 403750
20231117 363885
20240508 405231
20231117 363885
20240509 405580
20231117 363885
20240510 405771
20231117 363885
20240511 406921
20231117 363885
20240512 406917
20231117 363885
20240513 407213
20231117 363885
20240514 407844
20231117 363885
20240515 408620
20231117 363885
20240516 410240
20231117 363885
20240517 410725
20231117 363885
20240518 410987
20231117 363885
20240519 410860
20231117 363885
20240520 410561
20231117 363885
20240521 411257
20231117 363885
20240522 411704
20231117 363885
20240523 412099
20231117 363885
20240524 412362
20231117 363885
20240525 412610
20231117 363885
20240526 412600
20231117 363885
20240527 412747
20231117 363885
20240528 413170
20231117 363885
20240529 413666
20231117 363885
20240530 413280
20231117 363885
20240531 413660
20231117 363885
20240601 413664
20231117 363885
20240602 413320
20231117 363885
20240603 413083
20231117 363885
20240604 413344
20231117 363885
20240605 413737
20231117 363885
20240606 413892
20231117 363885
20240609 413757
20231117 363885
20240611 413932
20231117 363885
20240612 414040
20231117 363885
20240613 414183
20231117 363885
20240614 413919
20231117 363885
20240615 413841
20231117 363885
20240616 413394
20231117 363885
20240617 413177
20231117 363885
20240618 413080
20231117 363885
20240620 412954
20231117 363885
20240621 413322
20231117 363885
20240622 412437
20231117 363885
20240623 411506
20231117 363885
20240624 410837
20231117 363885
20240626 410548
20231117 363885
20240627 410037
20231117 363885
20240628 409383
20231117 363885
20240629 408606
20231117 363885
20240630 407854
20231117 363885
20240701 407212
20231117 363885
20240702 406826
20231117 363885
20240703 407054
20231117 363885
20240704 407327
20231117 363885
20240705 407786
20231117 363885
20240706 407256
20231117 363885
20240707 407022
20231117 363885
20240708 407114
20231117 363885
20240709 407266
20231117 363885
20240710 407610
20231117 363885
20240711 407831
20231117 363885
20240712 407793
20231117 363885
20240713 407854
20231117 363885
20240714 407046
20231117 363885
20240715 406943
20231117 363885
20240716 407271
20231117 363885
20240717 407557
20231117 363885
20240718 407903
20231117 363885
20240719 408088
20231117 363885
20240720 408207
20231117 363885
20240721 408178
20231117 363885
20240722 408019
20231117 363885
20240723 408626
20240724 408626
20240725 409256
20240724 408626
20240726 409585
20240724 408626
20240727 409820
20240724 408626
20240728 407285
20240724 408626
20240729 407274
20240724 408626
20240730 407644
20240724 408626
20240731 407506
20240724 408626
20240801 407255
20240724 408626
20240802 407461
20240724 408626
20240803 404776
20240724 408626
20240804 404278
20240724 408626
20240805 404292
20240724 408626
20240806 404642
20240724 408626
20240807 405072
20240724 408626
20240808 405048
20240724 408626
20240809 405122
20240724 408626
20240810 403956
20240724 408626
20240811 403602
20240724 408626
20240812 403437
20240724 408626
20240813 403648
20240724 408626
20240814 403881
20240724 408626
20240815 401978
20240724 408626
20240816 401990
20240724 408626
20240817 401906
20240724 408626
20240818 401921
20240724 408626
20240819 401854
20240724 408626
20240820 402086
20240724 408626
20240821 402458
20240724 408626
20240822 402569
20240724 408626
20240823 402541
20240724 408626
20240824 402360
20240724 408626
20240825 402136
20240724 408626
20240826 402044
20240724 408626
20240827 402288
20240724 408626
20240828 402407
20240724 408626
20240829 402582
20240724 408626
20240830 402791
20240724 408626
20240831 402919
20240724 408626
20240901 402851
20240724 408626
20240902 402734
20240724 408626
20240903 403294
20240724 408626
20240904 403592
20240724 408626
20240905 404326
20240724 408626
20240906 404785
20240724 408626
20240907 405028
20240724 408626
20240908 405472
20240724 408626
20240909 405537
20240724 408626
20240910 405868
20240724 408626
20240911 406121
20240724 408626
20240912 406345
20240724 408626
20240913 406542
20240724 408626
20240914 406635
20240724 408626
20240915 406725
20240724 408626
20240916 406679
20240724 408626
20240917 406806
20240724 408626
20240918 406738
20240724 408626
20240919 406900
20240724 408626
20240920 407098
20240724 408626
20240921 406849
20240724 408626
20240921 406927
20240724 408626
20240922 406849
20240724 408626
20240925 407234
20240724 408626
20240926 407321
20240724 408626
20240927 407791
20240927 407791
