20230707 6278
20230709 6276
20230710 6275
20230711 6273
20230712 6270
20230713 6268
20230714 6265
20230715 6267
20230716 6266
20230717 6268
20230718 6272
20230719 6268
20230720 6264
20230721 6267
20230722 6271
20230723 6270
20230724 6268
20230725 6269
20230726 6270
20230727 6262
20230728 6266
20230729 6267
20230730 6267
20230731 6267
20230801 6270
20230802 6271
20230803 6269
20230804 6271
20230805 6270
20230806 6269
20230807 6268
20230808 6267
20230809 6264
20230810 6263
20230811 6267
20230812 6269
20230813 6270
20230815 6273
20230816 6274
20230817 6275
20230818 6275
20230819 6276
20230820 6278
20230821 6275
20230822 6273
20230823 6270
20230824 6272
20230825 6274
20230826 6274
20230827 6274
20230828 6274
20230829 6271
20230830 6270
20230831 6274
20230901 6274
20230902 6272
20230903 6272
20230904 6272
20230905 6279
20230906 6281
20230907 6279
20230908 6273
20230909 6272
20230910 6272
20230911 6268
20230912 6265
20230913 6261
20230914 6258
20230915 6280
20230916 6280
20230917 6276
20230918 6274
20230919 6273
20230920 5892
20230921 5887
20230922 5890
20230923 5886
20230924 5883
20230925 5880
20230926 5877
20230927 5883
20230928 5886
20230929 5881
20230930 5865
20231001 5863
20231002 5864
20231003 5864
20231005 5848
