20230707 8370
20230709 8366
20230710 8356
20230711 8352
20230712 8351
20230713 8355
20230714 8359
20230715 8354
20230716 8355
20230717 8359
20230718 8360
20230719 8356
20230720 8356
20230721 8352
20230720 8356
20230722 8353
20230723 8356
20230724 8356
20230725 8355
20230724 8356
20230726 8353
20230724 8356
20230727 8351
20230724 8356
20230728 8348
20230724 8356
20230729 8350
20230724 8356
20230730 8352
20230724 8356
20230731 8350
20230724 8356
20230801 8349
20230724 8356
20230802 8337
20230724 8356
20230803 8327
20230724 8356
20230804 8318
20230724 8356
20230805 8310
20230724 8356
20230806 8289
20230724 8356
20230807 8291
20230724 8356
20230808 8265
20230724 8356
20230809 8260
20230724 8356
20230810 8267
20230724 8356
20230811 8270
20230812 8270
20230813 8262
20230812 8270
20230815 8230
20230812 8270
20230816 8231
20230812 8270
20230817 8227
20230812 8270
20230818 8226
20230812 8270
20230819 8229
20230812 8270
20230820 8224
20230812 8270
20230821 8214
20230812 8270
20230822 8190
20230812 8270
20230823 8185
20230812 8270
20230824 8190
20230812 8270
20230825 8198
20230812 8270
20230826 8192
20230812 8270
20230827 8185
20230812 8270
20230828 8180
20230812 8270
20230829 8171
20230812 8270
20230830 8167
20230812 8270
20230831 8152
20230901 8152
20230902 8133
20230901 8152
20230903 8127
20230901 8152
20230904 8125
20230901 8152
20230905 8128
20230906 8128
20230907 8125
20230908 8125
20230909 8127
20230908 8125
20230910 8128
20230908 8125
20230911 8136
20230912 8136
20230913 8133
20230912 8136
20230914 8138
20230912 8136
20230915 8141
20230912 8136
20230916 8144
20230912 8136
20230917 8140
20230912 8136
20230918 8134
20230912 8136
20230919 8128
20230912 8136
20230920 7466
20230912 8136
20230921 7471
20230912 8136
20230922 7473
20230912 8136
20230923 7471
20230912 8136
20230924 7466
20230912 8136
20230925 7462
20230912 8136
20230926 7452
20230912 8136
20230927 7451
20230912 8136
20230928 7449
20230912 8136
20230929 7445
20230912 8136
20230930 7446
20230912 8136
20231001 7441
20230912 8136
20231002 7438
20230912 8136
20231003 7443
20230912 8136
20231005 7445
20230912 8136
20231007 7443
20230912 8136
20231008 7442
20230912 8136
20231009 7444
20230912 8136
20231010 7442
20230912 8136
20231011 7439
20230912 8136
20231012 7435
20230912 8136
20231013 7428
20230912 8136
20231014 7340
20230912 8136
20231015 7190
20230912 8136
20231016 7177
20230912 8136
20231017 7173
20230912 8136
20231018 7170
20230912 8136
20231019 7169
20230912 8136
20231020 7175
20230912 8136
20231021 7172
20230912 8136
20231022 7177
20230912 8136
20231023 7175
20230912 8136
20231024 7171
20230912 8136
20231025 7169
20230912 8136
20231026 7173
20230912 8136
20231027 7172
20230912 8136
20231028 7173
20230912 8136
20231029 7178
20230912 8136
20231030 7176
20230912 8136
20231031 7170
20231101 7170
20231102 7176
20231101 7170
20231103 7178
20231101 7170
20231104 7179
20231101 7170
20231105 7176
20231101 7170
20231106 7173
20231107 7173
20231108 7171
20231107 7173
20231109 7168
20231107 7173
20231110 7169
20231107 7173
20231111 7166
20231107 7173
20231112 7165
20231107 7173
20231113 7161
20231114 7161
20231115 7163
20231114 7161
20231116 7159
20231114 7161
20231117 7166
20231118 7166
20231120 7165
20231118 7166
20231121 7164
20231118 7166
20231122 7163
20231123 7163
20231124 7174
20231123 7163
20231125 7173
20231123 7163
20231126 7172
20231123 7163
20231127 7164
20231128 7163
20231123 7163
20231129 7198
20231201 7198
20231202 7197
20231201 7198
20231203 7192
20231201 7198
20231204 7195
20231205 7195
20231206 7198
20231205 7195
20231207 7197
20231205 7195
20231208 7200
20231209 7200
20231210 7196
20231209 7200
20231211 7197
20231209 7200
20231212 7199
20231209 7200
20231213 7195
20231209 7200
20231214 7194
20231209 7200
20231215 7198
20231209 7200
20231216 7202
20231217 7200
20231209 7200
20231218 7197
20231209 7200
20231219 7199
20231209 7200
20231220 7203
20231209 7200
20231221 7201
20231222 7201
20231223 7197
20231222 7201
20231224 7196
20231222 7201
20231225 7188
20231222 7201
20231226 7186
20231222 7201
20231227 7182
20231222 7201
20231230 7194
20231222 7201
20231231 7189
20231222 7201
20240101 7191
20231222 7201
20240102 7192
20231222 7201
20240103 7190
20231222 7201
20240104 7189
20231222 7201
20240105 7193
20231222 7201
20240106 7207
20231222 7201
20240107 7208
20231222 7201
20240108 7210
20231222 7201
20240109 7211
20231222 7201
20240110 7209
20231222 7201
20240111 7237
20231222 7201
20240112 7239
20231222 7201
20240113 7237
20231222 7201
20240114 7235
20231222 7201
20240115 7231
20240116 7231
20240117 7241
20240116 7231
20240118 7235
20240116 7231
20240119 7234
20240116 7231
20240120 7240
20240116 7231
20240121 7239
20240116 7231
20240122 7238
20240116 7231
20240124 7234
20240116 7231
20240125 7237
20240116 7231
20240126 7235
20240116 7231
20240127 7240
20240116 7231
20240128 7238
20240116 7231
20240129 7237
20240116 7231
20240130 7176
20240116 7231
20240131 7166
20240201 7166
20240202 7132
20240201 7166
20240203 7114
20240201 7166
20240204 7109
20240201 7166
20240205 7111
20240201 7166
20240206 7112
20240201 7166
20240207 7109
20240201 7166
20240208 7110
20240201 7166
20240209 7111
20240201 7166
20240210 7110
20240201 7166
20240211 7108
20240201 7166
20240212 7109
20240201 7166
20240213 7108
20240214 7108
20240215 7099
20240214 7108
20240216 7100
20240214 7108
20240217 7098
20240214 7108
20240218 7095
20240214 7108
20240219 7087
20240220 7087
20240221 7090
20240220 7087
20240222 7088
20240220 7087
20240223 7090
20240220 7087
20240224 7096
20240220 7087
20240225 7097
20240226 7097
20240227 7099
20240226 7097
20240228 7104
20240226 7097
20240229 7103
20240226 7097
20240301 7101
20240226 7097
20240302 7100
20240303 7100
20240304 7098
20240303 7100
20240305 7085
20240303 7100
20240306 7091
20240303 7100
20240307 7092
20240303 7100
20240308 7086
20240303 7100
20240309 7085
20240303 7100
20240310 7090
20240303 7100
20240311 7087
20240303 7100
20240312 7084
20240303 7100
20240313 7082
20240303 7100
20240314 7081
20240303 7100
20240315 7084
20240316 7084
20240317 7080
20240316 7084
20240318 7076
20240316 7084
20240319 7070
20240316 7084
20240320 7071
20240316 7084
20240321 7076
20240316 7084
20240322 7077
20240316 7084
20240323 7081
20240316 7084
20240324 7076
20240316 7084
20240325 7074
20240316 7084
20240326 7073
20240327 7073
20240328 7080
20240327 7073
20240329 7077
20240327 7073
20240330 7071
20240327 7073
20240331 7072
20240327 7073
20240401 7071
20240327 7073
20240402 7069
20240327 7073
20240403 7071
20240327 7073
20240404 7076
20240327 7073
20240405 7079
20240327 7073
20240406 7080
20240327 7073
20240407 7083
20240408 7083
20240409 7086
20240408 7083
20240410 7089
20240411 7089
20240412 7090
20240411 7089
20240413 7091
20240411 7089
20240415 7081
20240411 7089
20240416 7091
20240417 7091
20240418 7089
20240417 7091
20240419 7092
20240420 7092
20240421 7094
20240420 7092
20240422 7093
20240423 7093
20240424 7095
20240423 7093
20240425 7094
20240423 7093
20240426 7090
20240423 7093
20240427 7089
20240423 7093
20240428 7086
20240423 7093
20240429 7085
20240423 7093
20240430 7080
20240423 7093
20240501 7083
20240423 7093
20240503 7087
20240423 7093
20240504 7084
20240423 7093
20240505 7083
20240423 7093
20240506 7080
20240423 7093
20240507 7082
20240423 7093
20240508 7084
20240423 7093
20240509 7079
20240510 7079
20240511 7082
20240510 7079
20240512 7076
20240510 7079
20240513 7077
20240510 7079
20240514 7074
20240510 7079
20240515 7070
20240510 7079
20240516 7077
20240510 7079
20240517 7072
20240510 7079
20240518 7073
20240510 7079
20240519 7072
20240510 7079
20240520 7050
20240510 7079
20240521 7057
20240510 7079
20240522 7055
20240523 7055
20240524 7051
20240523 7055
20240525 7049
20240523 7055
20240526 7047
20240523 7055
20240527 7034
20240528 7034
20240529 7043
20240528 7034
20240530 7044
20240528 7034
20240531 7050
20240528 7034
20240601 7049
20240528 7034
20240602 7047
20240528 7034
20240603 7045
20240528 7034
20240604 7051
20240528 7034
20240605 7050
20240528 7034
20240606 7045
20240528 7034
20240609 7051
20240611 7051
20240612 7045
20240611 7051
20240613 7042
20240611 7051
20240614 7032
20240611 7051
20240615 7028
20240611 7051
20240616 7025
20240611 7051
20240617 7024
20240611 7051
20240618 7022
20240611 7051
20240620 7013
20240611 7051
20240621 7008
20240611 7051
20240622 7004
20240623 7004
20240624 7002
20240623 7004
20240626 7000
20240627 7000
20240628 6994
20240627 7000
20240629 6996
20240627 7000
20240630 7011
20240627 7000
20240701 7014
20240627 7000
20240702 7019
20240627 7000
20240703 7024
20240627 7000
20240704 7019
20240705 7019
20240706 7018
20240707 7019
20240705 7019
20240708 7020
20240705 7019
20240709 7015
20240705 7019
20240710 7017
20240705 7019
20240711 7012
20240705 7019
20240712 7013
20240705 7019
20240713 7015
20240705 7019
20240714 7013
20240705 7019
20240715 7009
20240705 7019
20240716 7012
20240705 7019
20240717 7014
20240705 7019
20240718 7016
20240705 7019
20240719 7011
20240705 7019
20240720 7010
20240705 7019
20240721 7009
20240705 7019
20240722 7008
20240705 7019
20240723 7013
20240726 7013
20240727 7008
20240726 7013
20240728 7006
20240726 7013
20240729 7009
20240726 7013
20240730 7008
20240726 7013
20240731 7009
20240726 7013
20240801 7006
20240726 7013
20240802 6994
20240726 7013
20240803 6991
20240726 7013
20240804 6986
20240805 6986
20240806 6974
20240805 6986
20240807 6970
20240805 6986
20240808 6961
20240809 6961
20240810 6968
20240809 6961
20240811 6976
20240809 6961
20240812 6977
20240813 6977
20240814 6978
20240813 6977
20240815 6976
20240813 6977
20240816 6972
20240813 6977
20240817 6974
20240813 6977
20240818 6966
20240813 6977
20240819 6963
20240813 6977
20240820 6966
20240813 6977
20240821 6967
20240813 6977
20240822 6971
20240823 6977
20240813 6977
20240824 6981
20240813 6977
20240825 6986
20240813 6977
20240826 6985
20240813 6977
20240827 6982
20240813 6977
20240828 6987
20240813 6977
20240829 6979
20240830 6979
20240831 6981
20240830 6979
20240901 6982
20240830 6979
20240902 6984
20240830 6979
20240903 6991
20240830 6979
20240904 6993
20240830 6979
20240905 6991
20240830 6979
20240906 6994
20240830 6979
20240907 6998
20240830 6979
20240908 6999
20240830 6979
20240909 6998
20240910 6998
20240911 7005
20240910 6998
20240912 7008
20240910 6998
20240913 7015
20240914 7015
20240915 7012
20240914 7015
20240916 6999
20240914 7015
20240917 6990
20240914 7015
20240918 6988
20240914 7015
20240919 6984
20240920 6984
20240921 6981
20240920 6984
20240921 6985
20240920 6984
20240922 6981
20240920 6984
20240925 6978
20240926 6978
20240927 6975
20240927 6975
