20230707 2345
20230709 2344
20230710 2343
20230711 2343
20230712 2340
20230713 2339
20230714 2336
20230715 2338
20230716 2337
20230717 2333
20230718 2335
20230719 2333
20230720 2333
20230721 2331
20230722 2332
20230723 2335
20230724 2334
20230725 2337
20230726 2336
20230727 2338
20230728 2339
20230729 2340
20230730 2342
20230731 2343
20230801 2344
20230802 2344
20230803 2342
20230804 2342
20230805 2345
20230806 2344
20230807 2342
20230808 2343
20230809 2343
20230810 2345
20230811 2348
20230812 2349
20230813 2350
20230815 2353
20230816 2358
20230817 2357
20230818 2355
20230819 2353
20230820 2352
20230821 2352
20230822 2349
