20230707 4
20230709 4
20230710 4
20230711 4
20230712 4
20230714 4
20230715 4
20230716 4
20230717 4
20230718 4
20230719 4
20230720 4
20230721 4
20230722 4
20230723 4
20230724 4
20230725 4
20230726 4
20230727 4
20230728 4
20230729 4
20230730 4
20230731 4
20230801 4
20230802 4
20230803 4
20230804 4
20230805 4
20230806 4
20230807 4
20230808 4
20230809 4
20230810 4
20230811 4
20230812 4
20230813 4
20230815 4
20230816 4
20230817 4
20230818 4
20230819 4
20230820 4
20230821 4
20230822 4
20230823 4
20230824 4
20230825 4
20230826 4
20230827 4
20230828 4
20230829 4
20230830 4
20230831 4
20230901 4
20230902 4
20230903 4
20230904 4
20230905 4
20230906 4
20230907 4
20230908 4
20230909 4
20230910 4
20230911 4
20230912 4
20230913 4
20230914 4
20230915 4
20230916 4
20230917 4
20230918 4
20230919 4
20230920 2
20230921 2
20230922 2
20230923 2
20230924 2
20230925 2
20230926 2
20230927 2
20230928 2
20230929 2
20230930 2
20231001 2
20231002 2
20231003 2
20231005 2
20231007 2
20231008 2
20231009 2
20231010 2
20231011 2
20231012 2
20231013 2
20231014 2
20231015 2
20231016 2
20231017 2
20231018 2
20231019 2
20231020 2
20231021 2
20231022 2
20231023 2
20231024 2
20231025 2
20231026 2
20231027 2
20231028 2
20231029 2
20231030 2
20231031 2
20231101 2
20231102 2
20231103 2
20231104 2
20231105 2
20231106 2
20231107 2
20231108 2
20231109 2
20231110 2
20231111 2
20231112 2
20231113 2
20231114 2
20231115 2
20231116 2
20231117 2
20231118 2
20231120 2
20231121 2
20231122 2
20231123 2
20231124 2
20231125 2
20231126 2
20231127 2
20231128 2
20231129 2
20231130 2
20231201 2
20231202 2
20231203 2
20231204 2
20231205 2
20231206 2
20231207 2
20231208 2
20231209 2
20231210 2
20231211 2
20231212 2
20231213 2
20231214 2
20231215 2
20231216 2
20231217 2
20231218 2
20231219 3
20231220 3
20231221 3
20231222 3
20231223 3
20231224 3
20231225 3
20231226 3
20231227 3
20231230 3
20231231 3
20240101 3
20240102 3
20240103 3
20240104 3
20240105 3
20240106 3
20240107 3
20240108 3
20240109 3
20240110 3
20240111 3
20240112 3
20240113 3
20240114 3
20240115 3
20240116 3
20240117 3
20240118 3
20240119 3
20240120 3
20240121 3
20240122 3
20240124 3
20240125 3
20240126 3
20240127 3
20240128 3
20240129 3
20240130 3
20240131 3
20240201 3
20240202 3
20240203 3
20240204 3
20240205 3
20240206 3
20240207 3
20240208 3
20240209 3
20240210 3
20240211 3
20240212 3
20240213 3
20240214 3
20240215 3
20240216 3
20240217 3
20240218 3
20240219 3
