20230707 204110
20230709 203470
20230710 202533
20230711 202446
20230712 202209
20230713 202412
20230714 201590
20230715 202183
20230716 203200
20230717 204635
20230718 206460
20230719 208362
20230720 209804
20230721 211752
20230722 213112
20230723 213789
20230724 215164
20230725 216445
20230726 217999
20230727 219510
20230728 222853
20230729 224080
20230730 226162
20230731 228450
20230801 229630
20230802 229664
20230803 229736
20230804 229644
20230805 229620
20230806 229606
20230807 229509
20230808 229545
20230809 229553
20230810 229585
20230811 229614
20230812 229534
20230813 229504
20230815 229512
20230816 229549
20230817 229113
20230818 229128
20230819 229110
20230820 229062
20230821 229123
20230822 229183
20230823 230202
20230824 230217
20230825 230222
20230826 230195
20230827 230049
20230828 230006
20230829 229966
20230830 232597
20230831 233071
20230901 232021
20230902 232118
20230903 232003
20230904 232024
20230905 232069
20230906 232374
20230907 232204
20230908 232254
20230909 233337
20230910 233293
20230911 233282
20230912 234419
20230913 233536
20230914 233491
20230915 233420
20230916 234874
20230917 234856
20230918 234744
20230919 235270
20230920 232009
20230921 231979
20230922 232070
20230923 232040
20230924 232046
20230925 231893
20230926 231967
20230927 231504
20230928 231506
20230929 230501
20230930 230427
20231001 230439
20231002 230326
20231003 230345
20231005 230313
20231007 230407
20231008 230421
20231009 230366
20231010 230344
20231011 230613
20231012 230854
20231013 230913
20231014 230597
20231015 230533
20231016 230561
20231017 230419
20231018 230419
20231019 229593
20231020 229416
20231021 229441
20231022 229431
20231023 229274
20231024 229229
20231025 229250
20231026 228325
20231027 228241
20231028 228049
20231029 228182
20231030 227996
20231031 228077
20231101 227363
20231102 227277
20231103 227108
20231104 227123
20231105 226400
20231106 226193
20231107 226433
20231108 227154
20231109 228124
20231110 227999
20231111 227418
20231112 227335
20231113 227175
20231114 227267
20231115 227210
20231116 227133
20231117 226888
