20230707 133
20230709 133
20230710 133
20230711 133
20230712 133
20230714 133
20230715 133
20230716 133
20230717 133
20230718 133
20230719 133
20230720 133
20230721 133
20230722 133
20230723 133
20230724 133
20230725 133
20230726 133
20230727 133
20230728 133
20230729 133
20230730 133
20230731 133
20230801 133
20230802 133
20230803 133
20230804 133
20230805 133
20230806 133
20230807 133
20230808 133
20230809 133
20230810 133
20230811 133
20230812 133
20230813 133
20230815 133
20230816 133
20230817 133
20230818 133
20230819 133
20230820 133
20230821 133
20230822 133
20230823 133
20230824 133
20230825 133
