20230707 647014
20230709 646478
20230710 645968
20230711 646175
20230712 646178
20230713 646196
20230714 645886
20230715 645438
20230716 645228
20230717 645054
20230718 645628
20230719 645454
20230720 645507
20230721 645426
20230722 645128
20230723 644645
20230724 644189
20230725 644189
20230726 644279
20230725 644189
20230727 644250
20230725 644189
20230728 644096
20230725 644189
20230729 643787
20230725 644189
20230730 643458
20230725 644189
20230731 643198
20230725 644189
20230801 643221
20230725 644189
20230802 644079
20230725 644189
20230803 644218
20230725 644189
20230804 644481
20230725 644189
20230805 644724
20230725 644189
20230806 644727
20230725 644189
20230807 644673
20230725 644189
20230808 645151
20230725 644189
20230809 645007
20230725 644189
20230810 645183
20230725 644189
20230811 645184
20230725 644189
20230812 645052
20230725 644189
20230813 644744
20230725 644189
20230815 644173
20230725 644189
20230816 642911
20230725 644189
20230817 642619
20230725 644189
20230818 640639
20230725 644189
20230819 639923
20230725 644189
20230820 639047
20230725 644189
20230821 637703
20230725 644189
20230822 637855
20230725 644189
20230823 638028
20230725 644189
20230824 637510
20230725 644189
20230825 637057
20230725 644189
20230826 636401
20230725 644189
20230827 635861
20230725 644189
20230828 635297
20230725 644189
20230829 635446
20230725 644189
20230830 635767
20230725 644189
20230831 635502
20230725 644189
20230901 635505
20230725 644189
20230902 634535
20230725 644189
20230903 633464
20230725 644189
20230904 632693
20230725 644189
20230905 632621
20230725 644189
20230906 633041
20230725 644189
20230907 632911
20230725 644189
20230908 632582
20230725 644189
20230909 632257
20230725 644189
20230910 632088
20230725 644189
20230911 631495
20230725 644189
20230912 631632
20230725 644189
20230913 631403
20230725 644189
20230914 630961
20230725 644189
20230915 630566
20230725 644189
20230916 630419
20230725 644189
20230917 630150
20230725 644189
20230918 629914
20230725 644189
20230919 630319
20230725 644189
20230920 619410
20230725 644189
20230921 620167
20230725 644189
20230922 619931
20230725 644189
20230923 619875
20230725 644189
20230924 619685
20230725 644189
20230925 619115
20230725 644189
20230926 618959
20230725 644189
20230927 619033
20230725 644189
20230928 618977
20230725 644189
20230929 619832
20230725 644189
20230930 619312
20230725 644189
20231001 619046
20230725 644189
20231002 618705
20230725 644189
20231003 618587
20230725 644189
20231005 617974
20230725 644189
20231007 612374
20230725 644189
20231008 609910
20230725 644189
20231009 609716
20230725 644189
20231010 608991
20230725 644189
20231011 608200
20230725 644189
20231012 608075
20230725 644189
20231013 607959
20230725 644189
20231014 607934
20230725 644189
20231015 607514
20230725 644189
20231016 607050
20230725 644189
20231017 607143
20230725 644189
20231018 606552
20230725 644189
20231019 604319
20230725 644189
20231020 603254
20230725 644189
20231021 599112
20230725 644189
20231022 598390
20230725 644189
20231023 596798
20230725 644189
20231024 597109
20230725 644189
20231025 596910
20230725 644189
20231026 596387
20230725 644189
20231027 595938
20230725 644189
20231028 595496
20230725 644189
20231029 595030
20230725 644189
20231030 594361
20230725 644189
20231031 594267
20230725 644189
20231101 594858
20230725 644189
20231102 594671
20230725 644189
20231103 594538
20230725 644189
20231104 594560
20230725 644189
20231105 594044
20230725 644189
20231106 593613
20230725 644189
20231107 593536
20230725 644189
20231108 593660
20230725 644189
20231109 593347
20230725 644189
20231110 593119
20230725 644189
20231111 592982
20230725 644189
20231112 592684
20230725 644189
20231113 592077
20230725 644189
20231114 592385
20230725 644189
20231115 593063
20230725 644189
20231116 593069
20230725 644189
20231117 592876
20230725 644189
20231118 592755
20230725 644189
20231120 591935
20230725 644189
20231121 592230
20230725 644189
20231122 592180
20230725 644189
20231123 592208
20230725 644189
20231124 592011
20230725 644189
20231125 592245
20230725 644189
20231126 591835
20230725 644189
20231127 591765
20230725 644189
20231128 591180
20230725 644189
20231129 591183
20230725 644189
20231130 594496
20230725 644189
20231201 594382
20230725 644189
20231202 594641
20230725 644189
20231203 594309
20230725 644189
20231204 594034
20230725 644189
20231205 593773
20230725 644189
20231206 593860
20230725 644189
20231207 593970
20230725 644189
20231208 594259
20230725 644189
20231209 593711
20230725 644189
20231210 593153
20230725 644189
20231211 592328
20230725 644189
20231212 592468
20230725 644189
20231213 592701
20230725 644189
20231214 592597
20230725 644189
20231215 592194
20230725 644189
20231216 592092
20230725 644189
20231217 591499
20230725 644189
20231218 591237
20230725 644189
20231219 590978
20230725 644189
20231220 590904
20230725 644189
20231221 591014
20230725 644189
20231222 590780
20230725 644189
20231223 590507
20230725 644189
20231224 590138
20230725 644189
20231225 589221
20230725 644189
20231226 586912
20230725 644189
20231227 586362
20230725 644189
20231230 586733
20230725 644189
20231231 586278
20230725 644189
20240101 585689
20230725 644189
20240102 585479
20230725 644189
20240103 585422
20230725 644189
20240104 585597
20230725 644189
20240105 585239
20230725 644189
20240106 584981
20230725 644189
20240107 584748
20230725 644189
20240108 584072
20230725 644189
20240109 584028
20230725 644189
20240110 583952
20230725 644189
20240111 583545
20230725 644189
20240112 582998
20230725 644189
20240113 582686
20230725 644189
20240114 582008
20230725 644189
20240115 581498
20230725 644189
20240116 581247
20230725 644189
20240117 580923
20230725 644189
20240118 580830
20230725 644189
20240119 580662
20230725 644189
20240120 580445
20230725 644189
20240121 580133
20230725 644189
20240122 579693
20230725 644189
20240124 579375
20230725 644189
20240125 579191
20230725 644189
20240126 579287
20230725 644189
20240127 578903
20230725 644189
20240128 578247
20230725 644189
20240129 577603
20230725 644189
20240130 577304
20230725 644189
20240131 577118
20230725 644189
20240201 577015
20230725 644189
20240202 576917
20230725 644189
20240203 576866
20230725 644189
20240204 576709
20230725 644189
20240205 576608
20230725 644189
20240206 576964
20230725 644189
20240207 576937
20230725 644189
20240208 578320
20230725 644189
20240209 578165
20230725 644189
20240210 577948
20230725 644189
20240211 577564
20230725 644189
20240212 577176
20230725 644189
20240213 577336
20230725 644189
20240214 577738
20230725 644189
20240215 577536
20230725 644189
20240216 576981
20230725 644189
20240217 576454
20230725 644189
20240218 576229
20230725 644189
20240219 575574
20230725 644189
20240220 575346
20230725 644189
20240221 575250
20230725 644189
20240222 575394
20230725 644189
20240223 575261
20230725 644189
20240224 575112
20230725 644189
20240225 574837
20230725 644189
20240226 574599
20230725 644189
20240227 574514
20230725 644189
20240228 574604
20230725 644189
20240229 574558
20230725 644189
20240301 574883
20230725 644189
20240302 574915
20230725 644189
20240303 574659
20230725 644189
20240304 574447
20230725 644189
20240305 574277
20230725 644189
20240306 574373
20230725 644189
20240307 574592
20230725 644189
20240308 574745
20230725 644189
20240309 574198
20230725 644189
20240310 573714
20230725 644189
20240311 573424
20230725 644189
20240312 573231
20230725 644189
20240313 572829
20230725 644189
20240314 572618
20230725 644189
20240315 572494
20230725 644189
20240316 572155
20230725 644189
20240317 571823
20230725 644189
20240318 571442
20230725 644189
20240319 571684
20230725 644189
20240320 571709
20230725 644189
20240321 571566
20230725 644189
20240322 571505
20230725 644189
20240323 571072
20230725 644189
20240324 570553
20230725 644189
20240325 570207
20230725 644189
20240326 570083
20230725 644189
20240327 569783
20230725 644189
20240328 569459
20230725 644189
20240329 569180
20230725 644189
20240330 568563
20230725 644189
20240331 568173
20230725 644189
20240401 567566
20230725 644189
20240402 567424
20230725 644189
20240403 567280
20230725 644189
20240404 566951
20230725 644189
20240405 566158
20230725 644189
20240406 565419
20230725 644189
20240407 564866
20230725 644189
20240408 564409
20230725 644189
20240409 564169
20230725 644189
20240410 564064
20230725 644189
20240411 563948
20230725 644189
20240412 564319
20230725 644189
20240413 563908
20230725 644189
20240415 562555
20230725 644189
20240416 562254
20230725 644189
20240417 561073
20230725 644189
20240418 560980
20230725 644189
20240419 561458
20230725 644189
20240420 560507
20230725 644189
20240421 560016
20230725 644189
20240422 559321
20230725 644189
20240423 559096
20230725 644189
20240424 559412
20230725 644189
20240425 560117
20230725 644189
20240426 559902
20230725 644189
20240427 559491
20230725 644189
20240428 558950
20230725 644189
20240429 558538
20230725 644189
20240430 558423
20230725 644189
20240501 558171
20230725 644189
20240503 557410
20230725 644189
20240504 556960
20230725 644189
20240505 556377
20230725 644189
20240506 555327
20230725 644189
20240507 555311
20230725 644189
20240508 555417
20230725 644189
20240509 555625
20230725 644189
20240510 554573
20230725 644189
20240511 554404
20230725 644189
20240512 553778
20230725 644189
20240513 553015
20230725 644189
20240514 552798
20230725 644189
20240515 553027
20230725 644189
20240516 553035
20230725 644189
20240517 553036
20230725 644189
20240518 552882
20230725 644189
20240519 552560
20230725 644189
20240520 552023
20230725 644189
20240521 552077
20230725 644189
20240522 551949
20230725 644189
20240523 552374
20230725 644189
20240524 552320
20230725 644189
20240525 551682
20230725 644189
20240526 552783
20230725 644189
20240527 552293
20230725 644189
20240528 552266
20230725 644189
20240529 552445
20230725 644189
20240530 552319
20230725 644189
20240531 552251
20230725 644189
20240601 552339
20230725 644189
20240602 552043
20230725 644189
20240603 551681
20230725 644189
20240604 551784
20230725 644189
20240605 552048
20230725 644189
20240606 551836
20230725 644189
20240609 550330
20230725 644189
20240611 549359
20230725 644189
20240612 549552
20230725 644189
20240613 548761
20230725 644189
20240614 548670
20230725 644189
20240615 548505
20230725 644189
20240616 548035
20230725 644189
20240617 546944
20230725 644189
20240618 546357
20230725 644189
20240620 546289
20230725 644189
20240621 546010
20230725 644189
20240622 545754
20230725 644189
20240623 545023
20230725 644189
20240624 544463
20230725 644189
20240626 544574
20230725 644189
20240627 545054
20230725 644189
20240628 545506
20230725 644189
20240629 545436
20230725 644189
20240630 545416
20230725 644189
20240701 544913
20230725 644189
20240702 545126
20230725 644189
20240703 544959
20230725 644189
20240704 544546
20230725 644189
20240705 544750
20230725 644189
20240706 544606
20230725 644189
20240707 543951
20230725 644189
20240708 543779
20230725 644189
20240709 543892
20230725 644189
20240710 544312
20230725 644189
20240711 544447
20230725 644189
20240712 544859
20230725 644189
20240713 544907
20230725 644189
20240714 544321
20230725 644189
20240715 543384
20230725 644189
20240716 543406
20230725 644189
20240717 543703
20230725 644189
20240718 543205
20230725 644189
20240719 543343
20230725 644189
20240720 543163
20230725 644189
20240721 542470
20230725 644189
20240722 541822
20230725 644189
20240723 542012
20240724 542012
20240725 541591
20240724 542012
20240726 541752
20240724 542012
20240727 541720
20240724 542012
20240728 541125
20240724 542012
20240729 540688
20240724 542012
20240730 540819
20240724 542012
20240731 541018
20240724 542012
20240801 541023
20240724 542012
20240802 541072
20240724 542012
20240803 540952
20240724 542012
20240804 540732
20240724 542012
20240805 539708
20240724 542012
20240806 539947
20240724 542012
20240807 540286
20240724 542012
20240808 540111
20240724 542012
20240809 540372
20240724 542012
20240810 540279
20240724 542012
20240811 540241
20240724 542012
20240812 539794
20240724 542012
20240813 539945
20240724 542012
20240814 540225
20240724 542012
20240815 540297
20240724 542012
20240816 539654
20240724 542012
20240817 539623
20240724 542012
20240818 539481
20240724 542012
20240819 539017
20240724 542012
20240820 538923
20240724 542012
20240821 539072
20240724 542012
20240822 539446
20240724 542012
20240823 539440
20240724 542012
20240824 539344
20240724 542012
20240825 538994
20240724 542012
20240826 538576
20240724 542012
20240827 539211
20240724 542012
20240828 539755
20240724 542012
20240829 539331
20240724 542012
20240830 539367
20240724 542012
20240831 539290
20240724 542012
20240901 538862
20240724 542012
20240902 538751
20240724 542012
20240903 538879
20240724 542012
20240904 539155
20240724 542012
20240905 539282
20240724 542012
20240906 539036
20240724 542012
20240907 539010
20240724 542012
20240908 538632
20240724 542012
20240909 538303
20240724 542012
20240910 538595
20240724 542012
20240911 538634
20240724 542012
20240912 538704
20240724 542012
20240913 538191
20240724 542012
20240914 538070
20240724 542012
20240915 538009
20240724 542012
20240916 536646
20240724 542012
20240917 536168
20240724 542012
20240918 536031
20240724 542012
20240919 535620
20240724 542012
20240920 535807
20240724 542012
20240921 535630
20240724 542012
20240921 535854
20240724 542012
20240922 535630
20240724 542012
20240925 535533
20240724 542012
20240926 535610
20240926 535610
