20230707 2
20230919 2
20230920 1
20240124 1
20240125 3
20240207 3
20240208 4
20240209 8
20240216 8
20240217 9
20240221 9
20240222 10
20240227 10
20240228 16
20240229 20
20240304 20
20240305 21
20240306 22
20240307 230
20240308 246
20240309 262
20240310 265
20240311 276
20240312 288
20240313 295
20240314 308
20240315 313
20240316 328
20240317 331
20240318 331
20240319 347
20240320 354
20240321 359
20240322 365
20240323 381
20240324 385
20240325 389
20240326 398
20240327 401
20240328 403
20240329 407
20240330 413
20240331 418
20240401 419
20240402 423
20240403 426
20240404 431
20240405 434
20240406 436
20240407 437
20240408 438
20240409 445
20240410 449
20240411 452
20240412 459
20240413 464
20240415 467
20240416 478
20240417 478
20240418 482
20240419 485
20240420 489
20240421 490
20240422 493
20240423 514
20240424 515
20240425 518
20240426 523
20240427 524
20240428 527
20240429 529
20240430 533
20240501 535
20240503 540
20240504 541
20240505 545
20240506 545
20240507 547
20240508 547
20240509 551
20240510 552
20240511 556
20240513 556
20240514 561
20240515 565
20240516 568
20240517 571
20240518 573
20240519 574
20240520 575
20240521 579
20240522 588
20240523 589
20240524 593
20240525 594
20240526 595
20240527 597
20240528 601
20240529 602
20240530 604
20240531 606
20240601 606
20240602 611
20240603 612
20240604 613
20240605 618
20240606 627
20240609 637
20240611 640
20240612 646
20240613 651
20240614 654
20240615 658
20240616 659
20240617 662
20240618 662
20240620 667
20240621 670
20240622 674
20240623 678
20240624 681
20240626 688
20240627 691
20240628 697
20240629 697
20240630 703
20240701 704
20240702 711
20240703 715
20240704 717
20240705 720
20240706 727
20240707 731
20240708 736
20240709 742
20240710 751
20240711 756
20240712 760
20240713 767
20240714 768
20240715 771
20240716 776
20240717 784
20240718 789
20240719 794
20240720 804
20240721 808
20240722 813
20240723 819
20240724 819
20240725 830
20240726 834
20240727 841
20240728 851
20240729 853
20240730 862
20240731 868
20240801 870
20240802 875
20240803 879
20240804 882
20240805 887
20240806 890
20240807 892
20240808 899
20240809 908
20240810 913
20240811 915
20240812 919
20240813 924
20240814 926
20240815 935
20240816 943
20240817 945
20240818 945
20240819 946
20240820 948
20240821 955
20240822 962
20240823 972
20240824 975
20240825 978
20240826 981
20240827 989
20240828 996
20240829 1006
20240830 1008
20240831 1015
20240901 1018
20240902 1018
20240903 1023
20240904 1029
20240905 1030
20240906 1031
20240907 1035
20240908 1037
20240909 1040
20240910 1043
20240911 1046
20240912 1051
20240913 1057
20240914 1065
20240915 1067
20240916 1067
20240917 1070
20240918 1073
20240919 1077
20240920 1078
20240921 1081
20240922 1085
20240925 1093
20240926 1100
20240927 1104
20240928 1108
20240929 1113
20240930 1114
20241001 1117
20241002 1122
20241003 1128
20241004 1132
20241005 1137
20241006 1143
20241007 1150
20241008 1152
20241009 1156
20241010 1168
20241011 1176
20241012 1181
20241013 1186
20241014 1197
20241015 1200
20241016 1203
20241017 1209
20241018 1218
20241019 1225
20241020 1229
20241021 1231
20241022 1236
20241023 1240
20241024 1243
20241025 1249
20241026 1252
20241027 1258
20241028 1263
20241029 1268
20241030 1276
20241031 1284
20241101 1293
20241102 1294
20241103 1299
20241104 1305
20241105 1318
20241106 1324
20241107 1329
20241108 1338
20241109 1343
20241110 1350
20241111 1357
20241112 1364
20241113 1367
20241114 1375
20241115 1380
20241116 1383
20241117 1396
20241118 1402
20241119 1409
20241120 1413
20241121 1417
20241122 1422
20241123 1426
20241124 1429
20241125 1433
20241126 1436
20241127 1444
20241128 1448
20241129 1448
20241130 1461
20241201 1466
20241202 1467
20241203 1473
20241204 1482
20241205 1487
20241206 1496
20241207 1505
20241208 1526
20241209 1527
20241210 1532
20241211 1540
20241212 1547
20241213 1555
20241214 1560
20241215 1563
20241216 1572
20241217 1581
20241218 1591
20241219 1600
