20230708 38237
20230709 38256
20230710 38230
20230711 38219
20230712 38233
20230713 38282
20230714 38292
20230715 38335
20230716 38341
20230717 38248
20230718 38272
20230719 38286
20230720 38295
20230721 38300
20230722 38332
20230723 38353
20230724 38370
20230725 38269
20230726 38311
20230727 38320
20230728 38349
20230729 38377
20230730 38388
20230731 38390
20230801 38434
20230802 38477
20230803 38527
20230804 38377
20230805 38418
20230806 38436
20230807 38458
20230808 38332
20230809 38349
20230810 38369
20230811 38406
20230812 38433
20230813 38467
20230814 38493
20230815 38422
