20230707 48048
20230709 48048
20230710 48067
20230711 48062
20230712 48086
20230713 48111
20230714 48141
20230715 48150
20230716 48156
20230717 48164
20230718 48163
20230719 48183
20230720 48221
20230721 48248
20230722 48261
20230723 48247
20230724 48257
20230725 48265
20230726 48307
20230727 48317
20230728 48346
20230729 48351
20230730 48376
20230731 48381
20230801 48399
20230802 48427
20230803 48445
20230804 48471
20230805 48494
20230806 48508
20230807 48525
20230808 48571
20230809 48585
20230810 48616
20230811 48641
20230812 48652
20230813 48664
20230815 48664
20230816 48679
20230817 48689
20230818 48709
20230819 48697
20230820 48703
20230821 48681
