20230707 6516
20230709 6509
20230710 6511
20230711 6508
20230712 6507
20230713 6506
20230714 6509
20230715 6509
20230716 6506
20230715 6509
20230717 6501
20230715 6509
20230718 6498
20230715 6509
20230719 6500
20230715 6509
20230720 6505
20230721 6505
20230722 6510
20230721 6505
20230723 6512
20230721 6505
20230724 6511
20230721 6505
20230725 6515
20230721 6505
20230726 6522
20230721 6505
20230727 6529
20230721 6505
20230728 6539
20230721 6505
20230729 6550
20230721 6505
20230730 6581
20230721 6505
20230731 6592
20230721 6505
20230801 6596
20230721 6505
20230802 6599
20230721 6505
20230803 6594
20230721 6505
20230804 6590
20230721 6505
20230805 6589
20230806 6589
20230807 6590
20230806 6589
20230808 6588
20230806 6589
20230809 6587
20230806 6589
20230810 6584
20230806 6589
20230811 6587
20230806 6589
20230812 6584
20230806 6589
20230813 6582
20230806 6589
20230815 6580
20230806 6589
20230816 6582
20230806 6589
20230817 6586
20230806 6589
20230818 6588
20230819 6589
20230806 6589
20230820 6586
20230806 6589
20230821 6584
20230806 6589
20230822 6604
20230806 6589
20230823 6597
20230806 6589
20230824 6600
20230806 6589
20230825 6597
20230806 6589
20230826 6594
20230806 6589
20230827 6595
20230806 6589
20230828 6489
20230806 6589
20230829 6483
20230806 6589
20230830 6480
20230806 6589
20230831 6488
20230806 6589
20230901 6492
20230806 6589
20230902 6494
20230806 6589
20230903 6497
20230806 6589
20230904 6488
20230806 6589
20230905 6484
20230806 6589
20230906 6488
20230806 6589
20230907 6490
20230908 6490
20230909 6493
20230908 6490
20230910 6491
20230908 6490
20230911 6489
20230908 6490
20230912 6494
20230908 6490
20230913 6499
20230914 6499
20230915 6497
20230914 6499
20230916 6496
20230914 6499
20230917 6488
20230914 6499
20230918 6487
20230919 6487
20230920 6307
20230919 6487
20230921 6305
20230919 6487
20230922 6316
20230919 6487
20230923 6315
20230924 6315
20230925 6319
20230924 6315
20230926 6321
20230924 6315
20230927 6322
20230928 6322
20230929 6326
20230928 6322
20230930 6333
20230928 6322
20231001 6335
20230928 6322
20231002 6347
20230928 6322
20231003 6352
20230928 6322
20231005 6353
20230928 6322
20231007 6347
20230928 6322
20231008 6352
20230928 6322
20231009 6362
20230928 6322
20231010 6371
20230928 6322
20231011 6379
20230928 6322
20231012 6381
20230928 6322
20231013 6397
20230928 6322
20231014 6405
20230928 6322
20231015 6402
20230928 6322
20231016 6406
20230928 6322
20231017 6411
20230928 6322
20231018 6419
20230928 6322
20231019 6427
20230928 6322
20231020 6433
20230928 6322
20231021 6442
20230928 6322
20231022 6443
20230928 6322
20231023 6444
20230928 6322
20231024 6443
20230928 6322
20231025 6439
20231026 6439
20231027 6437
20231026 6439
20231028 6430
20231026 6439
20231029 6438
20231026 6439
20231030 6435
20231026 6439
20231031 6429
20231026 6439
20231101 6430
20231026 6439
20231102 6432
20231026 6439
20231103 6434
20231026 6439
20231104 6436
20231026 6439
20231105 6437
20231107 6437
20231108 6448
20231107 6437
20231109 6452
20231107 6437
20231110 6454
20231107 6437
20231111 6452
20231107 6437
20231112 6451
20231107 6437
20231113 6453
20231107 6437
20231114 6452
20231107 6437
20231115 6457
20231107 6437
20231116 6456
20231107 6437
20231117 6468
20231107 6437
20231118 6474
20231107 6437
20231120 6464
20231107 6437
20231121 6463
20231107 6437
20231122 6466
20231107 6437
20231123 6475
20231107 6437
20231124 6468
20231126 6468
20231127 6466
20231126 6468
20231128 6474
20231129 6474
20231130 6480
20231129 6474
20231201 6476
20231202 6476
20231203 6471
20231202 6476
20231204 6465
20231202 6476
20231205 6469
20231202 6476
20231206 6471
20231202 6476
20231207 6468
20231202 6476
20231208 6457
20231202 6476
20231209 6459
20231202 6476
20231210 6464
20231211 6464
20231212 6463
20231211 6464
20231213 6469
20231214 6469
20231215 6473
20231214 6469
20231216 6475
20231214 6469
20231217 6467
20231214 6469
20231218 6463
20231214 6469
20231219 6458
20231214 6469
20231220 6461
20231214 6469
20231221 6472
20231214 6469
20231222 6470
20231214 6469
20231223 6464
20231214 6469
20231224 6463
20231214 6469
20231225 6460
20231214 6469
20231226 6459
20231214 6469
20231227 6461
20231214 6469
20231230 6460
20231214 6469
20231231 6461
20231214 6469
20240101 6462
20231214 6469
20240102 6460
20231214 6469
20240103 6458
20231214 6469
20240104 6460
20240105 6460
20240106 6480
20240105 6460
20240107 6481
20240105 6460
20240108 6482
20240105 6460
20240109 6483
20240105 6460
20240110 6482
20240105 6460
20240111 6510
20240105 6460
20240112 6511
20240105 6460
20240113 6514
20240105 6460
20240114 6506
20240105 6460
20240115 6502
20240105 6460
20240116 6507
20240105 6460
20240117 6508
20240105 6460
20240118 6515
20240105 6460
20240119 6498
20240105 6460
20240120 6501
20240105 6460
20240121 6502
20240105 6460
20240122 6498
20240124 6498
20240125 6502
20240126 6502
20240127 6515
20240126 6502
20240128 6508
20240129 6508
20240130 6507
20240129 6508
20240131 6504
20240201 6504
20240202 6510
20240201 6504
20240203 6519
20240201 6504
20240204 6524
20240201 6504
20240205 6523
20240201 6504
20240206 6519
20240207 6519
20240208 6522
20240207 6519
20240209 6525
20240207 6519
20240210 6523
20240207 6519
20240211 6529
20240207 6519
20240212 6514
20240207 6519
20240213 6512
20240207 6519
20240214 6511
20240207 6519
20240215 6512
20240207 6519
20240216 6513
20240217 6513
20240218 6512
20240217 6513
20240219 6515
20240217 6513
20240220 6516
20240217 6513
20240221 6520
20240217 6513
20240222 6519
20240217 6513
20240223 6525
20240217 6513
20240224 6520
20240217 6513
20240225 6515
20240217 6513
20240226 6517
20240227 6513
20240217 6513
20240228 6510
20240217 6513
20240229 6507
20240217 6513
20240301 6490
20240217 6513
20240302 6477
20240217 6513
20240303 6471
20240217 6513
20240304 6472
20240305 6472
20240306 6480
20240305 6472
20240307 6486
20240305 6472
20240308 6492
20240305 6472
20240309 6489
20240305 6472
20240310 6488
20240311 6488
20240312 6487
20240313 6487
20240314 6485
20240313 6487
20240315 6479
20240313 6487
20240316 6480
20240313 6487
20240317 6477
20240313 6487
20240318 6475
20240313 6487
20240319 6474
20240313 6487
20240320 6472
20240313 6487
20240321 6466
20240313 6487
20240322 6467
20240313 6487
20240323 6465
20240313 6487
20240324 6466
20240313 6487
20240325 6465
20240313 6487
20240326 6456
20240313 6487
20240327 6457
20240313 6487
20240328 6463
20240313 6487
20240329 6462
20240313 6487
20240330 6465
20240313 6487
20240331 6468
20240313 6487
20240401 6465
20240313 6487
20240402 6464
20240313 6487
20240403 6462
20240313 6487
20240404 6464
20240313 6487
20240405 6461
20240313 6487
20240406 6462
20240313 6487
20240407 6467
20240313 6487
20240408 6466
20240313 6487
20240409 6467
20240313 6487
20240410 6465
20240411 6465
20240412 6466
20240411 6465
20240413 6474
20240411 6465
20240415 6473
20240416 6473
20240417 6476
20240416 6473
20240418 6475
20240416 6473
20240419 6471
20240416 6473
20240420 6466
20240416 6473
20240421 6464
20240416 6473
20240422 6467
20240416 6473
20240423 6470
20240416 6473
20240424 6476
20240416 6473
20240425 6475
20240416 6473
20240426 6476
20240416 6473
20240427 6468
20240416 6473
20240428 6467
20240416 6473
20240429 6463
20240416 6473
20240430 6459
20240416 6473
20240501 6455
20240416 6473
20240503 6467
20240416 6473
20240504 6469
20240416 6473
20240505 6449
20240416 6473
20240506 6446
20240416 6473
20240507 6454
20240416 6473
20240508 6467
20240416 6473
20240509 6461
20240416 6473
20240510 6455
20240416 6473
20240511 6458
20240416 6473
20240512 6447
20240416 6473
20240513 6444
20240416 6473
20240514 6450
20240416 6473
20240515 6436
20240416 6473
20240516 6375
20240416 6473
20240517 6444
20240416 6473
20240518 6459
20240519 6459
20240520 6468
20240519 6459
20240521 6463
20240519 6459
20240522 6462
20240523 6462
20240524 6453
20240525 6453
20240526 6462
20240525 6453
20240527 6465
20240525 6453
20240528 6475
20240525 6453
20240529 6467
20240525 6453
20240530 6464
20240525 6453
20240531 6463
20240525 6453
20240601 6450
20240525 6453
20240602 6447
20240525 6453
20240603 6444
20240525 6453
20240604 6446
20240525 6453
20240605 6419
20240525 6453
20240606 6380
20240525 6453
20240609 6285
20240525 6453
20240611 6236
20240525 6453
20240612 6194
20240613 6194
20240614 6107
20240613 6194
20240615 6080
20240613 6194
20240616 5806
20240613 6194
20240617 5669
20240613 6194
20240618 5604
20240613 6194
20240620 5566
20240613 6194
20240621 5553
20240613 6194
20240622 5537
20240613 6194
20240623 5498
20240613 6194
20240624 5479
20240613 6194
20240626 5422
20240613 6194
20240627 5392
20240613 6194
20240628 5359
20240613 6194
20240629 5339
20240613 6194
20240630 5335
20240613 6194
20240701 5331
20240613 6194
20240702 5325
20240613 6194
20240703 5314
20240613 6194
20240704 5309
20240613 6194
20240705 5304
20240613 6194
20240706 5298
20240613 6194
20240707 5297
20240613 6194
20240708 5293
20240613 6194
20240709 5282
20240613 6194
20240710 5281
20240613 6194
20240711 5274
20240613 6194
20240712 5265
20240613 6194
20240713 5259
20240613 6194
20240714 5251
20240613 6194
20240715 5244
20240613 6194
20240716 5240
20240613 6194
20240717 5242
20240718 5242
20240719 5241
20240718 5242
20240720 5243
20240721 5242
20240718 5242
20240722 5240
20240718 5242
20240723 5241
20240725 5241
20240726 5240
20240725 5241
20240727 5239
20240725 5241
20240728 5237
20240725 5241
20240729 5238
20240725 5241
20240730 5232
20240725 5241
20240731 5231
20240801 5231
20240802 5228
20240801 5231
20240803 5223
20240801 5231
20240804 5217
20240801 5231
20240805 5206
20240801 5231
20240806 5205
20240801 5231
20240807 5200
20240801 5231
20240808 5202
20240801 5231
20240809 5198
20240801 5231
20240810 5204
20240801 5231
20240811 5222
20240812 5222
20240813 5224
20240812 5222
20240814 5233
20240812 5222
20240815 5265
20240812 5222
20240816 5266
20240812 5222
20240817 5272
20240812 5222
20240818 5298
20240812 5222
20240819 5318
20240812 5222
20240820 5338
20240812 5222
20240821 5349
20240812 5222
20240822 5385
20240812 5222
20240823 5429
20240812 5222
20240824 5501
20240812 5222
20240825 5594
20240812 5222
20240826 5662
20240812 5222
20240827 5775
20240812 5222
20240828 5842
20240812 5222
20240829 5909
20240812 5222
20240830 5944
20240812 5222
20240831 5991
20240812 5222
20240901 6118
20240812 5222
20240902 6189
20240812 5222
20240903 6268
20240812 5222
20240904 6302
20240812 5222
20240905 6394
20240812 5222
20240906 6496
20240812 5222
20240907 6604
20240812 5222
20240908 6651
20240812 5222
20240909 6668
20240812 5222
20240910 6770
20240812 5222
20240911 6892
20240812 5222
20240912 7031
20240812 5222
20240913 7072
20240812 5222
20240914 7160
20240812 5222
20240915 7333
20240812 5222
20240916 7502
20240812 5222
20240917 7703
20240812 5222
20240918 8036
20240812 5222
20240919 8336
20240812 5222
20240920 8618
20240812 5222
20240921 8903
20240812 5222
20240921 8992
20240922 8992
