20230707 5914
20230709 5901
20230710 5898
20230711 5898
20230712 5894
20230711 5898
20230713 5890
20230711 5898
20230714 5891
20230711 5898
20230715 5897
20230711 5898
20230716 5893
20230717 5893
20230718 5891
20230717 5893
20230719 5892
20230717 5893
20230720 5889
20230717 5893
20230721 5887
20230717 5893
20230722 5884
20230723 5884
20230724 5882
20230725 5882
20230726 5888
20230725 5882
20230727 5894
20230725 5882
20230728 5899
20230725 5882
20230729 5911
20230725 5882
20230730 5928
20230725 5882
20230731 5936
20230725 5882
20230801 5934
20230802 5934
20230803 5941
20230802 5934
20230804 5935
20230802 5934
20230805 5937
20230802 5934
20230806 5935
20230802 5934
20230807 5937
20230802 5934
20230808 5941
20230802 5934
20230809 5944
20230802 5934
20230810 5953
20230802 5934
20230811 5957
20230813 5957
20230815 5964
20230813 5957
20230816 5967
20230813 5957
20230817 5972
20230813 5957
20230818 5979
20230813 5957
20230819 5971
20230813 5957
20230820 5972
20230813 5957
20230821 5971
20230813 5957
20230822 5984
20230813 5957
20230823 5989
20230813 5957
20230824 5990
20230813 5957
20230825 5994
20230813 5957
20230826 5997
20230813 5957
20230827 5998
20230813 5957
20230828 5999
20230813 5957
20230829 5997
20230813 5957
20230830 5999
20230813 5957
20230831 5997
20230813 5957
20230901 5992
20230902 5992
20230903 5987
20230902 5992
20230904 5984
20230902 5992
20230905 5982
20230902 5992
20230906 5991
20230902 5992
20230907 6015
20230902 5992
20230908 6014
20230902 5992
20230909 6010
20230902 5992
20230910 6009
20230902 5992
20230911 5977
20230902 5992
20230912 5963
20230902 5992
20230913 5960
20230902 5992
20230914 5962
20230902 5992
20230915 5965
20230902 5992
20230916 5963
20230902 5992
20230917 5959
20230902 5992
20230918 5955
20230902 5992
20230919 5956
20230902 5992
20230920 5710
20230902 5992
20230921 5706
20230902 5992
20230922 5705
20230902 5992
20230923 5707
20230902 5992
20230924 5702
20230902 5992
20230925 5703
20230902 5992
20230926 5710
20230902 5992
20230927 5711
20230902 5992
20230928 5712
20230902 5992
20230929 5698
20230902 5992
20230930 5706
20230902 5992
20231001 5703
20230902 5992
20231002 5701
20230902 5992
20231003 5713
20230902 5992
20231005 5718
20230902 5992
20231007 5711
20230902 5992
20231008 5717
20230902 5992
20231009 5727
20230902 5992
20231010 5733
20230902 5992
20231011 5736
20230902 5992
20231012 5737
20230902 5992
20231013 5738
20230902 5992
20231014 5742
20230902 5992
20231015 5740
20230902 5992
20231016 5743
20230902 5992
20231017 5749
20230902 5992
20231018 5753
20230902 5992
20231019 5754
20230902 5992
20231020 5756
20230902 5992
20231021 5761
20230902 5992
20231022 5762
20230902 5992
20231023 5776
20230902 5992
20231024 5810
20230902 5992
20231025 5941
20230902 5992
20231026 5949
20230902 5992
20231027 5945
20230902 5992
20231028 5943
20230902 5992
20231029 5946
20230902 5992
20231030 5948
20230902 5992
20231031 5944
20230902 5992
20231101 5945
20230902 5992
20231102 5937
20230902 5992
20231103 5934
20230902 5992
20231104 5937
20230902 5992
20231105 5941
20230902 5992
20231106 5947
20230902 5992
20231107 5950
20230902 5992
20231108 5947
20230902 5992
20231109 5946
20230902 5992
20231110 5942
20230902 5992
20231111 5939
20230902 5992
20231112 5940
20230902 5992
20231113 5939
20230902 5992
20231114 5938
20230902 5992
20231115 5934
20230902 5992
20231116 5943
20230902 5992
20231117 5941
20230902 5992
20231118 5954
20231120 5954
20231121 5955
20231120 5954
20231122 5958
20231120 5954
20231123 5953
20231120 5954
20231124 5948
20231120 5954
20231125 5938
20231120 5954
20231126 5939
20231120 5954
20231127 5944
20231120 5954
20231128 5945
20231120 5954
20231129 5955
20231120 5954
20231130 5956
20231120 5954
20231201 5969
20231120 5954
20231202 5972
20231120 5954
20231203 5978
20231120 5954
20231204 5979
20231120 5954
20231205 5981
20231120 5954
20231206 5979
20231207 5979
20231208 5983
20231207 5979
20231209 5991
20231207 5979
20231210 6001
20231207 5979
20231211 6022
20231207 5979
20231212 6024
20231207 5979
20231213 6045
20231207 5979
20231214 6053
20231207 5979
20231215 6057
20231207 5979
20231216 6064
20231207 5979
20231217 6063
20231207 5979
20231218 6060
20231207 5979
20231219 6063
20231207 5979
20231220 6058
20231207 5979
20231221 6063
20231207 5979
20231222 6060
20231207 5979
20231223 6065
20231224 6065
20231225 6068
20231226 6065
20231224 6065
20231227 6057
20231224 6065
20231230 6056
20231224 6065
20231231 6052
20240101 6052
20240102 6047
20240101 6052
20240103 6043
20240101 6052
20240104 6046
20240101 6052
20240105 6049
20240101 6052
20240106 6064
20240101 6052
20240107 6095
20240101 6052
20240108 6134
20240101 6052
20240109 6249
20240110 6249
20240111 6289
20240110 6249
20240112 6291
20240110 6249
20240113 6302
20240110 6249
20240114 6298
20240110 6249
20240115 6312
20240110 6249
20240116 6308
20240110 6249
20240117 6323
20240110 6249
20240118 6329
20240110 6249
20240119 6323
20240110 6249
20240120 6329
20240110 6249
20240121 6338
20240110 6249
20240122 6347
20240110 6249
20240124 6417
20240110 6249
20240125 6432
20240110 6249
20240126 6445
20240110 6249
20240127 6482
20240110 6249
20240128 6484
20240110 6249
20240129 6487
20240110 6249
20240130 6526
20240110 6249
20240131 6539
20240110 6249
20240201 6555
20240110 6249
20240202 6593
20240110 6249
20240203 6596
20240110 6249
20240204 6612
20240110 6249
20240205 6631
20240110 6249
20240206 6696
20240110 6249
20240207 6701
20240208 6701
20240209 6718
20240208 6701
20240210 6719
20240208 6701
20240211 6721
20240208 6701
20240212 6719
20240208 6701
20240213 6722
20240214 6722
20240215 6749
20240214 6722
20240216 6751
20240214 6722
20240217 6750
20240218 6750
20240219 6766
20240218 6750
20240220 6767
20240221 6767
20240222 6775
20240221 6767
20240223 6776
20240221 6767
20240224 6772
20240221 6767
20240225 6781
20240221 6767
20240226 6779
20240221 6767
20240227 6781
20240221 6767
20240228 6779
20240221 6767
20240229 6787
20240221 6767
20240301 6785
20240221 6767
20240302 6784
20240303 6784
20240304 6783
20240303 6784
20240305 6798
20240303 6784
20240306 6801
20240303 6784
20240307 6797
20240303 6784
20240308 6798
20240309 6798
20240310 6790
20240309 6798
20240311 6837
20240309 6798
20240312 6878
20240309 6798
20240313 6892
20240309 6798
20240314 6904
20240309 6798
20240315 6905
20240309 6798
20240316 6903
20240309 6798
20240317 6915
20240309 6798
20240318 6960
20240309 6798
20240319 6949
20240309 6798
20240320 6957
20240309 6798
20240321 6953
20240309 6798
20240322 6952
20240309 6798
20240323 6977
20240309 6798
20240324 6974
20240309 6798
20240325 6975
20240309 6798
20240326 6991
20240309 6798
20240327 6990
20240309 6798
20240328 7013
20240309 6798
20240329 7015
20240309 6798
20240330 7031
20240309 6798
20240331 7073
20240309 6798
20240401 7070
20240309 6798
20240402 7117
20240309 6798
20240403 7149
20240309 6798
20240404 7234
20240309 6798
20240405 7287
20240309 6798
20240406 7342
20240309 6798
20240407 7423
20240309 6798
20240408 7492
20240309 6798
20240409 7508
20240309 6798
20240410 7539
20240309 6798
20240411 7636
20240309 6798
20240412 7656
20240309 6798
20240413 7664
20240309 6798
20240415 7662
20240309 6798
20240416 7682
20240309 6798
20240417 7694
20240309 6798
20240418 7713
20240309 6798
20240419 7732
20240309 6798
20240420 7711
20240309 6798
20240421 7752
20240309 6798
20240422 7745
20240309 6798
20240423 7744
20240309 6798
20240424 7760
20240309 6798
20240425 7763
20240309 6798
20240426 7798
20240309 6798
20240427 7776
20240309 6798
20240428 7768
20240309 6798
20240429 7772
20240309 6798
20240430 7776
20240309 6798
20240501 7782
20240309 6798
20240503 7814
20240309 6798
20240504 7834
20240309 6798
20240505 7883
20240506 7883
20240507 7882
20240506 7883
20240508 7881
20240506 7883
20240509 7879
20240506 7883
20240510 7882
20240506 7883
20240511 7879
20240506 7883
20240512 7880
20240506 7883
20240513 7878
20240506 7883
20240514 7881
20240506 7883
20240515 7878
20240506 7883
20240516 7881
20240506 7883
20240517 7879
20240506 7883
20240518 7881
20240519 7881
20240520 7888
20240519 7881
20240521 7885
20240519 7881
20240522 7883
20240523 7883
20240524 7886
20240523 7883
20240525 7882
20240523 7883
20240526 7881
20240523 7883
20240527 7880
20240523 7883
20240528 7879
20240523 7883
20240529 7886
20240531 7886
20240601 7866
20240531 7886
20240602 7854
20240531 7886
20240603 7825
20240531 7886
20240604 7813
20240606 7813
20240609 7807
20240606 7813
20240611 7806
20240606 7813
20240612 7805
20240613 7805
20240614 7802
20240613 7805
20240615 7804
20240613 7805
20240616 7797
20240617 7797
20240618 7795
20240617 7797
20240620 7793
20240617 7797
20240621 7794
20240617 7797
20240622 7791
20240617 7797
20240623 7786
20240617 7797
20240624 7783
20240617 7797
20240626 7785
20240617 7797
20240627 7786
20240617 7797
20240628 7775
20240617 7797
20240629 7772
20240617 7797
20240630 7774
20240617 7797
20240701 7773
20240617 7797
20240702 7762
20240617 7797
20240703 7757
20240617 7797
20240704 7769
20240617 7797
20240705 7777
20240617 7797
20240706 7780
20240617 7797
20240707 7776
20240617 7797
20240708 7774
20240617 7797
20240709 7772
20240617 7797
20240710 7777
20240617 7797
20240711 7775
20240712 7775
20240713 7778
20240712 7775
20240714 7805
20240712 7775
20240715 7802
20240712 7775
20240716 7798
20240712 7775
20240717 7799
20240712 7775
20240718 7797
20240712 7775
20240719 7809
20240712 7775
20240720 7817
20240712 7775
20240721 7814
20240722 7814
20240723 7811
20240724 7811
20240725 7818
20240724 7811
20240726 7814
20240727 7814
20240728 7809
20240727 7814
20240729 7807
20240727 7814
20240730 7808
20240727 7814
20240731 7809
20240727 7814
20240801 7841
20240727 7814
20240802 7836
20240727 7814
20240803 7820
20240727 7814
20240804 7822
20240727 7814
20240805 7797
20240727 7814
20240806 7795
20240727 7814
20240807 7790
20240727 7814
20240808 7799
20240727 7814
20240809 7795
20240727 7814
20240810 7798
20240727 7814
20240811 7803
20240727 7814
20240812 7813
20240727 7814
20240813 7816
20240727 7814
20240814 7820
20240727 7814
20240815 7852
20240727 7814
20240816 7860
20240727 7814
20240817 7889
20240727 7814
20240818 7902
20240727 7814
20240819 7923
20240727 7814
20240820 7938
20240727 7814
20240821 8063
20240727 7814
20240822 8172
20240727 7814
20240823 8276
20240727 7814
20240824 8382
20240727 7814
20240825 8462
20240727 7814
20240826 8548
20240727 7814
20240827 8718
20240727 7814
20240828 8822
20240727 7814
20240829 8982
20240727 7814
20240830 9022
20240727 7814
20240831 9147
20240727 7814
20240901 9317
20240727 7814
20240902 9468
20240727 7814
20240903 9654
20240727 7814
20240904 9820
20240727 7814
20240905 9927
20240727 7814
20240906 10123
20240727 7814
20240907 10419
20240727 7814
20240908 10605
20240727 7814
20240909 10812
20240727 7814
20240910 11006
20240727 7814
20240911 11225
20240727 7814
20240912 11476
20240727 7814
20240913 11767
20240727 7814
20240914 11999
20240727 7814
20240915 12178
20240727 7814
20240916 12436
20240727 7814
20240917 12736
20240727 7814
20240918 12973
20240727 7814
20240919 13324
20240727 7814
20240920 13678
20240727 7814
20240921 13943
20240727 7814
20240921 14124
20240922 14124
