20230707 94622
20230709 94932
20230710 95414
20230711 95555
20230712 95637
20230713 95621
20230714 95556
20230715 95565
20230716 95812
20230717 95946
20230718 96102
20230719 96204
20230720 96276
20230721 96472
20230722 96574
20230723 96793
20230724 97094
20230725 97039
20230726 97214
20230727 97285
20230728 97440
20230729 97324
20230730 97441
20230731 97387
20230801 97386
20230802 97513
20230803 97507
20230804 97188
20230805 97424
20230806 97517
20230807 97770
20230808 97825
20230809 97927
20230810 97782
20230811 98138
20230812 98356
20230813 98471
20230815 99079
20230816 99358
20230817 99701
20230818 99916
20230819 100139
20230820 100388
20230821 100658
20230822 100982
20230823 101210
20230824 101376
20230825 101627
20230826 101794
20230827 102122
20230828 102379
20230829 102557
20230830 102611
20230831 102669
20230901 102692
20230902 102809
20230903 102972
20230904 103118
20230905 103248
20230906 103278
20230907 103940
20230908 103977
20230909 103900
20230910 103983
20230911 104092
20230912 104135
20230913 104360
20230914 104452
20230915 104446
20230916 104529
20230917 104620
20230918 104612
20230919 104649
20230920 104649
20230921 105004
20230922 105331
20230923 105467
20230924 105514
20230925 105498
20230926 105596
20230927 105687
20230928 105738
20230929 105823
20230930 105957
20231001 105894
20231002 106019
