20230707 35254
20230709 35256
20230710 35253
20230711 35256
20230712 35264
20230713 35263
20230714 35264
20230715 35258
20230716 35252
20230717 35255
20230718 35263
20230719 35275
20230720 35286
20230721 35295
20230722 35290
20230723 35279
20230724 35277
20230725 35286
20230726 35284
20230727 35289
20230728 35283
20230729 35283
20230730 35275
20230731 35270
20230801 35272
20230802 35280
20230803 35284
20230804 35298
20230805 35292
20230806 35283
20230807 35281
20230808 35283
20230809 35287
20230810 35295
20230811 35295
20230812 35287
20230813 35277
20230815 35264
20230816 35271
20230817 35273
20230818 35267
20230819 35269
20230820 35270
