20230707 126
20230709 126
20230710 126
20230711 126
20230712 126
20230714 126
20230715 127
20230716 128
20230717 128
20230718 128
20230719 128
20230720 128
20230721 128
20230722 128
20230723 128
20230724 128
20230725 128
20230726 128
20230727 128
20230728 128
20230729 128
20230730 128
20230731 126
20230801 125
20230802 125
20230803 125
20230804 125
20230805 124
20230806 124
20230807 124
20230808 124
20230809 124
20230810 124
20230811 124
20230812 125
20230813 125
20230815 125
20230816 125
20230817 125
20230818 125
20230819 125
20230820 125
20230821 124
20230822 124
20230823 124
20230824 124
20230825 124
20230826 124
20230827 124
