20230707 67485
20230709 67528
20230710 67547
20230711 67576
20230712 67664
20230713 67760
20230714 67818
20230715 67841
20230716 67820
20230717 67821
20230718 67842
20230719 67867
20230720 67931
20230721 67970
20230722 67984
20230723 68001
20230724 68019
20230725 68028
20230726 68083
20230727 68152
20230728 68188
20230729 68279
20230730 68310
20230731 68348
20230801 68366
20230802 68411
20230803 68469
20230804 68500
20230805 68563
20230806 68583
20230807 68631
20230808 68700
20230809 68753
20230810 68807
20230811 68848
20230812 68899
20230813 68929
20230815 69029
20230816 69040
20230817 69117
20230818 69193
20230819 69253
20230820 69286
20230821 69318
20230822 69407
20230823 69440
20230824 69449
20230825 69469
20230826 69519
20230827 69546
20230828 69542
20230829 69563
20230830 69598
20230831 69651
20230901 69711
20230902 69734
20230903 69745
20230904 69749
20230905 69765
20230906 69778
20230907 69815
20230908 69840
20230909 69836
20230910 69743
20230911 69704
20230912 69745
20230913 69787
20230914 69836
20230915 69853
20230916 69891
20230917 69895
20230918 69908
20230919 69926
20230920 65752
20230921 65867
20230922 65890
20230923 65902
20230924 65880
20230925 65870
20230926 65848
20230927 65845
20230928 65833
20230929 65824
20230930 65824
20231001 65794
20230930 65824
20231002 65788
20230930 65824
20231003 65819
20230930 65824
20231005 65810
20230930 65824
20231007 65814
20230930 65824
20231008 65841
20230930 65824
20231009 65850
20230930 65824
20231010 65834
20230930 65824
20231011 65866
20230930 65824
20231012 65911
20230930 65824
20231013 65946
20230930 65824
20231014 65963
20230930 65824
20231015 65954
20230930 65824
20231016 65941
20230930 65824
20231017 65964
20230930 65824
20231018 65978
20230930 65824
20231019 66014
20230930 65824
20231020 66027
20230930 65824
20231021 66039
20230930 65824
20231022 66046
20230930 65824
20231023 66045
20230930 65824
20231024 66060
20230930 65824
20231025 66087
20230930 65824
20231026 66113
20230930 65824
20231027 66127
20230930 65824
20231028 66124
20230930 65824
20231029 66122
20230930 65824
20231030 66141
20230930 65824
20231031 66170
20230930 65824
20231101 66195
20230930 65824
20231102 66205
20230930 65824
20231103 66261
20230930 65824
20231104 66335
20230930 65824
20231105 66304
20230930 65824
20231106 66320
20230930 65824
20231107 66350
20230930 65824
20231108 66400
20230930 65824
20231109 66410
20230930 65824
20231110 66456
20230930 65824
20231111 66472
20230930 65824
20231112 66459
20230930 65824
20231113 66408
20230930 65824
20231114 66467
20230930 65824
20231115 66491
20230930 65824
20231116 66484
20230930 65824
20231117 66504
20230930 65824
20231118 66487
20230930 65824
20231120 66407
20230930 65824
20231121 66420
20230930 65824
20231122 66436
20230930 65824
20231123 66465
20230930 65824
20231124 66464
20230930 65824
20231125 66489
20230930 65824
20231126 66452
20230930 65824
20231127 66524
20230930 65824
20231128 66552
20230930 65824
20231129 66551
20230930 65824
20231130 66555
20230930 65824
20231201 66569
20230930 65824
20231202 66611
20230930 65824
20231203 66584
20230930 65824
20231204 66602
20230930 65824
20231205 66610
20230930 65824
20231206 66593
20230930 65824
20231207 66590
20230930 65824
20231208 66609
20230930 65824
20231209 66588
20230930 65824
20231210 66553
20230930 65824
20231211 66458
20230930 65824
20231212 66447
20230930 65824
20231213 66437
20230930 65824
20231214 66407
20230930 65824
20231215 66393
20230930 65824
20231216 66362
20230930 65824
20231217 66311
20230930 65824
20231218 66225
20230930 65824
20231219 66135
20230930 65824
20231220 66092
20230930 65824
20231221 66020
20230930 65824
20231222 66018
20230930 65824
20231223 65980
20230930 65824
20231224 65905
20230930 65824
20231225 65854
20230930 65824
20231226 65791
20230930 65824
20231227 65783
20230930 65824
20231230 65596
20230930 65824
20231231 65574
20230930 65824
20240101 65507
20230930 65824
20240102 65479
20230930 65824
20240103 65495
20230930 65824
20240104 65512
20230930 65824
20240105 65528
20230930 65824
20240106 65526
20230930 65824
20240107 65512
20230930 65824
20240108 65423
20230930 65824
20240109 65484
20230930 65824
20240110 65522
20230930 65824
20240111 65564
20230930 65824
20240112 65611
20230930 65824
20240113 65627
20230930 65824
20240114 65668
20230930 65824
20240115 65678
20230930 65824
20240116 65696
20230930 65824
20240117 65754
20230930 65824
20240118 65797
20230930 65824
20240119 65836
20230930 65824
20240120 65880
20230930 65824
20240121 65917
20230930 65824
20240122 65961
20230930 65824
20240124 66080
20230930 65824
20240125 66062
20230930 65824
20240126 66083
20230930 65824
20240127 66094
20230930 65824
20240128 66120
20230930 65824
20240129 66139
20230930 65824
20240130 66151
20230930 65824
20240131 66196
20230930 65824
20240201 66256
20230930 65824
20240202 66333
20230930 65824
20240203 66374
20230930 65824
20240204 66394
20230930 65824
20240205 66428
20230930 65824
20240206 66197
20230930 65824
20240207 66223
20230930 65824
20240208 66285
20230930 65824
20240209 66293
20230930 65824
20240210 66294
20230930 65824
20240211 66308
20230930 65824
20240212 66296
20230930 65824
20240213 66332
20230930 65824
20240214 66343
20230930 65824
20240215 66417
20230930 65824
20240216 66443
20230930 65824
20240217 66485
20230930 65824
20240218 66493
20230930 65824
20240219 66690
20230930 65824
20240220 66728
20230930 65824
20240221 66752
20230930 65824
20240222 66902
20230930 65824
20240223 66935
20230930 65824
20240224 67007
20230930 65824
20240225 67016
20230930 65824
20240226 66982
20230930 65824
20240227 67002
20230930 65824
20240228 67033
20230930 65824
20240229 67040
20230930 65824
20240301 67088
20230930 65824
20240302 67137
20230930 65824
20240303 67187
20230930 65824
20240304 67230
20230930 65824
20240305 67400
20230930 65824
20240306 67454
20230930 65824
20240307 67560
20230930 65824
20240308 67621
20230930 65824
20240309 67675
20230930 65824
20240310 67685
20230930 65824
20240311 67694
20230930 65824
20240312 67747
20230930 65824
20240313 67819
20230930 65824
20240314 67862
20230930 65824
20240315 67889
20230930 65824
20240316 67959
20230930 65824
20240317 67985
20230930 65824
20240318 68084
20230930 65824
20240319 68130
20230930 65824
20240320 68191
20230930 65824
20240321 68318
20230930 65824
20240322 68370
20230930 65824
20240323 68389
20230930 65824
20240324 68384
20230930 65824
20240325 68388
20230930 65824
20240326 68455
20230930 65824
20240327 68474
20230930 65824
20240328 68526
20230930 65824
20240329 68557
20230930 65824
20240330 68558
20230930 65824
20240331 68613
20230930 65824
20240401 68625
20230930 65824
20240402 68635
20230930 65824
20240403 68627
20230930 65824
20240404 68637
20240405 68637
20240406 68613
20240405 68637
20240407 68585
20240405 68637
20240408 68592
20240405 68637
20240409 68576
20240405 68637
20240410 68499
20240405 68637
20240411 68459
20240405 68637
20240412 68475
20240405 68637
20240413 68421
20240405 68637
20240415 68272
20240405 68637
20240416 68248
20240405 68637
20240417 68227
20240405 68637
20240418 68173
20240405 68637
20240419 68124
20240405 68637
20240420 68086
20240405 68637
20240421 68019
20240405 68637
20240422 67967
20240405 68637
20240423 67945
20240405 68637
20240424 67882
20240405 68637
20240425 67841
20240405 68637
20240426 67797
20240405 68637
20240427 67759
20240405 68637
20240428 67729
20240405 68637
20240429 67683
20240405 68637
20240430 67609
20240405 68637
20240501 67573
20240405 68637
20240503 67463
20240405 68637
20240504 67411
20240405 68637
20240505 67342
20240405 68637
20240506 67244
20240405 68637
20240507 67154
20240405 68637
20240508 67101
20240405 68637
20240509 66887
20240405 68637
20240510 66858
20240405 68637
20240511 66877
20240405 68637
20240512 66830
20240405 68637
20240513 66814
20240405 68637
20240514 66778
20240405 68637
20240515 66745
20240405 68637
20240516 66707
20240405 68637
20240517 66684
20240405 68637
20240518 66649
20240405 68637
20240519 66637
20240405 68637
20240520 66578
20240405 68637
20240521 66579
20240405 68637
20240522 66513
20240405 68637
20240523 66469
20240405 68637
20240524 66549
20240405 68637
20240525 66537
20240405 68637
20240526 66491
20240405 68637
20240527 66444
20240405 68637
20240528 66424
20240405 68637
20240529 66410
20240405 68637
20240530 66360
20240405 68637
20240531 66332
20240405 68637
20240601 66311
20240405 68637
20240602 66247
20240405 68637
20240603 66165
20240405 68637
20240604 66175
20240605 66175
20240606 66097
20240605 66175
20240609 65993
20240605 66175
20240611 65921
20240605 66175
20240612 65933
20240605 66175
20240613 65952
20240605 66175
20240614 65944
20240605 66175
20240615 65931
20240605 66175
20240616 65959
20240605 66175
20240617 65896
20240605 66175
20240618 65883
20240605 66175
20240620 65804
20240605 66175
20240621 65780
20240605 66175
20240622 65713
20240605 66175
20240623 65668
20240605 66175
20240624 65560
20240605 66175
20240626 65285
20240627 65285
20240628 65311
20240627 65285
20240629 65213
20240627 65285
20240630 65152
20240627 65285
20240701 65077
20240627 65285
20240702 65021
20240627 65285
20240703 64959
20240627 65285
20240704 64912
20240627 65285
20240705 64898
20240627 65285
20240706 64876
20240627 65285
20240707 64805
20240627 65285
20240708 64785
20240627 65285
20240709 64726
20240627 65285
20240710 64689
20240627 65285
20240711 64655
20240627 65285
20240712 64602
20240627 65285
20240713 64681
20240627 65285
20240714 64659
20240627 65285
20240715 64570
20240627 65285
20240716 64471
20240627 65285
20240717 64412
20240627 65285
20240718 64350
20240627 65285
20240719 64242
20240627 65285
20240720 64100
20240627 65285
20240721 64009
20240627 65285
20240722 63957
20240627 65285
20240723 63901
20240724 63901
20240725 63779
20240724 63901
20240726 63712
20240724 63901
20240727 63653
20240724 63901
20240728 63574
20240724 63901
20240729 63525
20240724 63901
20240730 63445
20240724 63901
20240731 63395
20240724 63901
20240801 63301
20240724 63901
20240802 63273
20240724 63901
20240803 63178
20240724 63901
20240804 63101
20240724 63901
20240805 62986
20240724 63901
20240806 62919
20240724 63901
20240807 62855
20240724 63901
20240808 63235
20240724 63901
20240809 63219
20240724 63901
20240810 63195
20240724 63901
20240811 63141
20240724 63901
20240812 63116
20240724 63901
20240813 63090
20240724 63901
20240814 63059
20240724 63901
20240815 63052
20240724 63901
20240816 63022
20240724 63901
20240817 62981
20240724 63901
20240818 62911
20240724 63901
20240819 62860
20240724 63901
20240820 62835
20240724 63901
20240821 62745
20240724 63901
20240822 62705
20240724 63901
20240823 62701
20240724 63901
20240824 62719
20240724 63901
20240825 62691
20240724 63901
20240826 62679
20240724 63901
20240827 62655
20240724 63901
20240828 62632
20240724 63901
20240829 62642
20240724 63901
20240830 62602
20240724 63901
20240831 62595
20240724 63901
20240901 62561
20240724 63901
20240902 62506
20240724 63901
20240903 62487
20240724 63901
20240904 62449
20240724 63901
20240905 62423
20240724 63901
20240906 62380
20240724 63901
20240907 62332
20240724 63901
20240908 62282
20240724 63901
20240909 62236
20240724 63901
20240910 62201
20240724 63901
20240911 62171
20240724 63901
20240912 62142
20240724 63901
20240913 62119
20240724 63901
20240914 62089
20240724 63901
20240915 62061
20240724 63901
20240916 62026
20240724 63901
20240917 62001
20240724 63901
20240918 61969
20240724 63901
20240919 61964
20240724 63901
20240920 61977
20240724 63901
20240921 61951
20240724 63901
20240921 61955
20240724 63901
20240922 61951
20240724 63901
20240925 61891
20240724 63901
20240926 61839
20240724 63901
20240927 61802
20240724 63901
20240928 61790
20240928 61790
