20230708 476
20230710 476
20230711 475
20230717 475
20230718 476
20230804 476
20230805 478
20230814 478
20230815 479
20230822 479
20230823 478
20230825 478
20230826 479
20230828 479
20230829 480
20230907 480
20230908 481
20230915 481
20230916 482
20230923 482
20230924 483
20231009 483
20231010 484
20231031 484
20231101 485
20231107 485
20231108 486
20231124 486
20231125 487
20231202 487
20231203 489
20231206 489
20231207 490
20231210 490
20231210 491
20240117 491
20240118 492
20240122 492
20240124 493
20240127 493
20240128 494
20240227 494
20240228 495
20240309 495
20240310 497
20240322 497
20240323 496
20240412 496
20240413 497
20240424 497
20240425 498
20240524 498
20240525 499
20240527 499
20240528 500
20240606 500
20240609 502
20240613 503
20240624 503
20240626 504
20240627 505
20240628 505
20240629 505
20240630 505
20240701 505
20240702 505
20240703 505
20240704 505
20240705 505
20240706 505
20240707 505
20240708 505
20240709 505
20240710 505
20240711 505
20240712 505
20240713 505
20240714 505
20240715 505
20240716 505
20240717 505
20240718 505
20240719 505
20240720 505
20240721 505
20240722 505
20240723 505
20240724 505
20240725 505
20240726 505
20240727 505
20240728 505
20240729 505
20240730 505
20240731 505
20240801 505
20240802 505
20240803 506
20240804 506
