20230922 2097
20230924 2100
20230925 2098
20230926 2105
20230927 2097
20230928 2099
20230929 2099
20230930 2106
20231001 2106
20231002 2106
20231003 2106
20231005 2102
20231007 2105
20231008 2105
20231009 2111
20231010 2103
20231011 2102
20231012 2105
20231013 2112
20231014 2110
20231015 2112
20231016 2110
20231017 2110
20231018 2107
20231019 2107
20231020 2109
20231021 2115
20231022 2134
20231023 2136
20231024 2129
20231025 2128
20231026 2126
20231027 2130
20231028 2131
20231029 2128
20231030 2126
20231031 2125
20231101 2126
20231102 2126
20231103 2127
20231104 2127
20231105 2122
20231106 2117
20231107 2115
20231108 2115
20231109 2110
20231110 2115
20231111 2116
20231112 2116
20231113 2118
20231114 2118
20231115 2117
20231116 2116
20231117 2117
20231118 2121
20231120 2118
20231121 2119
20231122 2122
20231123 2122
20231124 2126
20231125 2130
20231126 2129
20231127 2128
20231128 2130
20231129 2127
20231130 2127
20231201 2130
20231202 2130
20231203 2132
20231204 2136
20231205 2136
20231206 2136
20231207 2132
20231208 2133
20231209 2139
20231210 2138
20231211 2137
20231212 2138
20231213 2136
20231214 2136
20231215 2139
20231216 2145
20231217 2148
20231218 2146
20231219 2147
20231220 2146
20231221 2148
20231222 2150
20231223 2152
20231224 2152
20231225 2153
20231226 2153
20231227 2152
20231230 2154
20231231 2149
20240101 2147
20240102 2151
20240103 2151
