20230707 229777
20230710 230012
20230711 229868
20230712 229839
20230713 229860
20230714 229882
20230715 229808
20230716 229864
20230717 229968
20230718 229883
20230719 229994
20230720 230014
20230721 230080
20230722 230022
20230723 230078
20230724 230150
20230725 229985
20230726 230011
20230727 230028
20230728 230072
20230729 230071
20230730 230158
20230731 230184
20230801 230106
20230802 230203
20230803 230273
20230804 230320
20230805 230332
20230806 230341
20230807 230408
20230808 230337
20230809 230409
20230810 230461
20230811 230550
20230812 230542
20230813 230564
20230815 230476
20230816 230533
20230817 230546
20230818 230546
20230819 230479
20230820 230560
20230821 230618
20230822 230577
20230823 230688
20230824 230757
20230825 230783
20230826 230781
20230827 230824
20230828 230881
20230829 230753
20230830 230863
20230831 230900
20230901 231025
20230902 230940
20230903 230936
20230904 231020
20230905 230942
20230906 230963
20230907 230878
20230908 230906
20230909 230920
20230910 230955
20230911 231010
20230912 230883
20230913 230946
20230914 231000
20230915 231053
20230916 231006
20230917 231011
20230918 231150
20230919 231082
20230920 231158
20230921 231255
20230922 231199
20230923 231105
20230924 231133
20230925 231216
20230926 231210
20230927 231207
20230928 231256
20230929 231301
20230930 231228
