20230707 117140
20230709 117114
20230710 117120
20230711 117165
20230712 117206
20230713 117227
20230714 117246
20230715 117264
20230716 117254
20230717 117226
20230718 117254
20230719 117280
20230720 117286
20230721 117309
20230722 117370
20230723 117382
20230724 117368
20230725 117387
20230726 117428
20230727 117412
20230728 117339
20230729 117296
20230730 117250
20230731 116879
20230801 116874
20230802 116808
20230803 116870
20230804 116762
20230805 116785
20230806 116732
20230807 116653
20230808 116721
20230809 116781
20230810 116819
20230811 116805
20230812 116825
20230813 116774
20230815 116720
20230816 116734
20230817 116793
20230818 116811
20230819 116805
20230820 116748
20230821 116767
20230822 116773
20230823 116818
20230824 116870
20230825 116873
20230826 116907
20230827 116884
20230828 116882
