20230707 539
20230709 538
20230710 537
20230711 534
20230712 531
20230713 529
20230714 527
20230717 527
20230718 528
20230719 528
20230720 527
20230722 527
20230723 528
20230724 528
20230725 527
20230730 527
20230731 526
20230801 526
20230802 525
20230805 525
20230806 526
20230808 526
20230809 527
20230810 527
20230811 526
20230815 526
20230816 528
20230822 528
20230823 527
20230825 527
20230826 528
20230831 528
20230901 527
20230902 526
20230903 525
20230911 525
20230912 528
20230913 529
20230914 529
20230915 531
20230916 531
20230917 530
20230918 530
20230919 531
20230920 526
20230921 526
20230922 525
20230923 524
20230924 524
20230925 523
20230926 521
20230927 522
20230928 522
20230929 521
20231001 521
20231002 522
20231003 523
20231005 523
20231007 524
20231008 523
20231009 524
20231010 525
20231012 525
20231013 524
20231018 524
20231019 522
20231020 522
20231021 523
20231022 523
20231023 522
20231027 522
20231028 521
20231029 521
20231030 520
20231031 519
20231101 518
20231102 518
20231103 517
20231104 516
20231105 515
20231107 515
20231108 513
20231110 513
20231111 514
20231112 515
20231113 513
20231115 513
20231116 514
20231118 514
20231120 515
20231121 515
20231122 514
20231123 513
20231124 514
20231125 516
20231126 515
20231127 514
20231128 514
20231129 515
20231130 515
20231201 516
20231203 516
20231204 517
20231205 517
20231206 518
20231208 518
20231209 519
20231210 530
20231211 530
20231212 534
20231213 542
20231214 543
20231215 543
20231216 545
20231217 545
20231218 544
20231223 544
20231224 543
20231225 547
20231226 547
20231227 548
20240102 548
20240103 547
20240104 547
20240105 546
20240106 585
20240109 585
20240110 586
20240111 585
20240115 585
20240116 586
20240125 586
20240126 585
20240127 591
20240128 591
20240129 592
20240130 598
20240131 600
20240201 603
20240202 604
20240203 606
20240204 608
20240205 609
20240206 609
20240207 613
20240208 614
20240209 614
20240210 615
20240213 615
20240214 614
20240217 614
20240218 613
20240219 614
20240220 614
20240221 615
20240227 615
20240228 614
20240229 614
20240301 615
20240303 615
20240304 614
20240305 614
20240306 615
20240307 616
20240309 616
20240310 615
20240311 614
20240312 614
20240313 612
20240314 611
20240315 612
20240316 613
20240319 613
20240320 614
20240321 614
20240322 615
20240324 615
20240325 614
20240330 614
20240331 613
20240401 612
20240402 612
20240403 611
20240404 612
20240405 609
20240413 609
20240415 610
20240419 610
20240420 611
20240421 612
20240423 612
20240424 610
20240425 608
20240426 608
20240427 609
20240428 607
20240429 609
20240501 609
20240503 610
20240509 610
20240510 609
20240511 611
20240512 609
20240513 609
20240514 608
20240515 609
20240516 609
20240517 611
20240519 611
20240520 612
20240601 612
20240602 613
20240603 613
20240604 612
20240605 613
20240606 614
20240609 612
20240611 612
20240612 613
20240614 613
20240615 624
20240616 631
20240617 636
20240622 636
20240623 634
20240624 633
20240626 633
20240627 633
20240628 630
20240629 629
20240630 627
20240701 625
20240702 621
20240703 621
20240704 620
20240705 618
20240706 616
20240707 617
20240708 614
20240709 615
20240710 616
20240711 616
20240712 617
20240713 615
20240714 615
20240715 613
20240716 615
20240717 615
20240718 615
20240719 615
20240720 616
