20230707 114941
20230802 114941
20230803 116061
20231019 116061
20231020 116225
20231204 116225
20231205 116396
20240516 116396
20240517 116964
20240624 116964
20240626 116964
20240627 116964
20240628 116964
20240629 116958
20240630 116958
20240701 116958
20240702 116958
20240703 116958
20240704 116958
20240705 116958
20240706 116958
20240707 116958
20240708 116958
20240709 116958
20240710 116958
20240711 117218
20240712 117218
20240713 117218
20240714 117218
20240715 117218
20240716 117218
20240717 117218
20240718 117218
20240719 117218
20240720 117218
20240721 117218
20240722 117218
20240723 117218
20240724 117218
20240725 117218
20240726 117218
20240727 117218
20240728 117218
20240729 117218
20240730 117218
20240731 117218
20240801 117218
20240802 117218
20240803 117218
20240804 117218
20240805 117218
20240806 117218
20240806 117218
20240807 117218
20240808 117218
20240809 117218
20240810 117218
20240811 117218
20240812 117218
20240813 117218
20240814 117218
20240815 117218
20240816 117218
20240817 117218
20240818 117218
20240819 117218
20240820 117218
20240821 117218
20240822 117218
20240823 117218
20240824 117218
20240825 117218
20240826 117218
20240827 117218
20240828 117218
20240829 117218
20240830 117218
20240831 117218
20240901 117218
20240902 117218
20240903 117228
20240904 117228
20240905 117228
20240906 117228
20240907 117228
