20230707 255
20230709 255
20230710 255
20230711 255
20230712 255
20230714 255
20230715 255
20230716 255
20230717 255
20230718 255
20230719 255
20230720 255
20230721 255
20230722 255
20230723 255
20230724 255
20230725 255
20230726 255
20230727 255
20230728 255
20230729 255
20230730 255
20230731 255
20230801 255
20230802 255
20230803 255
20230804 255
20230805 255
20230806 255
20230807 255
20230808 255
20230809 255
20230810 255
20230811 255
20230812 255
20230813 255
20230815 255
20230816 255
20230817 255
20230818 255
20230819 255
20230820 255
20230821 255
20230822 255
20230823 255
20230824 255
20230825 255
20230826 255
20230827 255
20230828 255
20230829 255
20230830 255
20230831 255
20230901 255
20230902 255
20230903 255
20230904 255
20230905 255
20230906 255
