20230707 2978
20230709 2977
20230710 2976
20230711 2979
20230712 2980
20230713 2979
20230714 2969
20230715 2969
20230716 2973
20230715 2969
20230717 2974
20230718 2974
20230719 2978
20230718 2974
20230720 2981
20230718 2974
20230721 2985
20230718 2974
20230722 2988
20230718 2974
20230723 2986
20230724 2986
20230725 2988
20230724 2986
20230726 2990
20230724 2986
20230727 2988
20230728 2986
20230724 2986
20230729 2989
20230724 2986
20230730 3010
20230724 2986
20230731 3022
20230724 2986
20230801 3033
20230724 2986
20230802 2987
20230724 2986
20230803 2983
20230724 2986
20230804 2987
20230724 2986
20230805 2989
20230724 2986
20230806 2992
20230724 2986
20230807 2993
20230724 2986
20230808 3002
20230809 3002
20230810 2996
20230809 3002
20230811 2998
20230809 3002
20230812 3003
20230809 3002
20230813 3009
20230809 3002
20230815 3020
20230809 3002
20230816 3027
20230809 3002
20230817 3025
20230809 3002
20230818 3023
20230809 3002
20230819 3027
20230809 3002
20230820 3031
20230809 3002
20230821 3025
20230809 3002
20230822 3045
20230809 3002
20230823 3047
20230809 3002
20230824 3046
20230809 3002
20230825 3044
20230809 3002
20230826 3045
20230809 3002
20230827 3043
20230809 3002
20230828 3049
20230809 3002
20230829 3053
20230809 3002
20230830 3052
20230901 3052
20230902 3057
20230901 3052
20230903 3054
20230901 3052
20230904 3061
20230901 3052
20230905 3064
20230901 3052
20230906 3068
20230901 3052
20230907 3064
20230901 3052
20230908 3070
20230901 3052
20230909 3067
20230910 3067
20230911 3068
20230910 3067
20230912 3069
20230910 3067
20230913 3072
20230910 3067
20230914 3073
20230910 3067
20230915 3078
20230910 3067
20230916 3082
20230910 3067
20230917 3083
20230910 3067
20230918 3081
20230910 3067
20230919 3082
20230910 3067
20230920 2743
20230910 3067
20230921 2748
20230910 3067
20230922 2750
20230923 2750
20230924 2749
20230923 2750
20230925 2752
20230923 2750
20230926 2756
20230923 2750
20230927 2757
20230923 2750
20230928 2760
20230923 2750
20230929 2777
20230923 2750
20230930 2781
20231001 2781
20231002 2779
20231001 2781
20231003 2777
20231005 2781
20231001 2781
20231007 2785
20231001 2781
20231008 2789
20231001 2781
20231009 2793
20231001 2781
20231010 2794
20231001 2781
20231011 2797
20231001 2781
20231012 2800
20231001 2781
20231013 2798
20231001 2781
20231014 2800
20231015 2800
20231016 2796
20231017 2800
20231015 2800
20231018 2802
20231015 2800
20231019 2806
20231015 2800
20231020 2813
20231015 2800
20231021 2815
20231015 2800
20231022 2820
20231015 2800
20231023 2823
20231015 2800
20231024 2838
20231015 2800
20231025 2843
20231015 2800
20231026 2854
20231015 2800
20231027 2858
20231015 2800
20231028 2865
20231030 2865
20231031 2872
20231030 2865
20231101 2882
20231030 2865
20231102 2884
20231030 2865
20231103 2888
20231030 2865
20231104 2891
20231030 2865
20231105 2894
20231106 2894
20231107 2895
20231106 2894
20231108 2893
20231109 2893
20231110 2899
20231109 2893
20231111 2901
20231109 2893
20231112 2896
20231109 2893
20231113 2897
20231114 2897
20231115 2898
20231114 2897
20231116 2901
20231114 2897
20231117 2903
20231114 2897
20231118 2904
20231114 2897
20231120 2908
20231121 2908
20231122 2915
20231123 2915
20231124 2914
20231125 2915
20231123 2915
20231126 2911
20231123 2915
20231127 2912
20231123 2915
20231128 2920
20231123 2915
20231129 2923
20231123 2915
20231130 2924
20231201 2924
20231202 2925
20231201 2924
20231203 2927
20231201 2924
20231204 2922
20231201 2924
20231205 2928
20231201 2924
20231206 2932
20231201 2924
20231207 2934
20231201 2924
20231208 2933
20231201 2924
20231209 2931
20231201 2924
20231210 2928
20231201 2924
20231211 2930
20231201 2924
20231212 2931
20231213 2931
20231214 2933
20231215 2933
20231216 2935
20231215 2933
20231217 2939
20231220 2939
20231221 2938
20231220 2939
20231222 2936
20231220 2939
20231223 2934
20231220 2939
20231224 2933
20231220 2939
20231225 2926
20231220 2939
20231226 2925
20231220 2939
20231227 2923
20231220 2939
20231230 2909
20231220 2939
20231231 2903
20231220 2939
20240101 2899
20231220 2939
20240102 2895
20231220 2939
20240103 2894
20240104 2894
20240105 2890
20240104 2894
20240106 2920
20240104 2894
20240107 2923
20240104 2894
20240108 2927
20240104 2894
20240109 2922
20240104 2894
20240110 2921
20240104 2894
20240111 2945
20240104 2894
20240112 2948
20240104 2894
20240113 2951
20240104 2894
20240114 2949
20240104 2894
20240115 2939
20240104 2894
20240116 2933
20240104 2894
20240117 2924
20240104 2894
20240118 2923
20240104 2894
20240119 2920
20240104 2894
20240120 2925
20240104 2894
20240121 2928
20240104 2894
20240122 2930
20240124 2930
20240125 2935
20240124 2930
20240126 2938
20240124 2930
20240127 2942
20240124 2930
20240128 2937
20240129 2930
20240124 2930
20240130 2931
20240124 2930
20240131 2935
20240202 2935
20240203 2930
20240202 2935
20240204 2929
20240205 2929
20240206 2930
20240205 2929
20240207 2936
20240205 2929
20240208 2932
20240205 2929
20240209 2939
20240205 2929
20240210 2940
20240205 2929
20240211 2937
20240205 2929
20240212 2935
20240205 2929
20240213 2936
20240205 2929
20240214 2933
20240205 2929
20240215 2931
20240205 2929
20240216 2948
20240217 2948
20240218 2949
20240217 2948
20240219 2954
20240217 2948
20240220 2957
20240217 2948
20240221 2962
20240217 2948
20240222 2971
20240217 2948
20240223 2973
20240224 2973
20240225 2980
20240224 2973
20240226 2981
20240224 2973
20240227 2980
20240224 2973
20240228 2981
20240224 2973
20240229 2988
20240224 2973
20240301 2996
20240224 2973
20240302 2992
20240224 2973
20240303 2996
20240224 2973
20240304 2998
20240224 2973
20240305 2997
20240224 2973
20240306 3000
20240224 2973
20240307 3005
20240224 2973
20240308 3006
20240310 3006
20240311 3008
20240310 3006
20240312 3011
20240310 3006
20240313 3014
20240310 3006
20240314 3017
20240310 3006
20240315 3019
20240310 3006
20240316 3017
20240310 3006
20240317 3016
20240318 3016
20240319 3022
20240318 3016
20240320 3023
20240318 3016
20240321 3021
20240318 3016
20240322 3022
20240318 3016
20240323 3027
20240318 3016
20240324 3028
20240318 3016
20240325 3029
20240318 3016
20240326 3031
20240318 3016
20240327 3033
20240318 3016
20240328 3039
20240318 3016
20240329 3040
20240318 3016
20240330 3044
20240318 3016
20240331 3046
20240401 3046
20240402 3050
20240401 3046
20240403 3051
20240401 3046
20240404 3048
20240401 3046
20240405 3051
20240401 3046
20240406 3057
20240401 3046
20240407 3058
20240401 3046
20240408 3060
20240401 3046
20240409 3065
20240401 3046
20240410 3066
20240401 3046
20240411 3069
20240401 3046
20240412 3072
20240401 3046
20240413 3074
20240401 3046
20240415 3070
20240401 3046
20240416 3080
20240418 3080
20240419 3081
20240420 3080
20240418 3080
20240421 3081
20240418 3080
20240422 3082
20240418 3080
20240423 3085
20240418 3080
20240424 3079
20240425 3080
20240418 3080
20240426 3085
20240428 3085
20240429 3089
20240428 3085
20240430 3092
20240428 3085
20240501 3095
20240428 3085
20240503 3101
20240428 3085
20240504 3102
20240505 3102
20240506 3100
20240505 3102
20240507 3096
20240505 3102
20240508 3100
20240505 3102
20240509 3109
20240505 3102
20240510 3114
20240505 3102
20240511 3115
20240505 3102
20240512 3113
20240505 3102
20240513 3118
20240505 3102
20240514 3122
20240505 3102
20240515 3128
20240505 3102
20240516 3131
20240505 3102
20240517 3132
20240505 3102
20240518 3133
20240505 3102
20240519 3138
20240521 3138
20240522 3137
20240521 3138
20240523 3143
20240521 3138
20240524 3146
20240521 3138
20240525 3151
20240521 3138
20240526 3141
20240521 3138
20240527 3111
20240528 3111
20240529 3110
20240528 3111
20240530 3115
20240528 3111
20240531 3118
20240528 3111
20240601 3119
20240528 3111
20240602 3121
20240528 3111
20240603 3118
20240528 3111
20240604 3121
20240528 3111
20240605 3118
20240528 3111
20240606 3121
20240528 3111
20240609 3118
20240528 3111
20240611 3114
20240528 3111
20240612 3113
20240528 3111
20240613 3115
20240614 3115
20240615 3117
20240614 3115
20240616 3118
20240617 3118
20240618 3126
20240617 3118
20240620 3130
20240617 3118
20240621 3129
20240617 3118
20240622 3126
20240617 3118
20240623 3128
20240617 3118
20240624 3132
20240626 3132
20240627 3133
20240626 3132
20240628 3128
20240626 3132
20240629 3127
20240626 3132
20240630 3129
20240626 3132
20240701 3127
20240626 3132
20240702 3129
20240626 3132
20240703 3138
20240626 3132
20240704 3139
20240626 3132
20240705 3140
20240626 3132
20240706 3144
20240626 3132
20240707 3145
20240626 3132
20240708 3144
20240626 3132
20240709 3145
20240626 3132
20240710 3148
20240626 3132
20240711 3155
20240626 3132
20240712 3159
20240626 3132
20240713 3157
20240626 3132
20240714 3159
20240626 3132
20240715 3155
20240626 3132
20240716 3159
20240626 3132
20240717 3162
20240626 3132
20240718 3166
20240626 3132
20240719 3170
20240626 3132
20240720 3177
20240626 3132
20240721 3179
20240626 3132
20240722 3183
20240626 3132
20240723 3185
20240724 3185
20240725 3189
20240724 3185
20240726 3191
20240724 3185
20240727 3192
20240724 3185
20240728 3194
20240724 3185
20240729 3198
20240724 3185
20240730 3196
20240724 3185
20240731 3198
20240724 3185
20240801 3200
20240724 3185
20240802 3203
20240724 3185
20240803 3200
20240724 3185
20240804 3202
20240724 3185
20240805 3203
20240724 3185
20240806 3209
20240724 3185
20240807 3211
20240724 3185
20240808 3215
20240724 3185
20240809 3222
20240724 3185
20240810 3219
20240724 3185
20240811 3220
20240724 3185
20240812 3223
20240813 3223
20240814 3226
20240817 3226
20240818 3224
20240817 3226
20240819 3227
20240817 3226
20240820 3230
20240817 3226
20240821 3229
20240822 3229
20240823 3228
20240822 3229
20240824 3235
20240822 3229
20240825 3237
20240822 3229
20240826 3240
20240822 3229
20240827 3242
20240822 3229
20240828 3239
20240822 3229
20240829 3243
20240822 3229
20240830 3240
20240822 3229
20240831 3244
20240822 3229
20240901 3243
20240822 3229
20240902 3241
20240822 3229
20240903 3240
20240904 3240
20240905 3245
20240904 3240
20240906 3249
20240904 3240
20240907 3251
20240904 3240
20240908 3249
20240909 3249
20240910 3246
20240909 3249
20240911 3250
20240912 3249
20240909 3249
20240913 3250
20240909 3249
20240914 3252
20240909 3249
20240915 3255
20240909 3249
20240916 3254
20240909 3249
20240917 3257
20240909 3249
20240918 3259
20240909 3249
20240919 3262
20240909 3249
20240920 3259
20240909 3249
20240921 3257
20240909 3249
20240921 3258
20240909 3249
20240922 3257
20240909 3249
20240925 3266
20240926 3266
