20230922 129872
20230924 129963
20230925 130025
20230926 130067
20230927 130121
20230928 130102
20230929 130083
20230930 131188
20231001 137411
20231002 137445
20231003 137457
20231005 137349
20231007 137117
20231008 136587
20231009 136635
20231010 136667
20231011 136691
20231012 136555
20231013 136563
20231014 136576
20231015 136583
20231016 136617
20231017 136617
20231018 136694
20231019 136694
20231020 136649
20231021 136618
20231022 136667
20231023 136653
20231024 136704
20231025 136738
20231026 136729
20231027 136702
20231028 136675
20231029 136663
20231030 136691
20231031 136693
20231101 136716
20231102 136750
20231103 136750
20231104 136689
20231105 136767
20231106 136798
20231107 136823
20231108 136823
20231109 136306
20231110 136029
20231111 136082
20231112 136005
20231113 136014
20231114 136063
20231115 136115
20231116 136176
20231117 136065
20231118 136079
