20230707 115651
20230710 115610
20230711 115597
20230712 115629
20230713 115695
20230714 115693
20230715 115673
20230716 115653
20230717 115684
20230718 115689
20230719 115690
20230720 115694
20230721 115693
20230722 115648
20230723 115634
20230724 115633
20230725 115613
20230726 115654
20230727 115713
20230728 115713
20230729 115738
20230730 115694
20230731 115652
20230801 115669
20230802 115689
20230803 115743
20230804 115774
20230805 115767
20230806 115777
20230807 115775
20230808 115806
20230809 115843
20230810 115904
20230811 115967
20230812 115983
20230813 115983
20230815 116013
20230816 116001
20230817 115444
20230818 115444
20230819 115444
20230820 115444
20230821 115444
20230822 115444
20230823 115444
20230824 115444
20230825 115444
20230826 115444
20230827 115444
20230828 115444
20230829 115444
20230830 115444
20230831 116283
20230901 116357
20230902 116372
20230903 116351
20230904 116328
20230905 116420
20230906 116483
20230907 116568
20230908 116602
20230909 116669
20230910 116633
20230911 116605
20230912 116629
20230913 116680
20230914 116708
20230915 116759
20230916 116791
20230917 116756
20230918 116719
20230919 116753
20230920 116804
