20230707 3163
20230709 3164
20230710 3163
20230711 3165
20230712 3165
20230713 3166
20230714 3163
20230715 3166
20230716 3166
20230717 3168
20230718 3168
20230719 3168
20230720 3171
20230721 3174
20230722 3174
20230723 3177
20230724 3176
20230725 3176
20230726 3176
20230727 3179
20230728 3179
20230729 3179
20230730 3178
20230731 3178
20230801 3178
20230802 3182
20230803 3181
20230804 3183
20230805 3182
20230806 3182
20230807 3182
20230808 3182
20230809 3181
20230810 3181
20230811 3181
20230812 3180
20230813 3180
20230815 3180
20230816 3180
20230817 3180
20230818 3181
20230819 3183
20230820 3182
