20230707 1471
20230709 1473
20230710 1473
20230711 1472
20230712 1472
20230713 1473
20230714 1473
20230715 1471
20230716 1471
20230717 1473
20230718 1477
20230719 1474
20230720 1473
20230721 1474
20230722 1477
20230723 1477
20230724 1477
20230725 1476
20230726 1476
20230727 1476
20230728 1475
20230729 1473
20230730 1474
20230731 1474
20230801 1472
20230802 1470
20230803 1468
20230804 1469
20230805 1469
20230806 1471
20230807 1467
20230808 1467
20230809 1469
20230810 1470
20230811 1472
20230812 1471
20230813 1469
20230815 1468
20230816 1466
20230817 1466
20230818 1464
20230819 1464
20230820 1465
20230821 1465
20230822 1460
20230823 1459
20230824 1458
20230825 1456
20230826 1457
20230827 1457
20230828 1458
20230829 1459
20230830 1460
20230831 1459
