20230707 14048
20230709 14097
20230710 14143
20230711 14155
20230712 14159
20230713 14206
20230714 14182
20230715 14183
20230716 14180
20230717 14180
20230718 14193
20230717 14180
20230719 14190
20230717 14180
20230720 14184
20230717 14180
20230721 14221
20230717 14180
20230722 14234
20230717 14180
20230723 14200
20230717 14180
20230724 14203
20230717 14180
20230725 14208
20230717 14180
20230726 14195
20230717 14180
20230727 14151
20230717 14180
20230728 14188
20230717 14180
20230729 14189
20230717 14180
20230730 14212
20230717 14180
20230731 14219
20230717 14180
20230801 14218
20230717 14180
20230802 14268
20230717 14180
20230803 14279
20230717 14180
20230804 13809
20230717 14180
20230805 13783
20230717 14180
20230806 13844
20230717 14180
20230807 13850
20230717 14180
20230808 13823
20230717 14180
20230809 13843
20230717 14180
20230810 13822
20230717 14180
20230811 13830
20230717 14180
20230812 13829
20230717 14180
20230813 13817
20230717 14180
20230815 13787
20230717 14180
20230816 13775
20230817 13775
20230818 13771
20230819 13775
20230817 13775
20230820 13790
20230817 13775
20230821 13787
20230817 13775
20230822 13788
20230817 13775
20230823 13787
20230817 13775
20230824 13789
20230817 13775
20230825 13745
20230817 13775
20230826 13729
20230817 13775
20230827 13730
20230817 13775
20230828 13726
20230817 13775
20230829 13725
20230817 13775
20230830 13723
20230817 13775
20230831 13511
20230901 13511
20230902 13509
20230901 13511
20230903 13508
20230901 13511
20230904 13507
20230901 13511
20230905 13506
20230901 13511
20230906 13512
20230901 13511
20230907 13509
20230901 13511
20230908 13501
20230901 13511
20230909 13492
20230901 13511
20230910 13484
20230901 13511
20230911 13482
20230901 13511
20230912 13486
20230901 13511
20230913 13463
20230901 13511
20230914 13512
20230901 13511
20230915 13503
20230901 13511
20230916 13486
20230901 13511
20230917 13473
20230901 13511
20230918 13464
20230901 13511
20230919 13470
20230901 13511
20230920 13386
20230901 13511
20230921 13355
20230901 13511
20230922 13268
20230901 13511
20230923 13277
20230901 13511
20230924 13180
20230901 13511
20230925 13185
20230901 13511
20230926 13199
20230901 13511
20230927 13209
20230901 13511
20230928 13208
20230901 13511
20230929 13099
20230901 13511
20230930 12999
20230901 13511
20231001 12991
20230901 13511
20231002 12998
20230901 13511
20231003 13020
20230901 13511
20231005 13032
20230901 13511
20231007 13062
20230901 13511
20231008 12983
20230901 13511
20231009 13015
20230901 13511
20231010 13002
20230901 13511
20231011 12965
20230901 13511
20231012 12920
20230901 13511
20231013 12932
20230901 13511
20231014 12953
20230901 13511
20231015 12963
20230901 13511
20231016 12914
20230901 13511
20231017 12921
20230901 13511
20231018 12919
20230901 13511
20231019 12937
20230901 13511
20231020 12945
20230901 13511
20231021 12903
20230901 13511
20231022 12861
20230901 13511
20231023 12820
20230901 13511
20231024 12768
20230901 13511
20231025 12715
20230901 13511
20231026 12688
20230901 13511
20231027 12649
20230901 13511
20231028 12587
20230901 13511
20231029 12536
20230901 13511
20231030 12487
20230901 13511
20231031 12446
20230901 13511
20231101 12381
20230901 13511
20231102 12334
20230901 13511
20231103 12266
20230901 13511
20231104 12275
20230901 13511
20231105 12161
20230901 13511
20231106 12086
20230901 13511
20231107 12068
20230901 13511
20231108 11989
20230901 13511
20231109 11951
20230901 13511
20231110 11866
20230901 13511
20231111 11788
20230901 13511
20231112 11711
20230901 13511
20231113 11630
20230901 13511
20231114 11510
20230901 13511
20231115 11424
20230901 13511
20231116 11325
20230901 13511
20231117 11236
20230901 13511
20231118 11115
20230901 13511
20231120 10966
20230901 13511
20231121 10887
20230901 13511
20231122 10829
20230901 13511
20231123 10787
20230901 13511
20231124 10807
20230901 13511
20231125 10765
20230901 13511
20231126 10768
20230901 13511
20231127 10778
20230901 13511
20231128 10779
20230901 13511
20231129 10762
20230901 13511
20231130 10763
20230901 13511
20231201 10789
20230901 13511
20231202 10794
20231203 10794
20231204 10791
20231203 10794
20231205 10789
20231203 10794
20231206 10800
20231203 10794
20231207 10798
20231208 10798
20231209 10782
20231208 10798
20231210 10792
20231208 10798
20231211 10786
20231208 10798
20231212 10801
20231208 10798
20231213 10808
20231208 10798
20231214 10812
20231215 10798
20231208 10798
20231216 10812
20231217 10812
20231218 10822
20231217 10812
20231219 10820
20231217 10812
20231220 10818
20231217 10812
20231221 10808
20231217 10812
20231222 10816
20231217 10812
20231223 10833
20231217 10812
20231224 10834
20231217 10812
20231225 10825
20231217 10812
20231226 10786
20231217 10812
20231227 10765
20231217 10812
20231230 10861
20231217 10812
20231231 10872
20231217 10812
20240101 10875
20231217 10812
20240102 10891
20231217 10812
20240103 10897
20231217 10812
20240104 10907
20231217 10812
20240105 10906
20231217 10812
20240106 10921
20231217 10812
20240107 10930
20231217 10812
20240108 10924
20231217 10812
20240109 10930
20231217 10812
20240110 10951
20231217 10812
20240111 10971
20231217 10812
20240112 10977
20231217 10812
20240113 10984
20231217 10812
20240114 10985
20231217 10812
20240115 10984
20231217 10812
20240116 10995
20231217 10812
20240117 10990
20231217 10812
20240118 11027
20231217 10812
20240119 11034
20231217 10812
20240120 11042
20231217 10812
20240121 11044
20231217 10812
20240122 11056
20231217 10812
20240124 11051
20231217 10812
20240125 11059
20231217 10812
20240126 11055
20231217 10812
20240127 11047
20231217 10812
20240128 11051
20231217 10812
20240129 11061
20231217 10812
20240130 11008
20231217 10812
20240131 11005
20231217 10812
20240201 11014
20231217 10812
20240202 11022
20231217 10812
20240203 11027
20231217 10812
20240204 11017
20231217 10812
20240205 11010
20231217 10812
20240206 10974
20231217 10812
20240207 10996
20231217 10812
20240208 10963
20231217 10812
20240209 10945
20231217 10812
20240210 10924
20231217 10812
20240211 10938
20231217 10812
20240212 10940
20231217 10812
20240213 10955
20231217 10812
20240214 10964
20231217 10812
20240215 10896
20231217 10812
20240216 10887
20231217 10812
20240217 10883
20231217 10812
20240218 10894
20231217 10812
20240219 10942
20231217 10812
20240220 10866
20231217 10812
20240221 10885
20231217 10812
20240222 10857
20231217 10812
20240223 10731
20231217 10812
20240224 10702
20231217 10812
20240225 10700
20231217 10812
20240226 10695
20231217 10812
20240227 10685
20231217 10812
20240228 10632
20231217 10812
20240229 10645
20231217 10812
20240301 10686
20231217 10812
20240302 10689
20231217 10812
20240303 10684
20231217 10812
20240304 10692
20231217 10812
20240305 10663
20231217 10812
20240306 10664
20231217 10812
20240307 10673
20231217 10812
20240308 10628
20231217 10812
20240309 10649
20240310 10649
20240311 10601
20240310 10649
20240312 10594
20240310 10649
20240313 10589
20240310 10649
20240314 10579
20240310 10649
20240315 10591
20240310 10649
20240316 10565
20240310 10649
20240317 10548
20240310 10649
20240318 10528
20240310 10649
20240319 10419
20240310 10649
20240320 10438
20240310 10649
20240321 10405
20240310 10649
20240322 10340
20240310 10649
20240323 10361
20240310 10649
20240324 10401
20240310 10649
20240325 10359
20240310 10649
20240326 10365
20240310 10649
20240327 10400
20240310 10649
20240328 10417
20240310 10649
20240329 10428
20240310 10649
20240330 10436
20240310 10649
20240331 10429
20240310 10649
20240401 10400
20240310 10649
20240402 10412
20240310 10649
20240403 10428
20240310 10649
20240404 10385
20240310 10649
20240405 10313
20240310 10649
20240406 10214
20240310 10649
20240407 10176
20240310 10649
20240408 10132
20240310 10649
20240409 10131
20240310 10649
20240410 10179
20240310 10649
20240411 10126
20240310 10649
20240412 10035
20240310 10649
20240413 9992
20240310 10649
20240415 9918
20240310 10649
20240416 9908
20240310 10649
20240417 9863
20240310 10649
20240418 9803
20240310 10649
20240419 9778
20240310 10649
20240420 9746
20240310 10649
20240421 9754
20240310 10649
20240422 9667
20240310 10649
20240423 9639
20240310 10649
20240424 9740
20240310 10649
20240425 9747
20240310 10649
20240426 9622
20240310 10649
20240427 9634
20240310 10649
20240428 9660
20240310 10649
20240429 9690
20240310 10649
20240430 9729
20240310 10649
20240501 9787
20240310 10649
20240503 9881
20240310 10649
20240504 9913
20240310 10649
20240505 9946
20240310 10649
20240506 9938
20240310 10649
20240507 9978
20240310 10649
20240508 10016
20240310 10649
20240509 10051
20240310 10649
20240510 10076
20240310 10649
20240511 10098
20240310 10649
20240512 10086
20240310 10649
20240513 10083
20240310 10649
20240514 10052
20240310 10649
20240515 10130
20240310 10649
20240516 10166
20240310 10649
20240517 10212
20240310 10649
20240518 10229
20240310 10649
20240519 10242
20240310 10649
20240520 10309
20240310 10649
20240521 10323
20240310 10649
20240522 10331
20240310 10649
20240523 10336
20240310 10649
20240524 10240
20240310 10649
20240525 10226
20240310 10649
20240526 10229
20240310 10649
20240527 10235
20240310 10649
20240528 10262
20240310 10649
20240529 10362
20240310 10649
20240530 10361
20240310 10649
20240531 10385
20240310 10649
20240601 10428
20240310 10649
20240602 10433
20240310 10649
20240603 10462
20240310 10649
20240604 10515
20240310 10649
20240605 10528
20240310 10649
20240606 10488
20240310 10649
20240609 10536
20240310 10649
20240611 10581
20240310 10649
20240612 10583
20240310 10649
20240613 10605
20240310 10649
20240614 10638
20240310 10649
20240615 10661
20240310 10649
20240616 10671
20240310 10649
20240617 10702
20240310 10649
20240618 10688
20240310 10649
20240620 10731
20240310 10649
20240621 13158
20240310 10649
20240622 13741
20240310 10649
20240623 14058
20240310 10649
20240624 14833
20240310 10649
20240626 16041
20240310 10649
20240627 16465
20240310 10649
20240628 17168
20240310 10649
20240629 17849
20240310 10649
20240630 18104
20240310 10649
20240701 18990
20240310 10649
20240702 19812
20240310 10649
20240703 20654
20240310 10649
20240704 21148
20240310 10649
20240705 21884
20240310 10649
20240706 22518
20240310 10649
20240707 23084
20240310 10649
20240708 23826
20240310 10649
20240709 23960
20240310 10649
20240710 23950
20240310 10649
20240711 23899
20240310 10649
20240712 23939
20240310 10649
20240713 23878
20240310 10649
20240714 23818
20240310 10649
20240715 23865
20240310 10649
20240716 23926
20240310 10649
20240717 23969
20240310 10649
20240718 23976
20240310 10649
20240719 24225
20240310 10649
20240720 24831
20240310 10649
20240721 24830
20240310 10649
20240722 24832
20240310 10649
20240723 24959
20240724 24959
20240725 25810
20240724 24959
20240726 26195
20240724 24959
20240727 26743
20240724 24959
20240728 27141
20240724 24959
20240729 27647
20240724 24959
20240730 27837
20240724 24959
20240731 28210
20240724 24959
20240801 28224
20240724 24959
20240802 28238
20240724 24959
20240803 28251
20240724 24959
20240804 28255
20240724 24959
20240805 28247
20240724 24959
20240806 28268
20240724 24959
20240807 28256
20240724 24959
20240808 28266
20240724 24959
20240809 28283
20240724 24959
20240810 28370
20240724 24959
20240811 28364
20240724 24959
20240812 28419
20240724 24959
20240813 28496
20240724 24959
20240814 28515
20240724 24959
20240815 28532
20240724 24959
20240816 28550
20240724 24959
20240817 28617
20240724 24959
20240818 28764
20240724 24959
20240819 28763
20240724 24959
20240820 28765
20240724 24959
20240821 28764
20240724 24959
20240822 28886
20240724 24959
20240823 28974
20240724 24959
20240824 29097
20240724 24959
20240825 29108
20240724 24959
20240826 29160
20240724 24959
20240827 29271
20240724 24959
20240828 29364
20240724 24959
20240829 29397
20240724 24959
20240830 29432
20240724 24959
20240831 29479
20240724 24959
20240901 29487
20240724 24959
20240902 29533
20240724 24959
20240903 29578
20240724 24959
20240904 29604
20240724 24959
20240905 29638
20240724 24959
20240906 29667
20240724 24959
20240907 29707
20240724 24959
20240908 29751
20240724 24959
20240909 29740
20240724 24959
20240910 29759
20240724 24959
20240911 29767
20240724 24959
20240912 29817
20240724 24959
20240913 29860
20240724 24959
20240914 29904
20240724 24959
20240915 29914
20240724 24959
20240916 29935
20240724 24959
20240917 30028
20240724 24959
20240918 30091
20240724 24959
20240919 30124
20240724 24959
20240920 30207
20240724 24959
20240921 30260
20240724 24959
20240921 30328
20240922 30328
20240925 30700
20240922 30328
20240926 30761
20240922 30328
20240927 30842
20240927 30842
