20230707 205
20230802 205
20230803 207
20230919 207
20230920 181
20240212 181
20240213 183
20240301 183
20240302 187
20240327 187
20240328 189
20240412 189
20240413 190
20240508 190
20240509 191
20240624 191
20240626 191
20240627 191
20240628 191
20240629 191
20240630 191
20240701 191
20240702 191
20240703 191
20240704 191
20240705 191
20240706 191
20240707 191
20240708 191
20240709 191
20240710 191
20240711 191
20240712 191
20240713 191
20240714 191
20240715 191
20240716 191
20240717 191
20240718 191
20240719 191
20240720 191
20240721 191
20240722 191
20240723 191
20240724 191
20240725 191
20240726 191
20240727 191
20240728 191
20240729 191
20240730 191
20240731 191
20240801 191
20240802 191
20240803 191
20240804 191
20240805 191
20240806 191
20240807 191
20240808 191
20240809 191
