20230707 14341
20230709 14327
20230710 14336
20230711 14334
20230712 14344
20230713 14350
20230714 14362
20230715 14360
20230716 14357
20230717 14362
20230718 14350
20230719 14330
20230720 14309
20230721 14300
20230722 14304
20230723 14302
20230724 14308
20230725 14306
20230726 14305
20230727 14300
20230728 14302
20230729 14306
20230730 14302
20230731 14284
20230801 14279
20230802 14292
20230803 14288
20230804 14293
20230805 14290
20230806 14286
20230807 14283
20230808 14292
20230809 14288
20230810 14291
20230811 14283
