20230707 50
20230810 50
20230811 51
20230919 51
20230920 49
20240125 49
20240126 50
20240624 50
20240626 50
20240627 50
20240628 50
20240629 50
20240630 50
20240701 50
20240702 50
20240703 50
20240704 50
20240705 50
20240706 50
20240707 50
20240708 50
20240709 50
20240710 50
20240711 50
20240712 50
20240713 50
20240714 50
20240715 50
20240716 50
20240717 50
20240718 50
20240719 50
20240720 50
20240721 50
20240722 50
20240723 50
20240724 50
20240725 50
20240726 50
20240727 50
20240728 50
20240729 50
