20230707 24112
20230709 24108
20230710 24092
20230711 24090
20230712 24097
20230713 24107
20230714 24103
20230715 24089
20230716 24078
20230717 24073
20230718 24041
20230719 24030
20230720 24025
20230721 24024
20230722 24010
20230723 23995
20230724 24009
20230725 24009
20230726 24009
20230727 23993
20230728 23996
20230729 23987
20230730 23984
20230731 23972
20230801 23969
20230802 23958
20230803 23946
20230804 23939
20230805 23936
20230806 23925
20230807 23909
20230808 23908
20230809 23904
20230810 23877
20230811 23870
20230812 23863
20230813 23851
20230815 23830
20230816 23817
20230817 23806
20230818 23827
20230819 23819
20230820 23808
20230821 23806
20230822 23809
20230823 23800
20230824 23806
20230825 23800
20230826 23802
20230827 23798
20230828 23792
20230829 23805
20230830 23794
20230831 23805
20230901 23819
20230902 23829
20230903 23836
20230904 23835
20230905 23821
20230906 23812
20230907 23821
20230908 23816
20230909 23800
20230910 23798
20230911 23779
20230912 23768
20230913 23764
20230914 23763
20230915 23766
20230916 23754
20230917 23741
20230918 23743
20230919 23743
20230920 22041
20230921 22033
20230922 22047
20230923 22036
20230924 22032
20230925 22037
20230926 22036
20230927 22045
20230928 22041
20230929 22039
20230930 22033
20231001 22021
20231002 22013
20231003 22023
20231005 22020
20231007 22011
20231008 21999
20231009 21994
20231010 21982
20231011 21966
20231012 21965
20231013 21958
20231014 21956
20231015 21938
20231016 21891
20231017 21871
20231018 21849
20231019 21842
20231020 21837
20231021 21827
20231022 21813
20231023 21804
20231024 21796
20231025 21776
20231026 21767
20231027 21759
20231028 21753
20231029 21740
20231030 21726
20231031 21715
20231101 21708
20231102 21699
20231103 21691
20231104 21685
20231105 21658
20231106 21639
20231107 21637
20231108 21642
20231109 21613
20231110 21599
20231111 21598
20231112 21588
20231113 21575
20231114 21569
20231115 21529
20231116 21505
20231117 21372
20231118 21296
20231120 21211
20231121 21197
20231122 21171
20231123 21166
20231124 21150
20231125 21151
20231126 21149
20231127 21138
20231128 21136
20231129 21118
20231130 21117
20231201 21106
20231202 21113
20231203 21101
20231204 21089
20231205 21073
20231206 21046
20231207 20998
20231208 20967
20231209 20963
20231210 20953
20231211 20950
20231212 20953
20231213 20938
20231214 20934
20231215 20927
20231216 20927
20231217 20917
20231218 20902
20231219 20893
20231220 20878
20231221 20870
20231222 20871
20231223 20857
20231224 20853
20231225 20845
20231226 20844
20231227 20814
20231230 20795
20231231 20745
20240101 20718
20240102 20724
20240103 20724
20240104 20730
20240105 20726
20240106 20743
20240107 20741
20240108 20732
20240109 20736
20240110 20741
20240111 20716
20240112 20722
20240113 20709
20240114 20699
20240115 20683
20240116 20679
20240117 20679
20240118 20691
20240119 20674
20240120 20679
20240121 20671
20240122 20672
20240124 20677
20240125 20678
20240126 20682
20240127 20687
20240128 20687
20240129 20683
20240130 20679
20240131 20660
20240201 20636
20240202 20639
20240203 20625
20240204 20627
20240205 20638
20240206 20644
20240207 20642
20240208 20652
20240209 20652
20240210 20658
20240211 20655
20240212 20655
20240213 20642
20240214 20650
20240215 20652
20240216 20638
20240217 20655
20240218 20653
20240219 20644
20240220 20635
20240221 20638
20240222 20630
20240223 20629
20240224 20617
20240225 20589
20240226 20578
20240227 20557
