20230707 2059
20230709 2059
20230710 2060
20230711 2067
20230712 2064
20230713 2070
20230714 2067
20230715 2074
20230716 2075
20230717 2074
20230718 2066
20230719 2067
20230720 2066
20230721 2066
20230722 2091
20230723 2092
20230724 2094
20230725 2095
20230726 2099
20230727 2111
20230728 2124
20230729 2133
20230730 2159
20230731 2176
20230801 2187
20230802 2203
20230803 2201
20230804 2208
20230805 2215
20230806 2218
20230807 2229
20230808 2232
20230809 2229
20230810 2230
20230811 2233
20230812 2240
20230813 2243
20230815 2249
20230816 2257
20230817 2273
20230818 2275
20230819 2275
20230820 2278
20230821 2280
20230822 2274
20230823 2276
20230824 2280
20230825 2283
20230826 2293
20230827 2302
20230828 2306
20230829 2312
20230830 2326
20230831 2328
20230901 2332
20230902 2339
20230903 2347
20230904 2345
20230905 2354
20230906 2376
20230907 2379
20230908 2383
20230909 2384
20230910 2385
20230911 2384
20230912 2382
20230913 2391
20230914 2405
20230915 2402
20230916 2405
20230917 2410
20230918 2412
20230919 2413
20230920 2320
20230921 2328
20230922 2331
20230923 2334
20230924 2336
20230925 2332
20230926 2335
20230927 2343
