20230707 18
20230709 18
20230710 18
20230711 18
20230712 18
20230714 18
20230715 18
20230716 18
20230717 18
20230718 18
20230719 18
20230720 18
20230721 18
20230722 18
20230723 18
20230724 18
20230725 18
20230726 18
20230727 18
20230728 18
20230729 18
20230730 18
20230731 18
20230801 18
20230802 18
20230803 18
20230804 18
20230805 18
20230806 18
20230807 18
20230808 18
20230809 18
20230810 18
20230811 18
20230812 18
20230813 18
20230815 18
20230816 18
20230817 18
20230818 18
20230819 18
20230820 18
20230821 18
20230822 18
20230823 18
