20230707 10980
20230709 10976
20230710 10976
20230711 10947
20230712 10947
20230713 10964
20230712 10947
20230714 10966
20230715 10966
20230716 10975
20230715 10966
20230717 10969
20230715 10966
20230718 10964
20230719 10966
20230715 10966
20230720 10955
20230715 10966
20230721 10947
20230715 10966
20230722 10950
20230715 10966
20230723 10951
20230715 10966
20230724 10937
20230715 10966
20230725 10940
20230715 10966
20230726 10946
20230715 10966
20230727 10944
20230728 10944
20230729 10925
20230728 10944
20230730 10954
20230728 10944
20230731 10968
20230728 10944
20230801 10980
20230728 10944
20230802 10981
20230728 10944
20230803 10976
20230728 10944
20230804 10981
20230728 10944
20230805 10985
20230728 10944
20230806 10988
20230728 10944
20230807 10986
20230728 10944
20230808 10988
20230728 10944
20230809 10989
20230728 10944
20230810 10992
20230728 10944
20230811 10997
20230812 10997
20230813 10989
20230812 10997
20230815 10986
20230812 10997
20230816 10989
20230812 10997
20230817 10996
20230812 10997
20230818 11014
20230812 10997
20230819 11037
20230812 10997
20230820 11042
20230812 10997
20230821 11044
20230812 10997
20230822 11039
20230812 10997
20230823 11044
20230812 10997
20230824 11046
20230812 10997
20230825 11050
20230812 10997
20230826 11053
20230812 10997
20230827 11052
20230812 10997
20230828 11050
20230812 10997
20230829 11039
20230812 10997
20230830 11029
20230812 10997
20230831 11041
20230812 10997
20230901 11048
20230812 10997
20230902 11050
20230903 11050
20230904 11048
20230903 11050
20230905 11046
20230903 11050
20230906 11041
20230903 11050
20230907 11042
20230903 11050
20230908 11041
20230903 11050
20230909 11043
20230903 11050
20230910 11044
20230903 11050
20230911 11054
20230912 11054
20230913 11057
20230912 11054
20230914 11061
20230912 11054
20230915 11056
20230912 11054
20230916 11061
20230912 11054
20230917 11063
20230912 11054
20230918 11064
20230919 11054
20230912 11054
20230920 10757
20230912 11054
20230921 10755
20230912 11054
20230922 10757
20230912 11054
20230923 10761
20230912 11054
20230924 10780
20230912 11054
20230925 10781
20230912 11054
20230926 10780
20230912 11054
20230927 10784
20230912 11054
20230928 10787
20230912 11054
20230929 10789
20230930 10789
20231001 10792
20230930 10789
20231002 10797
20230930 10789
20231003 10807
20230930 10789
20231005 10811
20230930 10789
20231007 10814
20230930 10789
20231008 10820
20230930 10789
20231009 10825
20230930 10789
20231010 10826
20230930 10789
20231011 10824
20230930 10789
20231012 10826
20230930 10789
20231013 10815
20230930 10789
20231014 10794
20230930 10789
20231015 10781
20230930 10789
20231016 10778
20230930 10789
20231017 10758
20230930 10789
20231018 10754
20230930 10789
20231019 10732
20230930 10789
20231020 10727
20230930 10789
20231021 10719
20230930 10789
20231022 10707
20230930 10789
20231023 10693
20230930 10789
20231024 10683
20230930 10789
20231025 10681
20230930 10789
20231026 10675
20230930 10789
20231027 10668
20230930 10789
20231028 10665
20231029 10665
20231030 10658
20231029 10665
20231031 10656
20231029 10665
20231101 10663
20231102 10663
20231103 10661
20231102 10663
20231104 10660
20231105 10660
20231106 10661
20231107 10660
20231105 10660
20231108 10656
20231105 10660
20231109 10657
20231105 10660
20231110 10658
20231105 10660
20231111 10656
20231105 10660
20231112 10655
20231105 10660
20231113 10648
20231105 10660
20231114 10649
20231105 10660
20231115 10652
20231105 10660
20231116 10653
20231105 10660
20231117 10661
20231105 10660
20231118 10643
20231105 10660
20231120 10645
20231105 10660
20231121 10644
20231105 10660
20231122 10646
20231105 10660
20231123 10645
20231105 10660
20231124 10640
20231105 10660
20231125 10644
20231105 10660
20231126 10648
20231105 10660
20231127 10646
20231105 10660
20231128 10645
20231105 10660
20231129 10654
20231105 10660
20231130 10657
20231105 10660
20231201 10658
20231105 10660
20231202 10657
20231105 10660
20231203 10654
20231105 10660
20231204 10650
20231105 10660
20231205 10653
20231105 10660
20231206 10655
20231105 10660
20231207 10653
20231105 10660
20231208 10652
20231105 10660
20231209 10655
20231105 10660
20231210 10675
20231105 10660
20231211 10672
20231105 10660
20231212 10673
20231105 10660
20231213 10696
20231105 10660
20231214 10697
20231105 10660
20231215 10701
20231105 10660
20231216 10704
20231105 10660
20231217 10702
20231105 10660
20231218 10703
20231105 10660
20231219 10700
20231105 10660
20231220 10693
20231105 10660
20231221 10694
20231105 10660
20231222 10698
20231223 10698
20231224 10699
20231223 10698
20231225 10520
20231223 10698
20231226 10503
20231223 10698
20231227 10493
20231223 10698
20231230 10666
20231223 10698
20231231 10664
20231223 10698
20240101 10661
20231223 10698
20240102 10660
20231223 10698
20240103 10657
20231223 10698
20240104 10652
20231223 10698
20240105 10654
20231223 10698
20240106 10656
20231223 10698
20240107 10654
20231223 10698
20240108 10653
20240109 10653
20240110 10651
20240109 10653
20240111 10648
20240109 10653
20240112 10647
20240114 10647
20240115 10643
20240116 10647
20240114 10647
20240117 10650
20240114 10647
20240118 10646
20240114 10647
20240119 10649
20240114 10647
20240120 10652
20240114 10647
20240121 10655
20240114 10647
20240122 10653
20240114 10647
20240124 10657
20240114 10647
20240125 10661
20240114 10647
20240126 10663
20240114 10647
20240127 10670
20240114 10647
20240128 10672
20240114 10647
20240129 10673
20240114 10647
20240130 10653
20240131 10653
20240201 10661
20240131 10653
20240202 10671
20240131 10653
20240203 10677
20240131 10653
20240204 10669
20240131 10653
20240205 10663
20240131 10653
20240206 10674
20240131 10653
20240207 10695
20240131 10653
20240208 10670
20240131 10653
20240209 10659
20240131 10653
20240210 10657
20240131 10653
20240211 10679
20240131 10653
20240212 10680
20240131 10653
20240213 10695
20240131 10653
20240214 10690
20240131 10653
20240215 10673
20240131 10653
20240216 10664
20240131 10653
20240217 10614
20240131 10653
20240218 10619
20240131 10653
20240219 10630
20240131 10653
20240220 10624
20240131 10653
20240221 10664
20240131 10653
20240222 10649
20240131 10653
20240223 10644
20240131 10653
20240224 10643
20240131 10653
20240225 10650
20240131 10653
20240226 10659
20240131 10653
20240227 10667
20240131 10653
20240228 10672
20240131 10653
20240229 10669
20240131 10653
20240301 10664
20240131 10653
20240302 10638
20240131 10653
20240303 10709
20240131 10653
20240304 10717
20240131 10653
20240305 10709
20240131 10653
20240306 10707
20240131 10653
20240307 10697
20240131 10653
20240308 10700
20240131 10653
20240309 10703
20240131 10653
20240310 10664
20240131 10653
20240311 10628
20240131 10653
20240312 10503
20240131 10653
20240313 10479
20240131 10653
20240314 10454
20240131 10653
20240315 10226
20240131 10653
20240316 10221
20240131 10653
20240317 10155
20240131 10653
20240318 10120
20240319 10120
20240320 10037
20240319 10120
20240321 9783
20240319 10120
20240322 9698
20240319 10120
20240323 9666
20240319 10120
20240324 9559
20240319 10120
20240325 9330
20240319 10120
20240326 9322
20240319 10120
20240327 9297
20240319 10120
20240328 9187
20240319 10120
20240329 9149
20240319 10120
20240330 9119
20240319 10120
20240331 9089
20240319 10120
20240401 8906
20240319 10120
20240402 8884
20240319 10120
20240403 8846
20240319 10120
20240404 8826
20240319 10120
20240405 8803
20240319 10120
20240406 8802
20240319 10120
20240407 8794
20240319 10120
20240408 8762
20240319 10120
20240409 8740
20240319 10120
20240410 8743
20240319 10120
20240411 8582
20240319 10120
20240412 8520
20240319 10120
20240413 8217
20240319 10120
20240415 7933
20240319 10120
20240416 7800
20240319 10120
20240417 7589
20240319 10120
20240418 7436
20240319 10120
20240419 7281
20240319 10120
20240420 7014
20240319 10120
20240421 6898
20240319 10120
20240422 6693
20240319 10120
20240423 6600
20240319 10120
20240424 6420
20240319 10120
20240425 6343
20240319 10120
20240426 6297
20240319 10120
20240427 6180
20240319 10120
20240428 6139
20240319 10120
20240429 6056
20240319 10120
20240430 5979
20240319 10120
20240501 5969
20240319 10120
20240503 5788
20240319 10120
20240504 5765
20240319 10120
20240505 5758
20240319 10120
20240506 5757
20240319 10120
20240507 5748
20240319 10120
20240508 5750
20240319 10120
20240509 5741
20240319 10120
20240510 5697
20240319 10120
20240511 5643
20240319 10120
20240512 5630
20240319 10120
20240513 5541
20240319 10120
20240514 5523
20240319 10120
20240515 5432
20240319 10120
20240516 5394
20240319 10120
20240517 5330
20240319 10120
20240518 5277
20240319 10120
20240519 5229
20240319 10120
20240520 5104
20240319 10120
20240521 5027
20240319 10120
20240522 4967
20240319 10120
20240523 4957
20240319 10120
20240524 4786
20240319 10120
20240525 4732
20240319 10120
20240526 4713
20240319 10120
20240527 4690
20240319 10120
20240528 4606
20240319 10120
20240529 4566
20240530 4566
20240531 4562
20240601 4562
20240602 4561
20240601 4562
20240603 4559
20240601 4562
20240604 4556
20240601 4562
20240605 4558
20240601 4562
20240606 4555
20240601 4562
20240609 4504
20240601 4562
20240611 4476
20240601 4562
20240612 4470
20240601 4562
20240613 4456
20240601 4562
20240614 4455
20240601 4562
20240615 4431
20240601 4562
20240616 4407
20240601 4562
20240617 4396
20240618 4396
20240620 4400
20240618 4396
20240621 4403
20240618 4396
20240622 4404
20240618 4396
20240623 4405
20240618 4396
20240624 4406
20240618 4396
20240626 4414
20240618 4396
20240627 4419
20240618 4396
20240628 4421
20240618 4396
20240629 4422
20240618 4396
20240630 4421
20240618 4396
20240701 4417
20240618 4396
20240702 4410
20240618 4396
20240703 4405
20240618 4396
20240704 4413
20240618 4396
20240705 4418
20240707 4418
20240708 4416
20240709 4418
20240707 4418
20240710 4427
20240707 4418
20240711 4428
20240707 4418
20240712 4431
20240707 4418
20240713 4432
20240707 4418
20240714 4433
20240707 4418
20240715 4432
20240707 4418
20240716 4431
20240707 4418
20240717 4436
20240707 4418
20240718 4438
20240707 4418
20240719 4431
20240707 4418
20240720 4432
20240707 4418
20240721 4433
20240707 4418
20240722 4436
20240707 4418
20240723 4444
20240724 4444
20240725 4440
20240726 4440
20240727 4448
20240726 4440
20240728 4445
20240726 4440
20240729 4442
20240730 4442
20240731 4443
20240730 4442
20240801 4438
20240730 4442
20240802 4443
20240730 4442
20240803 4438
20240730 4442
20240804 4436
20240730 4442
20240805 4420
20240730 4442
20240806 4419
20240730 4442
20240807 4422
20240730 4442
20240808 4427
20240730 4442
20240809 4400
20240730 4442
20240810 4403
20240730 4442
20240811 4414
20240730 4442
20240812 4409
20240730 4442
20240813 4414
20240730 4442
20240814 4427
20240730 4442
20240815 4437
20240730 4442
20240816 4438
20240730 4442
20240817 4446
20240730 4442
20240818 4451
20240730 4442
20240819 4453
20240730 4442
20240820 4458
20240730 4442
20240821 4455
20240730 4442
20240822 4458
20240730 4442
20240823 4459
20240824 4459
20240825 4452
20240824 4459
20240826 4455
20240824 4459
20240827 4444
20240824 4459
20240828 4420
20240824 4459
20240829 4413
20240824 4459
20240830 4409
20240824 4459
20240831 4406
20240824 4459
20240901 4412
20240824 4459
20240902 4452
20240824 4459
20240903 4463
20240824 4459
20240904 4465
20240905 4465
20240906 4468
20240905 4465
20240907 4463
20240905 4465
20240908 4460
20240905 4465
20240909 4446
20240905 4465
20240910 4415
20240905 4465
20240911 4401
20240912 4401
20240913 4390
20240912 4401
20240914 4386
20240912 4401
20240915 4389
20240912 4401
20240916 4383
20240912 4401
20240917 4385
20240918 4385
20240919 4386
20240918 4385
20240920 4392
20240918 4385
20240921 4403
20240918 4385
20240921 4405
20240922 4405
20240925 4446
20240922 4405
20240926 4448
20240926 4448
