20230708 3534
20230709 3534
20230710 3535
20230711 3535
20230712 3540
20230713 3542
20230717 3542
20230718 3541
20230719 3540
20230720 3540
20230721 3542
20230724 3542
20230725 3541
20230726 3541
20230727 3542
20230731 3542
20230801 3543
20230802 3543
20230803 3538
20230804 3540
20230808 3540
20230809 3541
20230811 3541
20230812 3543
20230816 3543
20230817 3541
20230818 3540
20230819 3541
20230821 3541
20230822 3540
20230824 3540
20230825 3541
20230826 3542
20230828 3542
20230829 3539
20230830 3539
20230831 3540
20230901 3531
20230904 3531
20230905 3533
20230906 3533
20230907 3537
20230908 3538
20230912 3538
20230913 3543
20230914 3546
20230915 3544
20230916 3546
20230920 3546
20230921 3548
20230926 3548
20230927 3546
20230928 3547
20230929 3554
20230930 3546
20231002 3546
20231003 3545
20231005 3546
20231007 3542
20231009 3542
20231010 3546
20231011 3547
20231012 3546
20231013 3542
20231016 3542
20231017 3544
20231018 3548
20231019 3587
20231020 3588
20231023 3588
20231024 3590
20231025 3592
20231026 3592
20231027 3593
20231030 3593
20231031 3595
20231101 3596
20231102 3596
20231103 3598
20231104 3599
20231110 3599
20231111 3594
20231113 3594
20231114 3591
20231115 3592
20231116 3595
20231121 3595
20231122 3594
20231123 3595
20231124 3597
20231125 3599
20231128 3599
20231129 3594
20231130 3599
20231204 3599
20231205 3600
20231206 3603
20231207 3602
20231208 3603
20231211 3603
20231212 3600
20231213 3606
20231214 3609
20231215 3614
20231216 3615
20231218 3615
20231219 3618
20231220 3614
20231221 3619
20231222 3620
20231223 3616
20231227 3616
20231230 3621
20240103 3621
20240104 3622
20240105 3623
20240106 3626
20240109 3626
20240110 3627
20240111 3631
20240112 3630
20240113 3632
20240115 3632
20240116 3628
20240117 3526
20240118 3529
20240119 3527
20240120 3528
20240124 3528
20240125 3531
20240129 3531
20240130 3532
20240131 3530
20240201 3529
20240202 3530
20240205 3530
20240206 3531
20240207 3533
20240208 3538
20240209 3538
20240210 3541
20240212 3541
20240213 3539
20240214 3540
20240215 3542
20240219 3542
20240220 3541
20240221 3543
20240222 3543
20240223 3545
20240224 3544
20240226 3544
20240227 3543
20240228 3543
20240229 3542
20240301 3541
20240304 3541
20240305 3543
20240307 3543
20240308 3544
20240311 3544
20240312 3545
20240313 3548
20240318 3548
20240319 3549
20240320 3551
20240321 3552
20240322 3552
20240323 3551
20240327 3551
20240328 3548
20240329 3549
20240330 3548
20240402 3548
20240403 3547
20240404 3549
20240405 3550
20240406 3551
20240408 3551
20240409 3552
20240410 3552
20240411 3553
20240412 3555
20240415 3555
20240416 3560
20240417 3560
20240418 3561
20240419 3565
20240422 3565
20240423 3561
20240424 3561
20240425 3562
20240426 3561
20240429 3561
20240430 3562
20240501 3563
20240506 3563
20240507 3564
20240508 3566
20240509 3562
20240513 3562
20240514 3563
20240515 3565
20240516 3570
20240517 3571
20240521 3571
20240522 3570
20240523 3571
20240527 3571
20240528 3573
20240529 3573
20240530 3574
20240603 3574
20240604 3575
20240605 3576
20240606 3566
20240609 3574
20240611 3573
20240612 3575
20240613 3577
20240620 3577
20240621 3579
20240624 3579
20240626 3580
20240627 3579
20240628 3581
20240629 3582
20240701 3582
20240702 3579
20240703 3580
20240704 3578
20240705 3579
20240708 3579
20240709 3573
20240710 3583
20240711 3585
20240712 3586
20240713 3588
20240716 3588
20240717 3585
20240718 3586
20240719 3592
20240720 3594
20240726 3594
20240727 3589
20240729 3589
20240730 3588
20240731 3588
20240801 3591
20240802 3592
20240806 3592
20240808 3593
20240809 3592
20240812 3592
20240813 3590
20240814 3592
20240815 3594
20240816 3594
20240817 3595
20240820 3595
20240821 3596
20240822 3597
20240829 3597
20240830 3598
20240903 3598
20240904 3604
20240905 3605
20240906 3606
20240909 3606
20240910 3608
20240911 3608
20240912 3610
20240913 3611
20240916 3611
20240917 3614
20240918 3616
20240919 3615
20240920 3616
20240921 3617
20240922 3617
20240925 3614
20241001 3614
20241002 3615
20241003 3616
20241004 3615
20241007 3615
20241008 3617
20241009 3618
20241010 3620
20241011 3623
20241014 3623
20241015 3626
20241021 3626
20241022 3627
20241023 3628
20241025 3628
20241026 3629
20241028 3629
20241029 3632
20241030 3635
20241031 3637
20241108 3634
20241111 3634
20241112 3635
20241113 3636
20241114 3636
20241115 3640
20241116 3641
20241120 3641
20241121 3643
20241125 3643
20241126 3644
20241127 3644
20241128 3645
20241129 3645
20241130 3647
20241203 3647
20241204 3648
20241206 3648
20241207 3650
20241209 3650
20241210 3649
20241211 3649
20241212 3651
20241213 3652
20241214 3651
20241217 3651
20241218 3650
20241219 3651
20241220 3651
20241221 3654
20241222 3654
20241223 3652
20241226 3652
20241227 3651
20241230 3651
20241231 3652
20250102 3652
20250103 3653
20250104 3656
20250106 3656
20250107 3657
20250108 3658
20250109 3658
20250110 3660
20250114 3660
20250115 3665
20250116 3667
20250117 3668
20250120 3668
20250121 3666
20250123 3666
20250124 3668
20250125 3669
20250129 3669
20250130 3670
20250131 3670
20250201 3675
20250203 3675
20250204 3677
20250205 3678
20250206 3677
20250207 3677
20250208 3679
20250210 3679
20250211 3682
20250214 3682
20250215 3684
20250216 3684
20250217 3683
20250220 3683
20250221 3684
20250224 3684
20250225 3685
20250226 3689
20250227 3689
20250228 3691
20250303 3691
20250304 3673
20250305 3694
20250306 3696
20250307 3700
20250308 3701
20250310 3701
20250311 3705
20250312 3698
20250313 3699
20250314 3698
20250315 3696
20250317 3696
20250318 3686
20250319 3688
20250320 3682
20250324 3682
20250326 3672
20250327 3674
20250328 3675
20250329 3676
20250330 3676
