20230922 29167
20230924 29186
20230925 29192
20230926 29184
20230927 29167
20230928 29165
20230929 29152
20230930 29151
20231001 29164
20231002 29171
20231003 29167
20231005 29169
20231007 29173
20231008 29174
20231009 29174
20231010 29185
20231011 29191
20231012 29184
20231013 29206
20231014 29220
20231015 29223
20231016 29227
20231017 29227
20231018 29227
20231019 29227
20231020 29250
20231021 29255
20231022 29272
20231023 29269
20231024 29274
20231025 29284
20231026 29289
20231027 29292
20231028 29302
20231029 29309
20231030 29299
20231031 29291
20231101 29289
20231102 29285
