20230922 1177620
20230924 1176936
20230925 1177164
20230926 1177152
20230927 1176512
20230928 1176495
20230929 1176389
20230930 1176413
20231001 1176333
20231002 1176559
20231003 1176511
20231005 1176585
20231007 1176132
20231008 1175880
20231009 1175907
20231010 1175819
20231011 1175265
20231012 1174964
20231013 1174857
20231014 1174432
20231015 1173435
20231016 1173172
20231017 1173172
20231018 1171568
20231019 1171568
20231020 1169612
20231021 1169295
20231022 1169220
20231023 1169057
20231024 1168711
20231025 1168384
20231026 1168128
20231027 1167724
20231028 1167224
20231029 1166957
20231030 1166758
20231031 1166783
20231101 1166859
20231102 1166028
20231103 1163232
20231104 1162408
20231105 1162317
20231106 1160872
20231107 1160841
20231108 1160841
20231109 1155509
20231110 1155404
20231111 1155305
