20230707 69732
20230709 69732
20230710 69732
20230711 69732
20230712 69732
20230714 69732
20230715 69732
20230716 69732
20230717 69732
20230718 69732
20230719 69732
20230720 69732
20230721 69732
20230722 69732
20230723 69732
20230724 69732
20230725 69732
20230726 69732
20230727 69732
20230728 69732
20230729 69732
20230730 69732
20230731 69732
20230801 69732
20230802 69732
20230803 69732
20230804 69732
20230805 69732
20230806 69732
20230807 69732
20230808 69732
20230809 69732
20230810 69732
20230811 69732
20230812 69732
