20230707 50
20230709 50
20230710 50
20230711 50
20230712 50
20230714 50
20230715 50
20230716 50
20230717 50
20230718 50
20230719 50
20230720 50
20230721 50
20230722 50
20230723 50
20230724 50
20230725 50
20230726 50
20230727 50
20230728 50
20230729 50
20230730 50
20230731 50
20230801 50
20230802 50
20230803 50
20230804 50
20230805 50
20230806 50
20230807 50
20230808 50
20230809 50
20230810 50
20230811 50
20230812 50
20230813 50
20230815 50
20230816 50
20230817 50
20230818 50
20230819 50
20230820 50
20230821 50
20230822 50
20230823 50
20230824 50
20230825 50
20230826 50
20230827 50
20230828 50
20230829 50
20230830 50
20230831 50
20230901 50
20230902 50
20230903 50
20230904 50
20230905 50
20230906 50
20230907 50
20230908 50
20230909 50
20230910 50
20230911 50
20230912 50
20230913 50
20230914 50
20230915 50
20230916 50
20230917 50
20230918 50
20230919 50
20230920 49
20230921 49
20230922 49
20230923 49
20230924 49
20230925 49
20230926 49
20230927 49
20230928 49
20230929 49
20230930 49
20231001 49
20231002 49
20231003 49
