20230707 3
20230709 3
20230710 3
20230711 3
20230712 3
20230714 3
20230715 3
20230716 3
20230717 3
20230718 3
20230719 3
20230720 3
20230721 3
20230722 3
20230723 3
20230724 3
20230725 3
20230726 3
20230727 3
20230728 3
20230729 3
20230730 3
20230731 3
20230801 3
20230802 3
20230803 3
20230804 3
20230805 3
20230806 3
20230807 3
20230808 3
20230809 3
20230810 3
20230811 3
20230812 3
20230813 3
20230815 4
20230816 4
20230817 4
20230818 4
20230819 4
20230820 4
20230821 4
20230822 4
20230823 4
20230824 4
20230825 4
20230826 4
20230827 4
20230828 4
20230829 4
20230830 4
20230831 4
20230901 4
20230902 4
20230903 4
20230904 4
20230905 4
20230906 4
20230907 4
20230908 4
20230909 4
20230910 4
20230911 4
20230912 4
20230913 4
20230914 4
20230915 4
20230916 4
20230917 4
20230918 4
20230919 4
20230920 3
20230921 8
20230922 25
20230923 26
20230924 26
20230925 26
20230926 26
20230927 28
20230928 62
20230929 64
20230930 64
20231001 68
20231002 68
20231003 68
20231005 73
20231007 78
20231008 78
20231009 79
20231010 79
20231011 82
20231012 83
20231013 83
20231014 94
20231015 94
20231016 97
20231017 99
20231018 119
20231019 124
20231020 126
20231021 127
20231022 127
20231023 128
20231024 128
20231025 135
20231026 135
20231027 135
20231028 135
20231029 135
20231030 135
20231031 135
20231101 135
20231102 135
20231103 135
20231104 135
20231105 136
20231106 136
20231107 136
20231108 136
20231109 137
20231110 137
20231111 137
20231112 137
20231113 137
20231114 137
20231115 137
20231116 139
20231117 139
20231118 147
20231120 147
20231121 147
20231122 147
20231123 147
20231124 147
20231125 147
20231126 147
20231127 147
20231128 147
20231129 147
20231130 147
20231201 164
20231202 178
20231203 181
20231204 222
20231205 253
20231206 1022
20231207 1400
20231208 1495
20231209 1585
20231210 1644
20231211 1644
20231212 1693
20231213 1756
20231214 1812
20231215 1851
20231216 1883
20231217 1883
20231218 1949
20231219 1949
20231220 2016
20231221 2064
20231222 2097
20231223 2097
20231224 2145
20231225 2201
20231226 2236
20231227 2285
20231230 2402
20231231 2436
20240101 2436
20240102 2462
20240103 2503
20240104 2521
20240105 2521
20240106 2536
20240107 2603
20240108 2603
20240109 2638
20240110 2638
20240111 2648
20240112 2685
20240113 2704
20240114 2704
20240115 2716
20240116 2734
20240117 2756
20240118 2778
20240119 2788
20240120 2795
20240121 2806
20240122 2823
20240124 2865
20240125 2871
20240126 2871
20240127 2871
20240128 2871
20240129 2871
20240130 2933
20240131 2933
20240201 2947
20240202 2960
20240203 2977
20240204 2977
20240205 2991
20240206 3015
20240207 3025
