20230707 846
20230709 845
20230710 844
20230711 845
20230712 846
20230714 837
20230715 833
20230716 832
20230717 832
20230718 833
20230719 832
20230720 832
20230721 833
20230722 832
20230723 832
20230724 831
20230725 831
20230726 828
20230727 831
20230728 832
20230729 834
20230730 831
20230731 831
20230801 830
20230802 832
20230803 832
20230804 832
20230805 833
20230806 833
20230807 833
20230808 834
20230809 834
20230810 833
20230811 834
20230812 834
20230813 834
20230815 833
20230816 830
20230817 831
20230818 831
20230819 832
20230820 831
20230821 832
20230822 833
20230823 835
20230824 835
20230825 835
20230826 835
20230827 835
20230828 835
20230829 835
20230830 836
20230831 835
20230901 834
20230902 834
20230903 833
20230904 833
20230905 835
20230906 834
20230907 834
20230908 834
20230909 834
20230910 834
20230911 834
20230912 833
20230913 833
20230914 833
20230915 834
20230916 833
20230917 833
20230918 834
20230919 836
20230920 764
20230921 765
20230922 768
20230923 769
20230924 767
20230925 769
20230926 769
20230927 772
20230928 770
20230929 769
20230930 772
20231001 772
20231002 771
20231003 771
20231005 770
20231007 770
20231008 772
20231009 773
20231010 773
20231011 773
20231012 773
20231013 778
20231014 778
20231015 779
20231016 779
20231017 778
20231018 776
20231019 776
20231020 777
20231021 776
20231022 775
20231023 774
20231024 773
20231025 772
20231026 773
20231027 772
20231028 771
20231029 772
20231030 772
20231031 771
20231101 771
20231102 771
20231103 771
20231104 769
20231105 768
20231106 767
20231107 767
20231108 767
20231109 769
20231110 768
20231111 769
20231112 770
20231113 769
20231114 766
20231115 766
20231116 766
20231117 765
20231118 765
20231120 763
20231121 762
20231122 765
20231123 764
20231124 764
20231125 762
20231126 762
20231127 762
20231128 762
20231129 762
20231130 763
20231201 762
20231202 763
20231203 764
20231204 764
20231205 765
20231206 767
20231207 768
20231208 768
20231209 765
20231210 768
20231211 770
20231212 769
20231213 770
20231214 769
20231215 771
20231216 773
20231217 775
20231218 775
20231219 773
20231220 771
20231221 774
20231222 774
20231223 772
20231224 772
20231225 772
20231226 771
20231227 770
20231230 767
20231231 767
20240101 770
20240102 770
20240103 770
20240104 771
20240105 773
20240106 801
20240107 801
20240108 801
20240109 802
20240110 802
20240111 831
20240112 831
20240113 831
20240114 830
20240115 831
20240116 830
20240117 830
20240118 829
20240119 830
20240120 829
20240121 830
20240122 830
20240124 828
20240125 827
20240126 828
20240127 828
20240128 827
20240129 827
20240130 823
