20230707 10354
20230709 10349
20230710 10358
20230711 10355
20230712 10351
20230713 10349
20230714 10345
20230715 10348
20230716 10346
20230717 10343
20230718 10346
20230719 10347
20230720 10345
20230721 10355
20230722 10356
20230723 10351
20230724 10351
20230725 10356
20230726 10357
20230727 10368
20230728 10377
20230729 10393
20230730 10407
20230731 10414
20230801 10417
20230802 10446
20230803 10445
20230804 10442
20230805 10444
20230806 10456
20230807 10441
20230808 10438
20230809 10434
20230810 10425
20230811 10404
20230812 10405
20230813 10401
20230815 10397
20230816 10398
20230817 10404
20230818 10383
20230819 10395
20230820 10385
20230821 10371
20230822 10357
20230823 10356
20230824 10358
20230825 10358
