20230707 6499
20230709 6497
20230710 6495
20230711 6492
20230712 6490
20230713 6495
20230714 6495
20230715 6495
20230716 6490
20230717 6483
20230718 6486
20230719 6479
20230720 6484
20230721 6486
20230722 6488
20230723 6485
20230724 6481
20230725 6477
20230726 6479
20230727 6471
20230728 6472
20230729 6474
20230730 6472
20230731 6472
20230801 6472
20230802 6477
20230803 6479
20230804 6477
20230805 6476
20230806 6477
20230807 6471
20230808 6469
20230809 6468
20230810 6473
20230811 6469
20230812 6467
20230813 6465
20230815 6467
20230816 6468
20230817 6468
20230818 6463
20230819 6458
20230820 6453
20230821 6454
20230822 6453
20230823 6452
20230824 6450
20230825 6450
20230826 6449
