20230922 5333
20230924 5344
20230925 5364
20230926 5349
20230927 5347
20230928 5352
20230929 5332
20230930 5348
20231001 5347
20231002 5334
20231003 5331
20231005 5327
20231007 5338
20231008 5337
20231009 5333
20231010 5337
20231011 5332
20231012 5326
20231013 5342
20231014 5339
20231015 5332
20231016 5334
20231017 5334
20231018 5330
20231019 5330
20231020 5326
20231021 5334
20231022 5341
20231023 5341
20231024 5336
20231025 5327
20231026 5318
20231027 5333
20231028 5314
20231029 5315
20231030 5306
20231031 5315
20231101 5306
20231102 5290
20231103 5297
20231104 5301
20231105 5310
