20230922 13
20230924 13
20230925 13
20230926 13
20230927 13
20230928 13
20230929 13
20230930 13
20231001 13
20231002 13
20231003 13
20231005 13
20231007 13
20231008 13
20231009 13
20231010 13
20231011 13
20231012 13
20231013 13
20231014 13
20231015 13
20231016 13
20231017 13
20231018 13
20231019 13
20231020 13
20231021 13
20231022 13
20231023 13
20231024 13
20231025 13
20231026 13
20231027 13
20231028 13
20231029 13
20231030 13
20231031 13
20231101 13
20231102 13
20231103 13
20231104 13
20231105 13
20231106 13
20231107 13
20231108 13
20231109 13
20231110 13
20231111 13
20231112 13
20231113 13
20231114 13
20231115 13
20231116 13
20231117 13
20231118 13
20231120 13
20231121 13
