20230707 13759
20230709 13755
20230710 13752
20230711 13743
20230712 13741
20230713 13733
20230714 13739
20230715 13736
20230716 13732
20230717 13730
20230718 13731
20230719 13727
20230720 13719
20230721 13708
20230722 13707
20230723 13695
20230724 13696
20230725 13702
20230726 13726
20230727 13735
20230728 13732
20230729 13739
20230730 13734
20230731 13727
20230801 13734
20230802 13735
20230803 13734
20230804 13740
20230805 13740
20230806 13732
20230805 13740
20230807 13726
20230805 13740
20230808 13728
20230805 13740
20230809 13733
20230810 13733
20230811 13740
20230810 13733
20230812 13738
20230810 13733
20230813 13732
20230810 13733
20230815 13726
20230810 13733
20230816 13724
20230810 13733
20230817 13734
20230810 13733
20230818 13723
20230810 13733
20230819 13715
20230820 13715
20230821 13717
20230820 13715
20230822 13724
20230820 13715
20230823 13736
20230820 13715
20230824 13739
20230820 13715
20230825 13732
20230820 13715
20230826 13719
20230820 13715
20230827 13717
20230820 13715
20230828 13710
20230820 13715
20230829 13709
20230820 13715
20230830 13710
20230820 13715
20230831 13719
20230820 13715
20230901 13706
20230820 13715
20230902 13708
20230820 13715
20230903 13698
20230820 13715
20230904 13699
20230820 13715
20230905 13696
20230820 13715
20230906 13706
20230820 13715
20230907 13711
20230820 13715
20230908 13701
20230820 13715
20230909 13684
20230820 13715
20230910 13686
20230911 13686
20230912 13690
20230911 13686
20230913 13693
20230911 13686
20230914 13706
20230911 13686
20230915 13704
20230911 13686
20230916 13696
20230911 13686
20230917 13697
20230911 13686
20230918 13699
20230911 13686
20230919 13694
20230911 13686
20230920 13638
20230911 13686
20230921 13655
20230911 13686
20230922 13653
20230911 13686
20230923 13657
20230911 13686
20230924 13666
20230911 13686
20230925 13668
20230911 13686
20230926 13671
20230911 13686
20230927 13677
20230911 13686
20230928 13679
20230911 13686
20230929 13663
20230911 13686
20230930 13654
20230911 13686
20231001 13652
20230911 13686
20231002 13651
20230911 13686
20231003 13652
20230911 13686
20231005 13666
20230911 13686
20231007 13649
20230911 13686
20231008 13654
20230911 13686
20231009 13656
20230911 13686
20231010 13660
20230911 13686
20231011 13654
20230911 13686
20231012 13653
20230911 13686
20231013 13658
20230911 13686
20231014 13654
20230911 13686
20231015 13650
20230911 13686
20231016 13644
20230911 13686
20231017 13655
20230911 13686
20231018 13638
20230911 13686
20231019 13634
20230911 13686
20231020 13635
20230911 13686
20231021 13632
20230911 13686
20231022 13638
20230911 13686
20231023 13639
20230911 13686
20231024 13635
20230911 13686
20231025 13643
20230911 13686
20231026 13642
20230911 13686
20231027 13641
20230911 13686
20231028 13636
20230911 13686
20231029 13617
20230911 13686
20231030 13615
20230911 13686
20231031 13607
20230911 13686
20231101 13606
20230911 13686
20231102 13603
20230911 13686
20231103 13595
20230911 13686
20231104 13600
20230911 13686
20231105 13601
20230911 13686
20231106 13593
20230911 13686
20231107 13595
20230911 13686
20231108 13593
20230911 13686
20231109 13574
20230911 13686
20231110 13568
20230911 13686
20231111 13574
20230911 13686
20231112 13579
20230911 13686
20231113 13567
20230911 13686
20231114 13487
20230911 13686
20231115 13466
20230911 13686
20231116 13462
20230911 13686
20231117 13457
20230911 13686
20231118 13424
20230911 13686
20231120 13405
20230911 13686
20231121 13363
20230911 13686
20231122 13362
20230911 13686
20231123 13359
20231124 13359
20231125 13355
20231124 13359
20231126 13349
20231124 13359
20231127 13339
20231124 13359
20231128 13335
20231124 13359
20231129 13337
20231124 13359
20231130 13326
20231124 13359
20231201 13330
20231124 13359
20231202 13328
20231124 13359
20231203 13321
20231124 13359
20231204 13312
20231124 13359
20231205 13313
20231124 13359
20231206 13320
20231124 13359
20231207 13321
20231124 13359
20231208 13332
20231124 13359
20231209 13326
20231124 13359
20231210 13322
20231124 13359
20231211 13283
20231124 13359
20231212 13279
20231124 13359
20231213 13275
20231124 13359
20231214 13284
20231124 13359
20231215 13278
20231124 13359
20231216 13273
20231124 13359
20231217 13268
20231124 13359
20231218 13267
20231124 13359
20231219 13262
20231124 13359
20231220 13263
20231124 13359
20231221 13271
20231124 13359
20231222 13269
20231124 13359
20231223 13273
20231124 13359
20231224 13270
20231124 13359
20231225 13269
20231124 13359
20231226 13266
20231227 13266
20231230 13246
20231227 13266
20231231 13248
20231227 13266
20240101 13241
20231227 13266
20240102 13233
20231227 13266
20240103 13211
20231227 13266
20240104 13207
20231227 13266
20240105 13201
20231227 13266
20240106 13230
20231227 13266
20240107 13235
20231227 13266
20240108 13232
20231227 13266
20240109 13225
20231227 13266
20240110 13235
20231227 13266
20240111 13263
20231227 13266
20240112 13258
20231227 13266
20240113 13256
20231227 13266
20240114 13257
20231227 13266
20240115 13251
20240116 13251
20240117 13249
20240116 13251
20240118 13253
20240116 13251
20240119 13254
20240116 13251
20240120 13267
20240116 13251
20240121 13260
20240116 13251
20240122 13248
20240116 13251
20240124 13252
20240116 13251
20240125 13258
20240116 13251
20240126 13257
20240116 13251
20240127 13260
20240116 13251
20240128 13256
20240116 13251
20240129 13248
20240116 13251
20240130 13255
20240131 13251
20240116 13251
20240201 13254
20240116 13251
20240202 13256
20240203 13256
20240204 13255
20240203 13256
20240205 13250
20240203 13256
20240206 13258
20240203 13256
20240207 13260
20240203 13256
20240208 13265
20240203 13256
20240209 13271
20240203 13256
20240210 13267
20240203 13256
20240211 13270
20240213 13270
20240214 13265
20240213 13270
20240215 13262
20240213 13270
20240216 13260
20240213 13270
20240217 13261
20240218 13261
20240219 13263
20240218 13261
20240220 13258
20240218 13261
20240221 13248
20240218 13261
20240222 13250
20240218 13261
20240223 13248
20240218 13261
20240224 13247
20240218 13261
20240225 13239
20240218 13261
20240226 13232
20240218 13261
20240227 13236
20240218 13261
20240228 13235
20240218 13261
20240229 13237
20240301 13237
20240302 13238
20240301 13237
20240303 13233
20240301 13237
20240304 13229
20240301 13237
20240305 13232
20240301 13237
20240306 13229
20240301 13237
20240307 13226
20240301 13237
20240308 13231
20240301 13237
20240309 13230
20240301 13237
20240310 13218
20240301 13237
20240311 13224
20240301 13237
20240312 13234
20240313 13237
20240301 13237
20240314 13250
20240315 13250
20240316 13239
20240317 13250
20240315 13250
20240318 13245
20240315 13250
20240319 13248
20240315 13250
20240320 13246
20240315 13250
20240321 13241
20240315 13250
20240322 13240
20240315 13250
20240323 13229
20240315 13250
20240324 13219
20240315 13250
20240325 13213
20240326 13213
20240327 13214
20240326 13213
20240328 13211
20240329 13213
20240326 13213
20240330 13211
20240326 13213
20240331 13217
20240326 13213
20240401 13216
20240326 13213
20240402 13219
20240326 13213
20240403 13220
20240326 13213
20240404 13218
20240326 13213
20240405 13222
20240326 13213
20240406 13221
20240326 13213
20240407 13219
20240326 13213
20240408 13218
20240326 13213
20240409 13207
20240326 13213
20240410 13206
20240326 13213
20240411 13179
20240326 13213
20240412 13189
20240326 13213
20240413 13193
20240326 13213
20240415 13189
20240326 13213
20240416 13188
20240326 13213
20240417 13186
20240326 13213
20240418 13188
20240326 13213
20240419 13184
20240326 13213
20240420 13197
20240326 13213
20240421 13191
20240326 13213
20240422 13190
20240326 13213
20240423 13199
20240326 13213
20240424 13203
20240425 13213
20240326 13213
20240426 13216
20240326 13213
20240427 13208
20240326 13213
20240428 13214
20240326 13213
20240429 13209
20240326 13213
20240430 13211
20240326 13213
20240501 13218
20240503 13218
20240504 13207
20240503 13218
20240505 13210
20240503 13218
20240506 13246
20240507 13246
20240508 13242
20240509 13242
20240510 13253
20240509 13242
20240511 13264
20240509 13242
20240512 13255
20240509 13242
20240513 13259
20240509 13242
20240514 13267
20240509 13242
20240515 13281
20240509 13242
20240516 13279
20240509 13242
20240517 13275
20240509 13242
20240518 13270
20240509 13242
20240519 13266
20240509 13242
20240520 13260
20240521 13260
20240522 13253
20240521 13260
20240523 13262
20240521 13260
20240524 13265
20240521 13260
20240525 13261
20240521 13260
20240526 13259
20240521 13260
20240527 13254
20240521 13260
20240528 13246
20240521 13260
20240529 13251
20240521 13260
20240530 13239
20240521 13260
20240531 13244
20240601 13244
20240602 13240
20240601 13244
20240603 13227
20240605 13227
20240606 13223
20240605 13227
20240609 13202
20240605 13227
20240611 13200
20240605 13227
20240612 13199
20240605 13227
20240613 13206
20240605 13227
20240614 13193
20240605 13227
20240615 13188
20240605 13227
20240616 13181
20240605 13227
20240617 13177
20240605 13227
20240618 13172
20240605 13227
20240620 13167
20240605 13227
20240621 13172
20240605 13227
20240622 13168
20240605 13227
20240623 13162
20240605 13227
20240624 13158
20240605 13227
20240626 13152
20240605 13227
20240627 13153
20240605 13227
20240628 13150
20240605 13227
20240629 13141
20240605 13227
20240630 13135
20240605 13227
20240701 13137
20240605 13227
20240702 13139
20240605 13227
20240703 13140
20240605 13227
20240704 13139
20240605 13227
20240705 13134
20240706 13134
20240707 13125
20240708 13125
20240709 13123
20240708 13125
20240710 13118
20240711 13118
20240712 13117
20240711 13118
20240713 13105
20240711 13118
20240714 13099
20240711 13118
20240715 13093
20240711 13118
20240716 13116
20240711 13118
20240717 13122
20240711 13118
20240718 13124
20240711 13118
20240719 13122
20240711 13118
20240720 13121
20240711 13118
20240721 13115
20240711 13118
20240722 13119
20240711 13118
20240723 13117
20240724 13117
20240725 13126
20240724 13117
20240726 13119
20240727 13117
20240724 13117
20240728 13113
20240729 13113
20240730 13110
20240731 13110
20240801 13115
20240731 13110
20240802 13116
20240731 13110
20240803 13113
20240731 13110
20240804 13104
20240731 13110
20240805 13105
20240731 13110
20240806 13107
20240807 13107
20240808 13106
20240807 13107
20240809 13115
20240807 13107
20240810 13117
20240807 13107
20240811 13121
20240807 13107
20240812 13119
20240807 13107
20240813 13120
20240807 13107
20240814 13117
20240807 13107
20240815 13119
20240807 13107
20240816 13127
20240807 13107
20240817 13135
20240807 13107
20240818 13138
20240807 13107
20240819 13140
20240807 13107
20240820 13146
20240807 13107
20240821 13153
20240807 13107
20240822 13163
20240807 13107
20240823 13168
20240807 13107
20240824 13166
20240807 13107
20240825 13171
20240807 13107
20240826 13170
20240807 13107
20240827 13171
20240807 13107
20240828 13182
20240807 13107
20240829 13195
20240807 13107
20240830 13211
20240807 13107
20240831 13243
20240807 13107
20240901 13350
20240807 13107
20240902 13416
20240807 13107
20240903 13470
20240807 13107
20240904 13511
20240807 13107
20240905 13565
20240807 13107
20240906 13594
20240807 13107
20240907 13632
20240807 13107
20240908 13662
20240807 13107
20240909 13671
20240807 13107
20240910 13717
20240807 13107
20240911 13775
20240807 13107
20240912 13808
20240807 13107
20240913 13846
20240807 13107
20240914 13922
20240807 13107
20240915 14042
20240807 13107
20240916 14233
20240807 13107
20240917 14355
20240807 13107
20240918 14470
20240807 13107
20240919 14526
20240807 13107
20240920 14568
20240807 13107
20240921 14660
20240807 13107
20240921 14739
20240922 14739
20240925 14894
20240925 14894
