20230707 87
20230709 87
20230710 87
20230711 87
20230712 87
20230714 87
20230715 87
20230716 87
20230717 87
20230718 87
20230719 87
20230720 87
20230721 87
20230722 87
20230723 87
20230724 87
20230725 87
20230726 87
20230727 87
20230728 87
20230729 87
20230730 87
20230731 87
20230801 87
20230802 87
20230803 87
20230804 87
20230805 87
20230806 87
20230807 87
20230808 87
20230809 88
20230810 88
20230811 88
20230812 88
20230813 88
20230815 88
20230816 88
20230817 88
20230818 88
20230819 88
20230820 88
20230821 88
20230822 88
20230823 88
20230824 88
20230825 88
20230826 88
20230827 88
20230828 88
20230829 88
20230830 88
20230831 88
20230901 88
20230902 88
20230903 88
20230904 88
20230905 88
20230906 88
20230907 88
20230908 88
20230909 88
20230910 88
20230911 88
20230912 88
20230913 88
20230914 88
20230915 88
20230916 88
20230917 88
20230918 88
20230919 88
20230920 86
20230921 86
20230922 86
20230923 86
20230924 86
20230925 86
20230926 86
20230927 86
20230928 86
20230929 86
20230930 86
20231001 86
20231002 86
20231003 86
20231005 86
20231007 86
20231008 86
20231009 86
20231010 86
20231011 86
20231012 86
20231013 86
20231014 86
20231015 86
20231016 86
20231017 86
20231018 86
20231019 86
20231020 86
20231021 86
20231022 86
20231023 86
20231024 86
20231025 86
20231026 86
20231027 86
20231028 86
20231029 86
20231030 86
