20230922 1853
20230924 1853
20230925 1852
20230926 1850
20230927 1850
20230928 1849
20230929 1849
20230930 1848
20231001 1848
20231002 1848
20231003 1848
20231005 1851
20231007 1851
20231008 1851
20231009 1848
20231010 1847
20231011 1848
20231012 1848
20231013 1854
20231014 1854
20231015 1852
20231016 1851
20231017 1851
20231018 1853
20231019 1853
20231020 1855
20231021 1849
20231022 1852
20231023 1853
20231024 1853
20231025 1848
20231026 1853
20231027 1848
20231028 1851
20231029 1854
20231030 1857
20231031 1855
20231101 1859
20231102 1859
20231103 1859
20231104 1860
20231105 1860
20231106 1856
20231107 1856
20231108 1856
20231109 1856
20231110 1859
20231111 1860
20231112 1859
20231113 1860
20231114 1860
20231115 1860
20231116 1858
20231117 1859
