20230707 188
20230709 188
20230710 188
20230711 188
20230712 188
20230714 188
20230715 188
20230716 188
20230717 188
20230718 188
20230719 188
20230720 188
20230721 188
20230722 188
20230723 188
20230724 188
20230725 188
20230726 188
20230727 188
20230728 188
20230729 188
20230730 188
20230731 188
20230801 188
20230802 188
20230803 188
20230804 188
20230805 188
20230806 188
20230807 188
20230808 188
20230809 188
20230810 189
20230811 189
20230812 189
20230813 189
20230815 189
20230816 189
20230817 189
20230818 189
20230819 189
20230820 189
20230821 189
20230822 189
20230823 189
20230824 189
20230825 189
20230826 189
20230827 189
20230828 189
20230829 189
20230830 189
20230831 189
20230901 189
20230902 189
20230903 189
20230904 189
20230905 189
20230906 189
20230907 189
20230908 189
