20230707 29938
20230710 29938
20230711 29938
20230712 29938
20230714 29938
20230715 29938
20230716 29938
20230717 29938
20230718 29938
20230719 29938
20230720 29938
20230721 29938
20230722 29938
20230723 29938
20230724 29938
20230725 29938
20230726 29938
20230727 29938
20230728 29938
20230729 29938
20230730 29938
20230731 29938
20230801 29938
20230802 29938
20230803 29938
20230804 29938
20230805 29938
20230806 29938
20230807 29938
20230808 29938
20230809 29938
20230810 29938
20230812 29938
20230813 29938
20230815 29938
20230816 29938
20230818 29938
20230819 29938
20230820 29938
20230821 29938
20230822 29938
20230823 29938
20230824 29938
20230825 29938
20230826 29938
20230827 29938
20230828 29938
20230829 29938
20230830 29938
20230831 29938
20230901 29938
20230902 29938
20230903 29938
20230904 29938
20230905 29938
20230906 29938
20230907 29938
20230908 29938
20230909 29938
20230910 29938
20230911 29938
20230912 29938
20230913 29938
20230914 29938
20230915 29938
20230916 29938
20230917 29938
20230918 29938
20230919 29938
20230920 29938
20230921 29938
20230922 29938
20230923 29938
20230924 29938
20230925 29938
20230926 29938
20230927 29938
20230928 29938
20230929 29938
20230930 29938
20231001 29938
20231002 29938
20231003 29938
20231005 29938
20231007 29938
20231008 29938
20231009 29938
20231010 29938
20231011 29938
20231012 29938
20231013 29938
20231014 29938
20231015 29938
20231016 29938
20231017 29938
20231018 29938
20231019 29938
20231020 29938
20231021 29938
20231022 29938
20231023 29938
20231024 29938
20231025 29938
20231026 29938
20231027 29938
20231028 29938
20231029 29938
20231030 29938
20231031 29938
20231101 29938
20231102 29938
20231103 29938
20231104 29938
20231105 29938
20231105 29938
20231106 29938
20231107 29938
20231108 29938
20231109 29938
20231110 29938
20231111 29938
20231112 29938
20231113 29938
20231114 29938
20231115 29938
20231116 29938
