20230922 8282
20230924 8326
20230925 8351
20230926 8363
20230927 8376
20230928 8386
20230929 8400
20230930 8410
20231001 8447
20231002 8472
20231003 8489
20231005 8506
20231007 8532
20231008 8542
20231009 8553
20231010 8563
20231011 8566
20231012 8589
20231013 8596
20231014 8606
20231015 8626
20231016 8642
20231017 8642
20231018 8663
20231019 8663
20231020 8678
20231021 8688
20231022 8709
20231023 8720
20231024 8734
20231025 8737
20231026 8749
20231027 8757
20231028 8760
20231029 8764
20231030 8769
20231031 8775
20231101 8779
20231102 8781
20231103 8787
20231104 8798
20231105 8806
20231106 8808
20231107 8811
20231108 8811
20231109 8820
20231110 8829
20231111 8835
20231112 8841
20231113 8844
20231114 8850
20231115 8860
20231116 8864
20231117 8874
20231118 8881
20231120 8885
20231121 8857
20231122 8878
20231123 8883
20231124 8892
20231125 8897
20231126 8911
20231127 8913
20231128 8922
20231129 8928
20231130 8942
20231201 8969
20231202 9015
20231203 9061
20231204 9112
20231205 9112
20231206 9146
20231207 9015
20231208 8138
20231209 8217
20231210 8266
20231211 8287
20231212 8304
20231213 8317
20231214 8331
20231215 8365
20231216 8410
20231217 8410
20231218 8461
20231219 8475
20231220 8482
20231221 8484
20231222 8492
20231223 8510
20231224 8524
20231225 8524
20231226 8505
20231227 8539
20231230 8560
20231231 8579
20240101 8582
20240102 8585
20240103 8599
20240104 8602
20240105 8599
20240106 8608
20240107 8632
20240108 8643
20240109 8650
20240110 8649
20240111 8651
20240112 8657
20240113 8671
20240114 8688
20240115 8683
20240116 8688
20240117 8697
20240118 8716
20240119 31205
20240120 8726
20240121 8710
20240122 8721
20240124 8726
20240125 8731
20240126 8734
20240127 8733
20240128 8742
20240129 8744
20240130 8739
20240131 8784
20240201 8785
20240202 8797
20240203 8797
20240204 8799
20240205 8795
20240206 8793
20240207 8789
20240208 8792
20240209 8794
20240210 8792
20240211 8811
20240212 8809
20240213 8814
20240214 8817
20240215 8821
20240216 8828
20240217 8831
20240218 8833
20240219 8833
20240220 8832
20240221 8841
20240222 8841
20240223 8847
20240224 8854
20240225 8865
20240226 8911
20240227 8944
20240228 8952
20240229 8955
20240301 8956
20240302 8961
20240303 8959
20240304 8961
20240305 8966
20240306 8966
20240307 8947
20240308 8944
20240309 8945
20240310 8949
20240311 8960
20240312 8959
20240313 8951
20240314 8957
20240315 8961
20240316 8966
20240317 8993
20240318 9018
20240319 9034
20240320 9040
20240321 8619
20240322 8314
20240323 8220
20240324 8234
20240325 8249
20240326 8252
20240327 8254
20240328 8253
20240329 8254
20240330 8263
20240331 8284
20240401 8297
20240402 8302
20240403 8299
20240404 8313
20240405 8318
20240406 8326
20240407 8331
20240408 8352
20240409 8370
20240410 8382
20240411 8387
20240412 8397
20240413 8406
20240415 8425
20240416 8433
20240417 8435
20240418 8437
20240419 8444
20240420 8452
20240421 8449
20240422 8466
20240423 8465
20240424 8473
20240425 8484
20240426 8497
20240427 8505
20240428 8505
20240429 8523
20240430 8544
20240501 8558
20240503 8586
20240504 8606
20240505 8633
20240506 8633
20240507 8644
20240508 8650
20240509 8669
20240510 8707
20240511 8718
20240512 8718
20240513 8713
20240514 8713
20240515 8709
20240516 8714
20240517 8719
20240518 8725
20240519 8731
20240520 8737
20240521 8809
20240522 9041
20240523 9094
20240524 9327
20240525 9402
20240526 9425
20240527 9489
20240528 9489
20240529 9513
20240530 9520
20240531 9552
20240601 9581
20240602 9587
20240603 9584
20240604 9616
20240605 9626
20240606 9671
20240609 9697
20240611 9702
20240612 9699
20240613 9702
20240614 9706
20240615 9713
20240616 9713
20240617 9723
20240618 9724
20240620 9735
20240621 9750
20240623 9750
20240624 9717
20240626 9732
20240627 9745
20240628 9759
20240629 9754
20240630 9754
20240701 9760
20240702 9765
20240703 9765
20240704 9769
20240705 9773
20240706 9778
20240707 9774
20240708 9779
20240709 9779
20240710 9778
20240711 9772
20240712 9747
20240713 9747
20240714 9751
20240715 9755
20240716 9753
20240717 9753
20240718 9752
