20230707 43
20230919 43
20230920 41
20240624 41
20240626 41
20240627 41
20240628 41
20240629 41
20240630 41
20240701 41
20240702 41
20240703 41
20240704 41
20240705 41
20240706 41
20240707 41
20240708 41
20240709 41
20240710 41
20240711 41
20240712 41
20240713 41
20240714 41
20240715 41
20240716 41
20240717 41
20240718 41
20240719 41
20240720 41
20240721 41
20240722 41
20240723 41
20240724 41
20240725 41
20240726 41
20240727 41
20240728 41
20240729 41
20240730 41
20240731 41
20240801 41
20240802 41
20240803 41
20240804 41
20240805 41
20240806 41
20240807 41
20240808 41
20240809 41
20240810 41
20240811 41
20240812 41
20240813 41
20240814 41
20240815 41
20240816 41
20240817 41
20240818 41
