20230922 4650
20230924 4651
20230925 4655
20230926 4663
20230927 4664
20230928 4668
20230929 4657
20230930 4665
20231001 4674
20231002 4677
20231003 4683
20231005 4683
20231007 4659
20231008 4663
20231009 4667
20231010 4669
20231011 4669
20231012 4652
20231013 4645
20231014 4596
20231015 4588
20231016 4593
20231017 4593
20231018 4597
20231019 4597
20231020 4601
20231021 4596
20231022 4586
20231023 4582
20231024 4587
20231025 4586
20231026 4574
20231027 4556
20231028 4532
20231029 4474
20231030 4478
20231031 4479
20231101 4480
20231102 4482
20231103 4485
20231104 4485
20231105 4487
20231106 4469
20231107 4470
20231108 4470
20231109 4473
20231110 4463
20231111 4451
20231112 4445
20231113 4450
20231114 4451
20231115 4451
20231116 4453
20231117 4454
20231118 4453
20231120 4454
20231121 4457
20231122 4453
20231123 4453
20231124 4456
20231125 4453
20231126 4453
20231127 4460
20231130 4460
20231201 4458
20231202 4459
20231203 4462
20231204 4465
20231206 4465
20231207 4467
20231208 4464
20231209 4468
20231210 4469
20231212 4469
20231213 4473
20231214 4473
20231215 4467
20231216 4467
20231217 4468
20231218 4466
20231219 4472
20231220 4477
20231221 4479
20231222 4481
20231224 4481
20231225 4484
20231226 4484
20231227 4485
20231230 4501
20231231 4501
20240101 4506
20240102 4506
20240103 4508
20240104 4507
20240105 4508
20240106 4513
20240107 4514
20240108 4520
20240109 4521
20240110 4521
20240111 4522
20240112 4528
20240113 4524
20240114 4526
20240115 4526
20240116 4529
20240117 4533
20240118 4535
20240119 4955
20240120 4534
20240121 4528
20240122 4527
20240124 4528
20240125 4529
20240126 4531
20240127 4501
20240129 4501
20240130 4506
20240131 4508
20240201 4510
20240202 4514
20240203 4518
20240204 4521
20240205 4522
20240206 4526
20240207 4532
20240208 4527
20240209 4531
20240210 4535
20240211 4535
20240212 4537
20240213 4537
20240214 4540
20240216 4540
20240217 4542
20240218 4542
20240219 4541
20240220 4542
20240221 4542
20240222 4538
20240224 4538
20240225 4537
20240226 4535
20240227 4538
20240228 4538
20240229 4539
20240301 4538
20240302 4541
20240303 4544
20240304 4548
20240308 4548
20240309 4547
20240310 4544
20240311 4550
20240315 4550
20240316 4548
20240317 4550
20240318 4551
20240319 4550
20240320 4548
20240321 4547
20240322 4550
20240324 4550
20240325 4549
20240326 4550
20240327 4551
20240328 4554
20240329 4554
20240330 4555
20240331 4559
20240402 4559
20240403 4560
20240404 4554
20240405 4552
20240406 4555
20240407 4555
20240408 4556
20240409 4561
20240410 4557
20240411 4551
20240412 4554
20240413 4556
20240417 4556
20240418 4557
20240421 4557
20240422 4558
20240423 4559
20240425 4559
20240426 4561
20240427 4562
20240428 4563
20240429 4565
20240430 4566
20240501 4567
20240503 4568
20240504 4568
20240505 4567
20240506 4568
20240507 4571
20240509 4571
20240510 4573
20240511 4576
20240512 4576
20240513 4580
20240514 4580
20240515 4578
20240516 4576
20240517 4575
20240518 4572
20240521 4572
20240522 4573
20240523 4574
20240524 4571
20240525 4572
20240526 4575
20240527 4573
20240528 4575
20240529 4576
20240530 4577
20240531 4580
20240601 4580
20240602 4578
20240603 4579
20240605 4579
20240606 4578
20240609 4572
20240612 4572
20240613 4568
20240614 4568
20240615 4570
20240616 4569
20240617 4568
20240618 4569
20240620 4570
20240621 4568
20240622 4571
20240623 4574
20240624 4574
20240626 4579
20240627 4578
20240628 4576
