20230707 1667
20230709 1667
20230710 1667
20230711 1667
20230712 1667
20230714 1667
20230715 1667
20230716 1667
20230717 1667
20230718 1667
20230719 1667
20230720 1667
20230721 1667
20230722 1667
20230723 1667
20230724 1667
20230725 1667
20230726 1667
20230727 1667
20230728 1667
20230729 1666
20230730 1666
20230731 1666
20230801 1666
20230802 1666
20230803 1666
20230804 1666
20230805 1666
20230806 1666
20230807 1666
20230808 1666
20230809 1666
20230810 1666
20230811 1666
20230812 1666
20230813 1666
20230815 1666
20230816 1666
