20230922 21519
20230924 21522
20230925 21529
20230926 21529
20230927 21529
20230928 21529
20230929 21523
20230930 21521
20231001 21521
20231002 21511
20231003 21513
20231005 21500
20231007 21505
20231008 21505
20231009 21504
20231010 21503
20231011 21502
20231012 21505
20231013 21501
20231014 21495
20231015 21499
20231016 21505
20231017 21505
20231018 21497
20231019 21497
20231020 21480
20231021 21488
20231022 21533
20231023 21542
20231024 21542
20231025 21536
20231026 21530
20231027 21521
20231028 21527
20231029 21525
20231030 21538
20231031 21532
20231101 21530
20231102 21522
20231103 21519
20231104 21512
20231105 21522
20231106 21519
20231107 21529
20231108 21529
20231109 21519
