20230922 2927
20230924 2927
20230925 2930
20230926 2930
20230927 2924
20230928 2924
20230929 2923
20230930 2926
20231001 2925
20231002 2924
20231003 2923
20231005 2919
20231007 2918
20231008 2925
20231009 2926
20231010 2923
20231011 2923
20231012 2924
20231013 2928
20231014 2928
20231015 2929
20231016 2929
20231017 2929
20231018 2932
20231019 2932
20231020 2930
20231021 2931
20231022 2931
20231023 2931
20231024 2932
20231025 2929
20231026 2929
20231027 2929
20231028 2928
20231029 2932
20231030 2930
20231031 2930
20231101 2930
20231102 2929
20231103 2930
20231104 2931
20231105 2931
20231106 2931
20231107 2926
20231108 2926
20231109 2926
20231110 2926
20231111 2924
20231112 2925
20231113 2927
20231114 2926
20231115 2924
20231116 2924
20231117 2924
20231118 2924
20231120 2925
20231121 2924
20231122 2924
20231123 2927
20231124 2927
20231125 2927
20231126 2927
20231127 2926
20231128 2927
20231129 2927
20231130 2925
20231201 2926
20231202 2926
20231203 2927
20231204 2928
20231205 2928
20231206 2928
20231207 2930
