20230707 3
20230919 3
20230920 1
20250904 1
20250905 2
20250906 3
20251003 3
20251004 5
20251116 5
20251117 9
20251118 41
20251119 60
20251120 74
20251121 82
20251122 94
20251124 94
20251125 119
20251126 128
20251127 143
20251128 153
20251129 155
20251130 155
20251202 161
20251203 183
20251204 202
20251206 222
20251207 223
20251208 223
20251209 238
20251210 265
20251212 294
20251213 310
20251214 310
20251217 381
20260103 625
20260104 628
20260105 628
20260107 647
20260108 656
20260109 963
20260110 1308
20260111 1367
20260112 1415
20260113 1458
20260114 1491
20260115 1520
20260116 1531
20260117 1593
20260118 1598
20260119 1603
20260120 1612
20260121 1620
20260122 1620
20260123 1623
20260124 1702
20260125 1723
