20230707 272058
20230709 271983
20230710 271893
20230711 271830
20230712 271763
20230713 271686
20230714 271611
20230715 271538
20230716 271396
20230717 271340
20230718 271292
20230719 271231
20230720 271150
20230721 271081
20230722 271021
20230723 270924
20230724 270863
20230725 270818
20230726 270775
20230727 270694
20230728 270647
20230729 270585
20230730 270537
20230731 270474
20230801 270456
20230802 270403
20230803 270323
20230804 270290
20230805 270203
20230806 270122
20230807 269994
20230808 269934
20230809 269782
20230810 269744
20230811 269741
20230812 269688
20230813 269688
20230815 269660
20230813 269688
20230816 269639
20230813 269688
20230817 269596
20230813 269688
20230818 269526
20230813 269688
20230819 269482
20230813 269688
20230820 269386
20230813 269688
20230821 269337
20230813 269688
20230822 269295
20230813 269688
20230823 269245
20230813 269688
20230824 269216
20230813 269688
20230825 269180
20230813 269688
20230826 269118
20230813 269688
20230827 269048
20230813 269688
20230828 268944
20230813 269688
20230829 268907
20230813 269688
20230830 268836
20230813 269688
20230831 268786
20230813 269688
20230901 268725
20230813 269688
20230902 268648
20230813 269688
20230903 268581
20230813 269688
20230904 268506
20230813 269688
20230905 268456
20230813 269688
20230906 268357
20230813 269688
20230907 268294
20230813 269688
20230908 268216
20230813 269688
20230909 268114
20230813 269688
20230910 267993
20230813 269688
20230911 267927
20230813 269688
20230912 267865
20230813 269688
20230913 267788
20230813 269688
20230914 267734
20230813 269688
20230915 267708
20230813 269688
20230916 267665
20230813 269688
20230917 267578
20230813 269688
20230918 267435
20230813 269688
20230919 267359
20230813 269688
20230920 264422
20230813 269688
20230921 264273
20230813 269688
20230922 264222
20230813 269688
20230923 264173
20230813 269688
20230924 264102
20230813 269688
20230925 264040
20230813 269688
20230926 263991
20230813 269688
20230927 263887
20230813 269688
20230928 263830
20230813 269688
20230929 263737
20230813 269688
20230930 263669
20230813 269688
20231001 263606
20230813 269688
20231002 263531
20230813 269688
20231003 263463
20230813 269688
20231005 263278
20230813 269688
20231007 263104
20230813 269688
20231008 263062
20230813 269688
20231009 263005
20230813 269688
20231010 262918
20230813 269688
20231011 262847
20230813 269688
20231012 262766
20230813 269688
20231013 262716
20230813 269688
20231014 262663
20230813 269688
20231015 262543
20230813 269688
20231016 262475
20230813 269688
20231017 262417
20230813 269688
20231018 262372
20230813 269688
20231019 262265
20230813 269688
20231020 262195
20230813 269688
20231021 262151
20230813 269688
20231022 262102
20230813 269688
20231023 262024
20230813 269688
20231024 261942
20230813 269688
20231025 261888
20230813 269688
20231026 261825
20230813 269688
20231027 261771
20230813 269688
20231028 261689
20230813 269688
20231029 261594
20230813 269688
20231030 261508
20230813 269688
20231031 261462
20230813 269688
20231101 261374
20230813 269688
20231102 261345
20230813 269688
20231103 261255
20230813 269688
20231104 261180
20230813 269688
20231105 261008
20230813 269688
20231106 260944
20230813 269688
20231107 260827
20230813 269688
20231108 260645
20230813 269688
20231109 260521
20230813 269688
20231110 260409
20230813 269688
20231111 260245
20230813 269688
20231112 260188
20230813 269688
20231113 260091
20230813 269688
20231114 260001
20230813 269688
20231115 259902
20230813 269688
20231116 259800
20230813 269688
20231117 259837
20230813 269688
20231118 259782
20230813 269688
20231120 259677
20230813 269688
20231121 259610
20230813 269688
20231122 259574
20230813 269688
20231123 259544
20230813 269688
20231124 259458
20230813 269688
20231125 259500
20230813 269688
20231126 259438
20230813 269688
20231127 259360
20230813 269688
20231128 259304
20230813 269688
20231129 259265
20230813 269688
20231130 259249
20230813 269688
20231201 259182
20230813 269688
20231202 259097
20230813 269688
20231203 259032
20230813 269688
20231204 258975
20230813 269688
20231205 258902
20230813 269688
20231206 258836
20230813 269688
20231207 258802
20230813 269688
20231208 258717
20230813 269688
20231209 258646
20230813 269688
20231210 258548
20230813 269688
20231211 258448
20230813 269688
20231212 258372
20230813 269688
20231213 258316
20230813 269688
20231214 258184
20230813 269688
20231215 258088
20230813 269688
20231216 258024
20230813 269688
20231217 257956
20230813 269688
20231218 257909
20230813 269688
20231219 257857
20230813 269688
20231220 257777
20230813 269688
20231221 257634
20230813 269688
20231222 257548
20230813 269688
20231223 257463
20230813 269688
20231224 257404
20230813 269688
20231225 257282
20230813 269688
20231226 257226
20230813 269688
20231227 257052
20230813 269688
20231230 256857
20230813 269688
20231231 256802
20230813 269688
20240101 256749
20230813 269688
20240102 256653
20230813 269688
20240103 256593
20230813 269688
20240104 256522
20230813 269688
20240105 256463
20230813 269688
20240106 256379
20230813 269688
20240107 256308
20230813 269688
20240108 256214
20230813 269688
20240109 256170
20230813 269688
20240110 256093
20230813 269688
20240111 256084
20230813 269688
20240112 255949
20230813 269688
20240113 255922
20230813 269688
20240114 255833
20230813 269688
20240115 255724
20230813 269688
20240116 255659
20230813 269688
20240117 255581
20230813 269688
20240118 255451
20230813 269688
20240119 255358
20230813 269688
20240120 255265
20230813 269688
20240121 255180
20230813 269688
20240122 255135
20230813 269688
20240124 254942
20230813 269688
20240125 254793
20230813 269688
20240126 254739
20230813 269688
20240127 254687
20230813 269688
20240128 254637
20230813 269688
20240129 254537
20230813 269688
20240130 254485
20230813 269688
20240131 254314
20230813 269688
20240201 254270
20230813 269688
20240202 254204
20230813 269688
20240203 254139
20230813 269688
20240204 254075
20230813 269688
20240205 254027
20230813 269688
20240206 253986
20230813 269688
20240207 253966
20230813 269688
20240208 253807
20230813 269688
20240209 253767
20230813 269688
20240210 253711
20230813 269688
20240211 253657
20230813 269688
20240212 253584
20230813 269688
20240213 253675
20230813 269688
20240214 253621
20230813 269688
20240215 253589
20230813 269688
20240216 253592
20230813 269688
20240217 253377
20230813 269688
20240218 253317
20230813 269688
20240219 253242
20230813 269688
20240220 253159
20230813 269688
20240221 253131
20230813 269688
20240222 253057
20230813 269688
20240223 253045
20230813 269688
20240224 252966
20230813 269688
20240225 252884
20230813 269688
20240226 252831
20230813 269688
20240227 252766
20230813 269688
20240228 252688
20230813 269688
20240229 252622
20230813 269688
20240301 252591
20230813 269688
20240302 252509
20230813 269688
20240303 252421
20230813 269688
20240304 252319
20230813 269688
20240305 252259
20230813 269688
20240306 252193
20230813 269688
20240307 252116
20230813 269688
20240308 252079
20230813 269688
20240309 251997
20230813 269688
20240310 251921
20230813 269688
20240311 251866
20230813 269688
20240312 251788
20230813 269688
20240313 251726
20230813 269688
20240314 251670
20230813 269688
20240315 251616
20230813 269688
20240316 251558
20230813 269688
20240317 251475
20230813 269688
20240318 251317
20230813 269688
20240319 251202
20230813 269688
20240320 251124
20230813 269688
20240321 251070
20230813 269688
20240322 251008
20230813 269688
20240323 251051
20230813 269688
20240324 250954
20230813 269688
20240325 251073
20230813 269688
20240326 251003
20230813 269688
20240327 250926
20230813 269688
20240328 250830
20230813 269688
20240329 250798
20230813 269688
20240330 250745
20230813 269688
20240331 250614
20230813 269688
20240401 250518
20230813 269688
20240402 250490
20230813 269688
20240403 250423
20230813 269688
20240404 250370
20230813 269688
20240405 250281
20230813 269688
20240406 250198
20230813 269688
20240407 250099
20230813 269688
20240408 250005
20230813 269688
20240409 249942
20230813 269688
20240410 249893
20230813 269688
20240411 249794
20230813 269688
20240412 249777
20230813 269688
20240413 249656
20230813 269688
20240415 249459
20230813 269688
20240416 249389
20230813 269688
20240417 249335
20230813 269688
20240418 249253
20230813 269688
20240419 249189
20230813 269688
20240420 249089
20230813 269688
20240421 248981
20230813 269688
20240422 248885
20230813 269688
20240423 248776
20230813 269688
20240424 248770
20230813 269688
20240425 248715
20230813 269688
20240426 248639
20230813 269688
20240427 248544
20230813 269688
20240428 248463
20230813 269688
20240429 248375
20230813 269688
20240430 248294
20230813 269688
20240501 248156
20230813 269688
20240503 248042
20230813 269688
20240504 247939
20230813 269688
20240505 247829
20230813 269688
20240506 247761
20230813 269688
20240507 247649
20230813 269688
20240508 247630
20230813 269688
20240509 247577
20230813 269688
20240510 247476
20230813 269688
20240511 247399
20230813 269688
20240512 247307
20230813 269688
20240513 247197
20230813 269688
20240514 247143
20230813 269688
20240515 247110
20230813 269688
20240516 247023
20230813 269688
20240517 246954
20230813 269688
20240518 246801
20230813 269688
20240519 246754
20230813 269688
20240520 246742
20230813 269688
20240521 246681
20230813 269688
20240522 246630
20230813 269688
20240523 246578
20230813 269688
20240524 246494
20230813 269688
20240525 246297
20230813 269688
20240526 246276
20230813 269688
20240527 246137
20230813 269688
20240528 246040
20230813 269688
20240529 245858
20230813 269688
20240530 245958
20230813 269688
20240531 245852
20230813 269688
20240601 245665
20230813 269688
20240602 245636
20230813 269688
20240603 245594
20230813 269688
20240604 245451
20230813 269688
20240605 245327
20230813 269688
20240606 245257
20230813 269688
20240609 244915
20230813 269688
20240611 244662
20230813 269688
20240612 244791
20230813 269688
20240613 244781
20230813 269688
20240614 244735
20230813 269688
20240615 244689
20230813 269688
20240616 244572
20230813 269688
20240617 244491
20230813 269688
20240618 244442
20230813 269688
20240620 244145
20230813 269688
20240621 244262
20230813 269688
20240622 244255
20230813 269688
20240623 244225
20230813 269688
20240624 244327
20230813 269688
20240626 244273
20230813 269688
20240627 244163
20230813 269688
20240628 244256
20230813 269688
20240629 243937
20230813 269688
20240630 243763
20230813 269688
20240701 243721
20230813 269688
20240702 243712
20230813 269688
20240703 243539
20230813 269688
20240704 243496
20230813 269688
20240705 243450
20230813 269688
20240706 243461
20230813 269688
20240707 243293
20230813 269688
20240708 243197
20230813 269688
20240709 242942
20230813 269688
20240710 242872
20230813 269688
20240711 242597
20230813 269688
20240712 242556
20230813 269688
20240713 242485
20230813 269688
20240714 242444
20230813 269688
20240715 242390
20230813 269688
20240716 242295
20230813 269688
20240717 242287
20230813 269688
20240718 242270
20230813 269688
20240719 242233
20230813 269688
20240720 242126
20230813 269688
20240721 242054
20230813 269688
20240722 241978
20230813 269688
20240723 241863
20230813 269688
20240724 241806
20230813 269688
20240725 241678
20230813 269688
20240726 241607
20230813 269688
20240727 241254
20230813 269688
20240728 241215
20230813 269688
20240729 241118
20230813 269688
20240730 241027
20230813 269688
20240731 241002
20230813 269688
20240801 240990
20230813 269688
20240802 240915
20230813 269688
20240803 240862
20230813 269688
20240804 240872
20230813 269688
20240805 240798
20230813 269688
20240806 240756
20230813 269688
20240807 240673
20230813 269688
20240808 240646
20230813 269688
20240809 240561
20230813 269688
20240810 240487
20230813 269688
20240811 240441
20230813 269688
20240812 240335
20230813 269688
20240813 240287
20230813 269688
20240814 240188
20230813 269688
20240815 240139
20230813 269688
20240816 240078
20230813 269688
20240817 240055
20230813 269688
20240818 240052
20230813 269688
20240819 239989
20230813 269688
20240820 239967
20230813 269688
20240821 239913
20230813 269688
20240822 239861
20230813 269688
20240823 239794
20230813 269688
20240824 239760
20230813 269688
20240825 239701
20230813 269688
20240826 239658
20230813 269688
20240827 239625
20230813 269688
20240828 239636
20230813 269688
20240829 239646
20230813 269688
20240830 239628
20230813 269688
20240831 239659
20230813 269688
20240901 239699
20230813 269688
20240902 239694
20230813 269688
20240903 239640
20230813 269688
20240904 239689
20230813 269688
20240905 239646
20230813 269688
20240906 239613
20230813 269688
20240907 239549
20230813 269688
20240908 239458
20230813 269688
20240909 239396
20230813 269688
20240910 239327
20230813 269688
20240911 239283
20230813 269688
20240912 239219
20230813 269688
20240913 239150
20230813 269688
20240914 239102
20230813 269688
20240915 239033
20230813 269688
20240916 238963
20230813 269688
20240917 238909
20230813 269688
20240918 238660
20230813 269688
20240919 238633
20230813 269688
20240920 238626
20230813 269688
20240921 238446
20230813 269688
20240921 238538
20230813 269688
20240922 238446
20230813 269688
20240925 238219
20230813 269688
20240926 238159
20230813 269688
20240927 238063
20230813 269688
20240928 237996
20240928 237996
