20230707 2960
20230709 2958
20230710 2960
20230711 2961
20230712 2958
20230713 2957
20230714 2956
20230715 2952
20230716 2952
20230717 2950
20230716 2952
20230718 2956
20230716 2952
20230719 2958
20230716 2952
20230720 2955
20230721 2955
20230722 2953
20230724 2953
20230725 2951
20230724 2953
20230726 2950
20230724 2953
20230727 2952
20230728 2953
20230724 2953
20230729 2954
20230724 2953
20230730 2956
20230724 2953
20230731 2960
20230724 2953
20230801 2959
20230724 2953
20230802 2956
20230724 2953
20230803 2954
20230724 2953
20230804 2952
20230724 2953
20230805 2951
20230724 2953
20230806 2952
20230807 2952
20230808 2954
20230807 2952
20230809 2957
20230807 2952
20230810 2956
20230807 2952
20230811 2953
20230812 2952
20230807 2952
20230813 2953
20230807 2952
20230815 2951
20230807 2952
20230816 2947
20230807 2952
20230817 2945
20230818 2945
20230819 2946
20230820 2945
20230818 2945
20230821 2944
20230818 2945
20230822 2939
20230818 2945
20230823 2935
20230818 2945
20230824 2933
20230818 2945
20230825 2931
20230818 2945
20230826 2929
20230818 2945
20230827 2931
20230829 2931
20230830 2926
20230831 2926
20230901 2927
20230902 2927
20230903 2929
20230902 2927
20230904 2928
20230902 2927
20230905 2930
20230902 2927
20230906 2928
20230902 2927
20230907 2933
20230902 2927
20230908 2934
20230902 2927
20230909 2937
20230902 2927
20230910 2938
20230911 2938
20230912 2940
20230911 2938
20230913 2942
20230911 2938
20230914 2957
20230915 2957
20230916 2951
20230915 2957
20230917 2950
20230915 2957
20230918 2951
20230915 2957
20230919 2946
20230915 2957
20230920 2742
20230915 2957
20230921 2739
20230915 2957
20230922 2744
20230915 2957
20230923 2740
20230915 2957
20230924 2737
20230915 2957
20230925 2735
20230915 2957
20230926 2731
20230915 2957
20230927 2732
20230915 2957
20230928 2731
20230929 2731
20230930 2730
20230929 2731
20231001 2729
20230929 2731
20231002 2730
20230929 2731
20231003 2728
20230929 2731
20231005 2727
20231007 2731
20230929 2731
20231008 2732
20231009 2732
20231010 2730
20231009 2732
20231011 2727
20231009 2732
20231012 2730
20231009 2732
20231013 2734
20231009 2732
20231014 2737
20231009 2732
20231015 2735
20231016 2735
20231017 2733
20231018 2733
20231019 2734
20231018 2733
20231020 2736
20231018 2733
20231021 2734
20231022 2734
20231023 2736
20231022 2734
20231024 2735
20231025 2734
20231022 2734
20231026 2733
20231022 2734
20231027 2735
20231022 2734
20231028 2741
20231022 2734
20231029 2737
20231022 2734
20231030 2735
20231102 2735
20231103 2734
20231104 2735
20231105 2735
20231106 2733
20231105 2735
20231107 2732
20231105 2735
20231108 2728
20231105 2735
20231109 2729
20231105 2735
20231110 2732
20231111 2735
20231105 2735
20231112 2737
20231105 2735
20231113 2736
20231105 2735
20231114 2734
20231115 2735
20231116 2735
20231117 2741
20231116 2735
20231118 2739
20231116 2735
20231120 2727
20231116 2735
20231121 2725
20231116 2735
20231122 2722
20231123 2722
20231124 2723
20231123 2722
20231125 2721
20231126 2722
20231123 2722
20231127 2720
20231128 2720
20231129 2718
20231128 2720
20231130 2721
20231201 2720
20231128 2720
20231202 2717
20231128 2720
20231203 2715
20231128 2720
20231204 2714
20231128 2720
20231205 2712
20231128 2720
20231206 2713
20231128 2720
20231207 2714
20231128 2720
20231208 2713
20231128 2720
20231209 2712
20231128 2720
20231210 2733
20231211 2733
20231212 2737
20231211 2733
20231213 2759
20231211 2733
20231214 2757
20231211 2733
20231215 2762
20231211 2733
20231216 2763
20231211 2733
20231217 2761
20231211 2733
20231218 2763
20231211 2733
20231219 2764
20231211 2733
20231220 2762
20231211 2733
20231221 2764
20231211 2733
20231222 2774
20231211 2733
20231223 2771
20231211 2733
20231224 2769
20231211 2733
20231225 2771
20231226 2771
20231227 2768
20231226 2771
20231230 2774
20231231 2771
20231226 2771
20240101 2769
20231226 2771
20240102 2768
20231226 2771
20240103 2766
20231226 2771
20240104 2765
20231226 2771
20240105 2766
20240108 2766
20240109 2765
20240108 2766
20240110 2767
20240111 2766
20240108 2766
20240112 2763
20240108 2766
20240113 2759
20240108 2766
20240114 2760
20240115 2760
20240116 2762
20240119 2762
20240120 2764
20240122 2764
20240124 2768
20240122 2764
20240125 2766
20240122 2764
20240126 2767
20240122 2764
20240127 2771
20240128 2771
20240129 2775
20240128 2771
20240130 2777
20240128 2771
20240131 2782
20240128 2771
20240201 2781
20240128 2771
20240202 2783
20240204 2783
20240205 2784
20240204 2783
20240206 2788
20240204 2783
20240207 2797
20240204 2783
20240208 2799
20240204 2783
20240209 2798
20240204 2783
20240210 2799
20240204 2783
20240211 2801
20240204 2783
20240212 2799
20240204 2783
20240213 2798
20240204 2783
20240214 2796
20240204 2783
20240215 2799
20240216 2799
20240217 2788
20240216 2799
20240218 2777
20240216 2799
20240219 2785
20240216 2799
20240220 2786
20240216 2799
20240221 2797
20240216 2799
20240222 2796
20240223 2799
20240216 2799
20240224 2804
20240225 2799
20240216 2799
20240226 2795
20240216 2799
20240227 2793
20240216 2799
20240228 2790
20240216 2799
20240229 2791
20240216 2799
20240301 2795
20240216 2799
20240302 2796
20240304 2796
20240305 2795
20240306 2796
20240307 2796
20240308 2801
20240307 2796
20240309 2800
20240307 2796
20240310 2799
20240311 2799
20240312 2795
20240314 2795
20240315 2794
20240314 2795
20240316 2777
20240314 2795
20240317 2764
20240314 2795
20240318 2750
20240314 2795
20240319 2738
20240314 2795
20240320 2703
20240314 2795
20240321 2695
20240314 2795
20240322 2684
20240314 2795
20240323 2680
20240314 2795
20240324 2677
20240314 2795
20240325 2676
20240314 2795
20240326 2674
20240314 2795
20240327 2676
20240314 2795
20240328 2675
20240314 2795
20240329 2678
20240314 2795
20240330 2677
20240314 2795
20240331 2678
20240314 2795
20240401 2677
20240314 2795
20240402 2676
20240403 2676
20240404 2677
20240403 2676
20240405 2674
20240403 2676
20240406 2669
20240407 2669
20240408 2667
20240409 2667
20240410 2672
20240409 2667
20240411 2673
20240409 2667
20240412 2675
20240415 2675
20240416 2676
20240417 2675
20240415 2675
20240418 2672
20240415 2675
20240419 2668
20240415 2675
20240420 2666
20240415 2675
20240421 2668
20240415 2675
20240422 2666
20240415 2675
20240423 2667
20240415 2675
20240424 2671
20240415 2675
20240425 2673
20240426 2675
20240415 2675
20240427 2677
20240428 2677
20240429 2679
20240428 2677
20240430 2680
20240428 2677
20240501 2670
20240504 2670
20240505 2668
20240504 2670
20240506 2669
20240504 2670
20240507 2672
20240504 2670
20240508 2671
20240504 2670
20240509 2673
20240504 2670
20240510 2674
20240512 2674
20240513 2672
20240512 2674
20240514 2671
20240512 2674
20240515 2670
20240512 2674
20240516 2673
20240512 2674
20240517 2675
20240518 2675
20240519 2668
20240518 2675
20240520 2672
20240518 2675
20240521 2669
20240518 2675
20240522 2671
20240518 2675
20240523 2674
20240518 2675
20240524 2678
20240518 2675
20240525 2676
20240526 2675
20240518 2675
20240527 2650
20240518 2675
20240528 2660
20240529 2675
20240530 2675
20240531 2671
20240530 2675
20240601 2665
20240530 2675
20240602 2664
20240530 2675
20240603 2667
20240530 2675
20240604 2670
20240530 2675
20240605 2665
20240530 2675
20240606 2646
20240530 2675
20240609 2647
20240530 2675
20240611 2673
20240530 2675
20240612 2669
20240530 2675
20240613 2664
20240530 2675
20240614 2669
20240530 2675
20240615 2667
20240530 2675
20240616 2666
20240618 2666
20240620 2660
20240618 2666
20240621 2659
20240618 2666
20240622 2656
20240618 2666
20240623 2654
20240618 2666
20240624 2651
20240618 2666
20240626 2643
20240627 2643
20240628 2621
20240627 2643
20240629 2604
20240627 2643
20240630 2602
20240627 2643
20240701 2603
20240627 2643
20240702 2600
20240627 2643
20240703 2595
20240627 2643
20240704 2584
20240627 2643
20240705 2574
20240627 2643
20240706 2571
20240627 2643
20240707 2555
20240627 2643
20240708 2541
20240627 2643
20240709 2515
20240627 2643
20240710 2496
20240627 2643
20240711 2482
20240627 2643
20240712 2463
20240627 2643
20240713 2465
20240627 2643
20240714 2464
20240627 2643
20240715 2455
20240627 2643
20240716 2456
20240627 2643
20240717 2457
20240627 2643
20240718 2456
20240627 2643
20240719 2455
20240627 2643
20240720 2456
20240627 2643
20240721 2455
20240627 2643
20240722 2456
20240627 2643
20240723 2455
20240724 2455
20240725 2448
20240724 2455
20240726 2449
20240724 2455
20240727 2443
20240724 2455
20240728 2447
20240730 2447
20240731 2452
20240730 2447
20240801 2451
20240730 2447
20240802 2455
20240730 2447
20240803 2454
20240730 2447
20240804 2456
20240730 2447
20240805 2449
20240730 2447
20240806 2448
20240730 2447
20240807 2451
20240730 2447
20240808 2453
20240809 2453
20240810 2455
20240809 2453
20240811 2454
20240812 2453
20240809 2453
20240813 2451
20240814 2453
20240809 2453
20240815 2455
20240809 2453
20240816 2452
20240809 2453
20240817 2455
20240809 2453
20240818 2451
20240809 2453
20240819 2450
20240809 2453
20240820 2447
20240809 2453
20240821 2442
20240809 2453
20240822 2443
20240809 2453
20240823 2447
20240824 2447
20240825 2446
20240826 2447
20240824 2447
20240827 2449
20240824 2447
20240828 2445
20240824 2447
20240829 2448
20240830 2447
20240824 2447
20240831 2449
20240824 2447
20240901 2448
20240903 2448
20240904 2446
20240903 2448
20240905 2444
20240906 2444
20240907 2447
20240906 2444
20240908 2448
20240906 2444
20240909 2450
20240906 2444
20240910 2453
20240906 2444
20240911 2455
20240906 2444
20240912 2453
20240906 2444
20240913 2454
20240906 2444
20240914 2455
20240906 2444
20240915 2456
20240906 2444
20240916 2458
20240906 2444
20240917 2460
20240906 2444
20240918 2461
20240906 2444
20240919 2463
20240906 2444
20240920 2466
20240925 2466
20240926 2467
20240925 2466
20240927 2468
20240925 2466
20240928 2467
20240925 2466
20240929 2464
20240925 2466
20240930 2465
20241001 2465
