20230707 13844
20230709 13853
20230710 13847
20230711 13855
20230712 13865
20230713 13867
20230714 13870
20230715 13888
20230716 13892
20230717 13891
20230718 13893
20230719 13896
20230720 13898
20230721 13910
20230722 13922
20230723 13912
20230724 13909
20230725 13913
20230726 13924
20230727 13920
20230728 13935
20230729 13955
20230730 13987
20230731 14019
20230801 14024
20230802 14026
20230803 14026
20230804 14004
20230805 14008
20230806 13984
20230807 13978
20230808 13988
20230809 14001
20230810 14015
20230811 14006
20230812 14010
20230813 14015
20230815 14020
20230816 14022
20230817 14030
20230818 14032
20230819 14037
20230820 14048
20230821 14059
20230822 14060
