20230707 240
20230709 240
20230710 240
20230711 240
20230712 240
20230714 240
20230715 240
20230716 240
20230717 240
20230718 240
20230719 240
20230720 240
20230721 240
20230722 240
20230723 240
20230724 240
20230725 240
20230726 240
20230727 240
20230728 240
20230729 240
20230730 240
20230731 240
20230801 240
20230802 240
20230803 239
20230804 239
20230805 239
20230806 239
20230807 239
20230808 239
20230809 239
20230810 239
20230811 239
20230812 239
20230813 239
20230815 239
20230816 239
20230817 239
20230818 239
20230819 239
20230820 239
20230821 239
20230822 239
20230823 239
20230824 238
20230825 238
20230826 238
20230827 238
20230828 238
20230829 237
20230830 237
20230831 237
20230901 237
20230902 237
20230903 236
20230904 236
20230905 236
20230906 236
20230907 236
20230908 236
20230909 236
20230910 236
20230911 236
20230912 236
20230913 236
20230914 236
20230915 236
20230916 236
20230917 236
20230918 236
20230919 236
20230920 229
20230921 229
20230922 229
20230923 229
20230924 229
20230925 229
20230926 229
20230927 229
20230928 229
20230929 229
20230930 229
20231001 229
20231002 229
20231003 229
20231005 229
20231007 229
20231008 229
20231009 229
20231010 229
20231011 229
20231012 229
20231013 229
20231014 229
20231015 229
20231016 229
20231017 229
20231018 229
20231019 229
20231020 229
20231021 229
20231022 229
20231023 229
20231024 229
20231025 229
20231026 229
20231027 229
20231028 229
20231029 227
20231030 227
20231031 227
20231101 227
20231102 227
20231103 228
20231104 228
20231105 228
20231106 228
20231107 230
20231108 231
20231109 231
20231110 232
20231111 233
20231112 233
20231113 233
20231114 232
20231115 232
20231116 232
20231117 244
20231118 244
20231120 243
20231121 293
20231122 291
20231123 293
20231124 293
20231125 297
20231126 297
20231127 298
20231128 298
20231129 298
20231130 299
20231201 300
20231202 300
20231203 303
20231204 303
20231205 303
20231206 303
20231207 304
20231208 304
20231209 304
20231210 304
20231211 304
20231212 307
20231213 308
20231214 308
20231215 304
20231216 303
20231217 297
20231218 296
20231219 302
20231220 302
20231221 332
20231222 333
20231223 333
20231224 333
20231225 333
20231226 333
20231227 332
20231230 332
20231231 332
20240101 332
20240102 332
20240103 333
20240104 333
20240105 333
20240106 333
20240107 333
20240108 333
20240109 333
20240110 333
20240111 333
20240112 333
20240113 332
20240114 332
20240115 333
20240116 333
20240117 332
20240118 335
20240119 331
20240120 331
20240121 331
20240122 332
20240124 332
20240125 332
20240126 332
20240127 332
