20230707 43444
20230709 43777
20230710 44470
20230711 44784
20230712 44727
20230713 45059
20230714 45185
20230715 45174
20230716 45236
20230717 45213
20230718 45693
20230719 45948
20230720 46102
20230721 46470
20230722 46485
20230723 46498
20230724 46540
20230725 46549
20230726 46544
20230727 46511
20230728 46542
20230729 46526
20230730 46548
20230731 46546
20230801 46563
20230802 46604
20230803 46707
20230804 46200
20230805 46307
20230806 46367
20230807 46401
20230808 46502
20230809 42987
20230810 41044
20230811 41209
20230812 41221
20230813 41252
20230815 41303
20230816 41326
20230817 41148
20230818 41251
20230819 41255
20230820 41269
20230821 41253
20230822 41437
20230823 41469
20230824 41538
20230825 41790
20230826 41927
20230827 41944
20230828 41942
20230829 41951
20230830 41826
20230831 41848
20230901 41940
20230902 41926
20230903 41938
20230904 42025
20230905 42134
20230906 42202
20230907 42187
20230908 42230
20230909 42333
20230910 42350
20230911 42398
20230912 42436
20230913 42437
20230914 42577
20230915 42606
20230916 42526
20230917 42529
20230918 42710
20230919 42767
20230920 42767
20230921 42788
20230920 42767
20230922 42877
20230920 42767
20230923 42889
20230920 42767
20230924 42907
20230920 42767
20230925 43032
20230920 42767
20230926 43038
20230920 42767
20230927 43041
20230920 42767
20230928 43008
20230920 42767
20230929 43038
20230920 42767
20230930 43118
20230920 42767
20231001 43148
20230920 42767
20231002 43206
20230920 42767
20231003 43017
20230920 42767
20231005 42747
20230920 42767
20231007 43044
20230920 42767
20231008 42982
20230920 42767
20231009 43029
20230920 42767
20231010 43158
20230920 42767
20231011 43294
20230920 42767
20231012 43335
20230920 42767
20231013 43259
20230920 42767
20231014 43192
20230920 42767
20231015 43301
20230920 42767
20231016 43386
20230920 42767
20231017 43512
20230920 42767
20231018 43504
20230920 42767
20231019 43520
20230920 42767
20231020 43679
20230920 42767
20231021 43704
20230920 42767
20231022 43755
20230920 42767
20231023 43828
20230920 42767
20231024 43848
20230920 42767
20231025 44012
20230920 42767
20231026 44031
20230920 42767
20231027 44026
20230920 42767
20231028 44109
20230920 42767
20231029 44192
20230920 42767
20231030 44156
20230920 42767
20231031 44180
20230920 42767
20231101 44272
20230920 42767
20231102 44138
20230920 42767
20231103 44165
20230920 42767
20231104 44323
20230920 42767
20231105 44294
20230920 42767
20231106 44196
20230920 42767
20231107 44290
20230920 42767
20231108 44351
20230920 42767
20231109 44169
20230920 42767
20231110 44147
20230920 42767
20231111 44155
20230920 42767
20231112 44178
20230920 42767
20231113 44222
20230920 42767
20231114 44044
20230920 42767
20231115 43986
20230920 42767
20231116 44053
20230920 42767
20231117 44062
20230920 42767
20231118 44079
20230920 42767
20231120 44284
20230920 42767
20231121 44325
20230920 42767
20231122 44342
20230920 42767
20231123 44406
20230920 42767
20231124 44533
20230920 42767
20231125 44485
20230920 42767
20231126 44489
20230920 42767
20231127 44526
20230920 42767
20231128 44460
20230920 42767
20231129 44390
20230920 42767
20231130 44277
20230920 42767
20231201 44226
20230920 42767
20231202 44224
20230920 42767
20231203 44359
20230920 42767
20231204 44546
20230920 42767
20231205 44564
20230920 42767
20231206 44692
20230920 42767
20231207 44604
20230920 42767
20231208 44689
20230920 42767
20231209 44592
20230920 42767
20231210 44517
20230920 42767
20231211 44678
20230920 42767
20231212 44406
20230920 42767
20231213 44503
20230920 42767
20231214 44340
20230920 42767
20231215 44363
20230920 42767
20231216 44452
20230920 42767
20231217 44563
20230920 42767
20231218 44665
20230920 42767
20231219 44421
20231220 44421
20231221 44383
20231220 44421
20231222 44493
20231220 44421
20231223 44533
20231220 44421
20231224 44508
20231220 44421
20231225 44305
20231220 44421
20231226 44277
20231220 44421
20231227 43957
20231220 44421
20231230 44234
20231220 44421
20231231 44157
20231220 44421
20240101 44192
20231220 44421
20240102 44248
20231220 44421
20240103 44105
20231220 44421
20240104 44151
20231220 44421
20240105 44189
20231220 44421
20240106 44212
20231220 44421
20240107 44284
20231220 44421
20240108 44162
20231220 44421
20240109 44161
20231220 44421
20240110 44193
20231220 44421
20240111 44157
20231220 44421
20240112 44138
20231220 44421
20240113 44181
20231220 44421
20240114 44232
20231220 44421
20240115 44183
20231220 44421
20240116 44251
20231220 44421
20240117 44340
20231220 44421
20240118 44331
20231220 44421
20240119 44190
20231220 44421
20240120 44168
20231220 44421
20240121 44186
20231220 44421
20240122 44177
20231220 44421
20240124 44305
20231220 44421
20240125 44493
20231220 44421
20240126 44319
20231220 44421
20240127 44361
20231220 44421
20240128 44579
20231220 44421
20240129 44612
20231220 44421
20240130 44365
20231220 44421
20240131 44385
20231220 44421
20240201 44515
20231220 44421
20240202 44599
20231220 44421
20240203 44524
20231220 44421
20240204 44500
20231220 44421
20240205 44572
20231220 44421
20240206 44708
20231220 44421
20240207 44656
20231220 44421
20240208 44691
20231220 44421
20240209 44700
20231220 44421
20240210 44726
20231220 44421
20240211 44778
20231220 44421
20240212 44810
20231220 44421
20240213 44876
20231220 44421
20240214 44958
20231220 44421
20240215 44951
20231220 44421
20240216 44800
20231220 44421
20240217 44667
20231220 44421
20240218 44684
20231220 44421
20240219 44727
20231220 44421
20240220 44740
20231220 44421
20240221 44847
20231220 44421
20240222 44892
20231220 44421
20240223 44769
20231220 44421
20240224 44752
20231220 44421
20240225 44872
20231220 44421
20240226 44880
20231220 44421
20240227 44623
20231220 44421
20240228 44656
20231220 44421
20240229 44624
20231220 44421
20240301 44632
20231220 44421
20240302 44581
20231220 44421
20240303 44475
20231220 44421
20240304 44528
20231220 44421
20240305 44736
20231220 44421
20240306 44836
20231220 44421
20240307 45201
20231220 44421
20240308 45191
20231220 44421
20240309 45031
20231220 44421
20240310 44853
20231220 44421
20240311 45163
20231220 44421
20240312 45299
20231220 44421
20240313 45346
20231220 44421
20240314 45364
20231220 44421
20240315 45233
20231220 44421
20240316 45187
20231220 44421
20240317 45036
20231220 44421
20240318 44811
20231220 44421
20240319 45000
20231220 44421
20240320 44900
20231220 44421
20240321 45052
20231220 44421
20240322 44931
20231220 44421
20240323 44542
20231220 44421
20240324 44519
20231220 44421
20240325 44378
20231220 44421
20240326 44441
20231220 44421
20240327 44418
20231220 44421
20240328 44814
20231220 44421
20240329 45151
20231220 44421
20240330 45180
20231220 44421
20240331 45123
20231220 44421
20240401 45051
20231220 44421
20240402 45153
20231220 44421
20240403 45005
20231220 44421
20240404 44989
20231220 44421
20240405 44792
20231220 44421
20240406 44770
20231220 44421
20240407 44540
20231220 44421
20240408 44539
20231220 44421
20240409 44541
20231220 44421
20240410 44357
20231220 44421
20240411 44464
20231220 44421
20240412 44560
20231220 44421
20240413 44519
20231220 44421
20240415 44145
20231220 44421
20240416 44384
20231220 44421
20240417 44277
20231220 44421
20240418 44000
20231220 44421
20240419 43772
20231220 44421
20240420 43744
20231220 44421
20240421 43597
20231220 44421
20240422 43547
20231220 44421
20240423 44127
20231220 44421
20240424 44508
20231220 44421
20240425 44628
20231220 44421
20240426 44524
20231220 44421
20240427 44551
20231220 44421
20240428 44442
20231220 44421
20240429 44306
20231220 44421
20240430 44298
20231220 44421
20240501 44318
20231220 44421
20240503 44314
20231220 44421
20240504 44327
20231220 44421
20240505 44384
20231220 44421
20240506 44284
20231220 44421
20240507 44130
20231220 44421
20240508 44064
20231220 44421
20240509 44081
20231220 44421
20240510 43973
20231220 44421
20240511 43863
20231220 44421
20240512 43779
20231220 44421
20240513 44210
20231220 44421
20240514 44354
20231220 44421
20240515 44440
20231220 44421
20240516 44363
20231220 44421
20240517 44416
20231220 44421
20240518 44483
20231220 44421
20240519 44510
20231220 44421
20240520 44151
20231220 44421
20240521 44162
20231220 44421
20240522 44179
20231220 44421
20240523 44027
20231220 44421
20240524 43818
20231220 44421
20240525 43698
20231220 44421
20240526 43799
20231220 44421
20240527 43821
20231220 44421
20240528 43987
20231220 44421
20240529 43475
20231220 44421
20240530 43471
20231220 44421
20240531 43616
20231220 44421
20240601 43476
20231220 44421
20240602 43624
20231220 44421
20240603 43662
20231220 44421
20240604 43709
20240605 43709
20240606 43828
20240605 43709
20240609 43351
20240605 43709
20240611 43679
20240605 43709
20240612 43887
20240605 43709
20240613 43941
20240605 43709
20240614 43965
20240605 43709
20240615 43492
20240605 43709
20240616 42725
20240605 43709
20240617 42728
20240605 43709
20240618 43059
20240605 43709
20240620 42798
20240605 43709
20240621 42974
20240605 43709
20240622 43035
20240605 43709
20240623 43036
20240605 43709
20240624 42940
20240605 43709
20240626 42821
20240605 43709
20240627 43132
20240605 43709
20240628 42941
20240605 43709
20240629 42933
20240605 43709
20240630 42894
20240605 43709
20240701 43170
20240605 43709
20240702 43214
20240605 43709
20240703 43205
20240605 43709
20240704 43212
20240605 43709
20240705 43281
20240605 43709
20240706 43269
20240605 43709
20240707 43543
20240605 43709
20240708 43553
20240605 43709
20240709 43588
20240605 43709
20240710 43614
20240605 43709
20240711 43661
20240605 43709
20240712 43975
20240605 43709
20240713 44031
20240605 43709
20240714 44065
20240605 43709
20240715 44070
20240605 43709
20240716 44375
20240605 43709
20240717 44350
20240605 43709
20240718 44285
20240605 43709
20240719 43464
20240605 43709
20240720 43478
20240605 43709
20240721 43438
20240605 43709
20240722 43484
20240605 43709
20240723 43407
20240724 43407
20240725 43411
20240724 43407
20240726 43256
20240724 43407
20240727 43349
20240724 43407
20240728 43617
20240724 43407
20240729 43569
20240724 43407
20240730 43643
20240724 43407
20240731 43924
20240724 43407
20240801 43802
20240724 43407
20240802 43839
20240724 43407
20240803 43938
20240724 43407
20240804 44148
20240724 43407
20240805 44216
20240724 43407
20240806 44238
20240724 43407
20240807 44282
20240724 43407
20240808 44433
20240724 43407
20240809 44612
20240724 43407
20240810 44730
20240724 43407
20240811 44744
20240724 43407
20240812 44757
20240724 43407
20240813 45036
20240724 43407
20240814 45214
20240724 43407
20240815 45448
20240724 43407
20240816 45405
20240724 43407
20240817 45506
20240724 43407
20240818 45574
20240724 43407
20240819 45462
20240724 43407
20240820 45584
20240724 43407
20240821 45373
20240724 43407
20240822 45501
20240724 43407
20240823 45539
20240724 43407
20240824 45642
20240724 43407
20240825 45649
20240724 43407
20240826 45688
20240724 43407
20240827 45680
20240724 43407
20240828 45673
20240724 43407
20240829 45652
20240724 43407
20240830 45535
20240724 43407
20240831 45512
20240724 43407
20240901 45519
20240724 43407
20240902 45639
20240724 43407
20240903 45806
20240724 43407
20240904 45814
20240724 43407
20240905 45794
20240724 43407
20240906 45759
20240724 43407
20240907 45794
20240724 43407
20240908 45908
20240724 43407
20240909 46016
20240724 43407
20240910 46058
20240724 43407
20240911 45982
20240724 43407
20240912 46222
20240724 43407
20240913 46281
20240724 43407
20240914 46203
20240724 43407
20240915 46277
20240724 43407
20240916 46230
20240724 43407
20240917 46213
20240724 43407
20240918 46441
20240724 43407
20240919 46553
20240724 43407
20240920 46618
20240724 43407
20240921 46552
20240724 43407
20240921 46555
20240724 43407
20240922 46552
20240724 43407
20240925 46722
20240724 43407
20240926 46784
20240724 43407
20240927 46857
20240724 43407
20240928 46726
20240724 43407
20240929 46814
20240724 43407
20240930 46800
20240930 46800
