20230707 76
20230816 76
20230817 79
20230919 79
20230920 77
20231214 77
20231215 78
20240501 78
20240503 79
20240624 79
20240626 79
20240627 79
20240628 79
20240629 79
20240630 79
20240701 79
20240702 79
20240703 79
20240704 79
20240705 79
20240706 79
20240707 79
20240708 79
20240709 79
20240710 79
20240711 79
20240712 79
20240713 79
20240714 79
20240715 79
20240716 79
20240717 79
20240718 79
20240719 79
20240720 79
20240721 79
20240722 79
20240723 79
20240724 79
20240725 79
20240726 79
20240727 79
20240728 79
20240729 79
20240730 79
20240731 79
20240801 79
20240802 79
20240803 79
20240804 79
20240805 79
20240806 79
20240807 79
20240808 79
20240809 79
20240810 79
20240811 79
20240812 79
20240813 79
20240814 79
