20230707 19116
20230709 19114
20230710 19095
20230711 19085
20230712 19088
20230713 19089
20230714 19077
20230715 19064
20230716 19053
20230717 19041
20230718 19039
20230719 19036
20230720 19029
20230721 19027
20230722 19035
20230723 19033
20230724 19043
20230725 19049
20230726 19047
20230727 19054
20230728 19050
20230729 19041
20230730 19060
20230731 19057
20230801 19058
20230802 19054
20230803 19045
20230804 19057
20230805 19056
20230806 19058
20230807 19054
20230808 19078
20230809 19084
20230810 19094
20230811 19098
20230812 19103
20230813 19095
20230815 19076
20230816 19088
20230817 19105
20230818 19105
20230819 19097
20230818 19105
20230820 19104
20230818 19105
20230821 19106
20230818 19105
20230822 19119
20230818 19105
20230823 19143
20230818 19105
20230824 19139
20230818 19105
20230825 19137
20230818 19105
20230826 19154
20230818 19105
20230827 19162
20230818 19105
20230828 19159
20230818 19105
20230829 19179
20230818 19105
20230830 19184
20230818 19105
20230831 19185
20230818 19105
20230901 19171
20230818 19105
20230902 19178
20230818 19105
20230903 19182
20230818 19105
20230904 19178
20230818 19105
20230905 19176
20230818 19105
20230906 19177
20230818 19105
20230907 19173
20230908 19173
20230909 19183
20230908 19173
20230910 19175
20230908 19173
20230911 19162
20230912 19173
20230908 19173
20230913 19171
20230908 19173
20230914 19169
20230908 19173
20230915 19178
20230908 19173
20230916 19174
20230908 19173
20230917 19166
20230908 19173
20230918 19161
20230919 19161
20230920 17686
20230919 19161
20230921 17689
20230919 19161
20230922 17709
20230919 19161
20230923 17697
20230919 19161
20230924 17688
20230919 19161
20230925 17689
20230919 19161
20230926 17673
20230919 19161
20230927 17669
20230919 19161
20230928 17673
20230929 17673
20230930 17679
20230929 17673
20231001 17682
20230929 17673
20231002 17677
20230929 17673
20231003 17686
20230929 17673
20231005 17702
20230929 17673
20231007 17704
20230929 17673
20231008 17691
20230929 17673
20231009 17687
20230929 17673
20231010 17674
20230929 17673
20231011 17681
20230929 17673
20231012 17683
20230929 17673
20231013 17675
20230929 17673
20231014 17674
20230929 17673
20231015 17668
20230929 17673
20231016 17661
20230929 17673
20231017 17659
20230929 17673
20231018 17656
20230929 17673
20231019 17657
20230929 17673
20231020 17658
20230929 17673
20231021 17661
20230929 17673
20231022 17654
20230929 17673
20231023 17640
20230929 17673
20231024 17633
20230929 17673
20231025 17624
20230929 17673
20231026 17659
20230929 17673
20231027 17681
20230929 17673
20231028 17666
20230929 17673
20231029 17682
20230929 17673
20231030 17677
20230929 17673
20231031 17670
20230929 17673
20231101 17666
20231103 17666
20231104 17667
20231103 17666
20231105 17661
20231103 17666
20231106 17656
20231103 17666
20231107 17657
20231103 17666
20231108 17662
20231103 17666
20231109 17667
20231103 17666
20231110 17660
20231103 17666
20231111 17661
20231103 17666
20231112 17655
20231103 17666
20231113 17654
20231103 17666
20231114 17657
20231103 17666
20231115 17660
20231103 17666
20231116 17661
20231103 17666
20231117 17687
20231103 17666
20231118 17690
20231103 17666
20231120 17685
20231121 17685
20231122 17698
20231121 17685
20231123 17706
20231121 17685
20231124 17711
20231121 17685
20231125 17719
20231121 17685
20231126 17720
20231121 17685
20231127 17741
20231121 17685
20231128 17742
20231121 17685
20231129 17836
20231121 17685
20231130 17897
20231121 17685
20231201 17908
20231121 17685
20231202 17902
20231121 17685
20231203 17897
20231121 17685
20231204 17889
20231205 17889
20231206 17920
20231205 17889
20231207 17912
20231205 17889
20231208 17918
20231205 17889
20231209 17902
20231205 17889
20231210 17894
20231205 17889
20231211 17885
20231205 17889
20231212 17893
20231205 17889
20231213 17897
20231205 17889
20231214 17917
20231205 17889
20231215 17946
20231205 17889
20231216 17948
20231205 17889
20231217 17934
20231205 17889
20231218 17927
20231205 17889
20231219 17920
20231205 17889
20231220 17925
20231205 17889
20231221 17920
20231205 17889
20231222 17982
20231205 17889
20231223 17992
20231205 17889
20231224 17990
20231205 17889
20231225 17965
20231205 17889
20231226 17951
20231205 17889
20231227 17927
20231205 17889
20231230 17934
20231205 17889
20231231 17927
20231205 17889
20240101 17921
20231205 17889
20240102 17915
20231205 17889
20240103 17917
20231205 17889
20240104 17899
20231205 17889
20240105 17890
20231205 17889
20240106 17917
20231205 17889
20240107 17921
20231205 17889
20240108 17918
20231205 17889
20240109 17909
20231205 17889
20240110 17921
20231205 17889
20240111 17935
20231205 17889
20240112 17947
20231205 17889
20240113 17941
20231205 17889
20240114 17943
20231205 17889
20240115 17936
20231205 17889
20240116 17932
20231205 17889
20240117 17943
20231205 17889
20240118 17941
20231205 17889
20240119 17936
20231205 17889
20240120 17944
20240121 17944
20240122 17946
20240121 17944
20240124 17955
20240121 17944
20240125 17956
20240121 17944
20240126 17954
20240121 17944
20240127 17958
20240121 17944
20240128 17942
20240121 17944
20240129 17931
20240121 17944
20240130 17947
20240121 17944
20240131 17959
20240121 17944
20240201 17978
20240121 17944
20240202 17980
20240121 17944
20240203 17988
20240121 17944
20240204 17982
20240121 17944
20240205 17970
20240206 17970
20240207 17972
20240206 17970
20240208 17980
20240206 17970
20240209 17991
20240206 17970
20240210 17985
20240206 17970
20240211 17987
20240206 17970
20240212 18000
20240206 17970
20240213 18001
20240206 17970
20240214 18007
20240206 17970
20240215 18010
20240206 17970
20240216 18001
20240206 17970
20240217 18012
20240206 17970
20240218 18023
20240206 17970
20240219 18016
20240206 17970
20240220 18014
20240206 17970
20240221 18029
20240206 17970
20240222 18044
20240206 17970
20240223 18030
20240206 17970
20240224 18020
20240206 17970
20240225 18019
20240206 17970
20240226 18026
20240206 17970
20240227 18019
20240206 17970
20240228 18020
20240206 17970
20240229 18032
20240206 17970
20240301 18038
20240206 17970
20240302 18043
20240206 17970
20240303 18033
20240206 17970
20240304 18031
20240206 17970
20240305 18032
20240206 17970
20240306 18034
20240206 17970
20240307 18050
20240206 17970
20240308 18045
20240206 17970
20240309 18036
20240206 17970
20240310 18040
20240206 17970
20240311 18039
20240206 17970
20240312 18035
20240206 17970
20240313 18037
20240206 17970
20240314 18030
20240206 17970
20240315 18041
20240206 17970
20240316 18025
20240206 17970
20240317 18031
20240206 17970
20240318 18030
20240206 17970
20240319 18021
20240206 17970
20240320 18024
20240206 17970
20240321 18018
20240322 18018
20240323 18025
20240322 18018
20240324 18017
20240322 18018
20240325 18006
20240322 18018
20240326 18003
20240322 18018
20240327 17988
20240322 18018
20240328 17976
20240322 18018
20240329 17978
20240322 18018
20240330 17987
20240322 18018
20240331 17984
20240322 18018
20240401 17989
20240322 18018
20240402 17995
20240322 18018
20240403 18000
20240322 18018
20240404 18003
20240322 18018
20240405 18013
20240322 18018
20240406 18008
20240322 18018
20240407 18024
20240322 18018
20240408 18026
20240322 18018
20240409 18016
20240322 18018
20240410 18022
20240322 18018
20240411 18025
20240322 18018
20240412 18016
20240413 18018
20240322 18018
20240415 18000
20240322 18018
20240416 17994
20240322 18018
20240417 17985
20240322 18018
20240418 17982
20240322 18018
20240419 17978
20240322 18018
20240420 17965
20240322 18018
20240421 17962
20240322 18018
20240422 17921
20240322 18018
20240423 17905
20240322 18018
20240424 17907
20240322 18018
20240425 17906
20240322 18018
20240426 17896
20240427 17896
20240428 17876
20240427 17896
20240429 17860
20240427 17896
20240430 17852
20240427 17896
20240501 17841
20240427 17896
20240503 17856
20240427 17896
20240504 17912
20240505 17912
20240506 17917
20240505 17912
20240507 17909
20240505 17912
20240508 17915
20240505 17912
20240509 17911
20240505 17912
20240510 17924
20240505 17912
20240511 17928
20240505 17912
20240512 17911
20240505 17912
20240513 17904
20240505 17912
20240514 17910
20240505 17912
20240515 17904
20240505 17912
20240516 17911
20240505 17912
20240517 17901
20240505 17912
20240518 17896
20240505 17912
20240519 17898
20240505 17912
20240520 17900
20240505 17912
20240521 17907
20240505 17912
20240522 17909
20240505 17912
20240523 17927
20240505 17912
20240524 17934
20240505 17912
20240525 17938
20240526 17938
20240527 17929
20240526 17938
20240528 17939
20240526 17938
20240529 17947
20240526 17938
20240530 17946
20240526 17938
20240531 17947
20240601 17947
20240602 17938
20240601 17947
20240603 17919
20240601 17947
20240604 17912
20240605 17912
20240606 17906
20240605 17912
20240609 17899
20240605 17912
20240611 17903
20240605 17912
20240612 17901
20240605 17912
20240613 17905
20240614 17912
20240605 17912
20240615 17900
20240605 17912
20240616 17890
20240605 17912
20240617 17888
20240605 17912
20240618 17883
20240605 17912
20240620 17861
20240605 17912
20240621 17871
20240605 17912
20240622 17869
20240605 17912
20240623 17865
20240605 17912
20240624 17856
20240605 17912
20240626 17882
20240605 17912
20240627 17876
20240605 17912
20240628 17875
20240605 17912
20240629 17857
20240605 17912
20240630 17850
20240605 17912
20240701 17847
20240605 17912
20240702 17839
20240605 17912
20240703 17829
20240605 17912
20240704 17833
20240605 17912
20240705 17827
20240605 17912
20240706 17815
20240605 17912
20240707 17818
20240605 17912
20240708 17807
20240605 17912
20240709 17802
20240605 17912
20240710 17806
20240605 17912
20240711 17808
20240605 17912
20240712 17809
20240605 17912
20240713 17804
20240605 17912
20240714 17792
20240605 17912
20240715 17791
20240605 17912
20240716 17780
20240605 17912
20240717 17774
20240605 17912
20240718 17761
20240605 17912
20240719 17754
20240605 17912
20240720 17753
20240605 17912
20240721 17758
20240605 17912
20240722 17748
20240605 17912
20240723 17753
20240724 17753
20240725 17765
20240724 17753
20240726 17766
20240724 17753
20240727 17767
20240724 17753
20240728 17761
20240724 17753
20240729 17755
20240730 17755
20240731 17764
20240730 17755
20240801 17765
20240730 17755
20240802 17780
20240730 17755
20240803 17775
20240730 17755
20240804 17770
20240730 17755
20240805 17769
20240730 17755
20240806 17762
20240730 17755
20240807 17806
20240730 17755
20240808 17812
20240730 17755
20240809 17811
20240730 17755
20240810 17805
20240730 17755
20240811 17797
20240730 17755
20240812 17794
20240730 17755
20240813 17788
20240730 17755
20240814 17805
20240730 17755
20240815 17808
20240730 17755
20240816 17820
20240730 17755
20240817 17816
20240730 17755
20240818 17822
20240730 17755
20240819 17824
20240730 17755
20240820 17834
20240730 17755
20240821 17848
20240730 17755
20240822 17843
20240730 17755
20240823 17841
20240730 17755
20240824 17845
20240730 17755
20240825 17837
20240730 17755
20240826 17844
20240730 17755
20240827 17849
20240730 17755
20240828 17864
20240829 17864
20240830 17872
20240829 17864
20240831 17881
20240829 17864
20240901 17874
20240829 17864
20240902 17890
20240829 17864
20240903 17892
20240829 17864
20240904 17897
20240829 17864
20240905 17907
20240829 17864
20240906 17914
20240829 17864
20240907 17932
20240829 17864
20240908 17923
20240829 17864
20240909 17916
20240829 17864
20240910 17910
20240829 17864
20240911 17920
20240829 17864
20240912 17919
20240829 17864
20240913 17915
20240829 17864
20240914 17919
20240829 17864
20240915 17901
20240829 17864
20240916 17904
20240829 17864
20240917 17889
20240829 17864
20240918 17892
20240829 17864
20240919 17889
20240829 17864
20240920 17893
20240829 17864
20240921 17883
20240829 17864
20240921 17886
20240829 17864
20240922 17883
20240829 17864
20240925 17888
20240829 17864
20240926 17898
20240927 17898
20240928 17894
20240928 17894
