20230707 74900
20230709 75216
20230710 75260
20230711 75518
20230712 75650
20230713 75910
20230714 76019
20230715 76215
20230716 76354
20230717 76616
20230718 77053
20230719 77162
20230720 77262
20230721 77347
20230722 77738
20230723 77857
20230724 77873
20230725 78152
20230726 78333
20230727 78324
20230728 78492
20230729 78789
20230730 78863
20230731 79085
20230801 79333
20230802 79516
20230803 79736
20230804 79263
20230805 79383
20230806 79462
20230807 79521
20230808 79517
20230809 79609
20230810 79741
20230811 79857
20230812 79890
20230813 79908
20230815 80003
20230816 80123
20230817 80257
20230818 80298
20230819 80334
20230820 80354
20230821 80325
20230822 80332
20230823 80398
20230824 80382
20230825 80467
20230826 80526
20230827 80597
20230828 80606
20230829 80638
20230830 80701
20230831 80748
20230901 80784
20230902 80856
20230903 80877
20230904 81076
20230905 81115
20230906 81142
20230907 81426
20230908 81495
20230909 81569
20230910 81653
20230911 81701
20230912 81768
20230913 81794
20230914 81741
20230915 81755
20230916 81760
20230917 81782
20230918 81794
20230919 81859
20230920 81281
20230921 81310
20230922 81310
20230923 81434
20230922 81310
20230924 81502
20230922 81310
20230925 81527
20230922 81310
20230926 81681
20230922 81310
20230927 81727
20230922 81310
20230928 81927
20230922 81310
20230929 81975
20230922 81310
20230930 82006
20230922 81310
20231001 82106
20230922 81310
20231002 82203
20230922 81310
20231003 82295
20230922 81310
20231005 82589
20230922 81310
20231007 82914
20230922 81310
20231008 83120
20230922 81310
20231009 83189
20230922 81310
20231010 83492
20230922 81310
20231011 83619
20230922 81310
20231012 83820
20230922 81310
20231013 84039
20230922 81310
20231014 84321
20230922 81310
20231015 84413
20230922 81310
20231016 84439
20230922 81310
20231017 84603
20230922 81310
20231018 84700
20230922 81310
20231019 84880
20230922 81310
20231020 85025
20230922 81310
20231021 85043
20230922 81310
20231022 85157
20230922 81310
20231023 85269
20230922 81310
20231024 85353
20230922 81310
20231025 85425
20230922 81310
20231026 85450
20230922 81310
20231027 85519
20230922 81310
20231028 85580
20230922 81310
20231029 85713
20230922 81310
20231030 85762
20230922 81310
20231031 85822
20230922 81310
20231101 85868
20230922 81310
20231102 86086
20230922 81310
20231103 86005
20230922 81310
20231104 86051
20230922 81310
20231105 85818
20230922 81310
20231106 85703
20230922 81310
20231107 85660
20230922 81310
20231108 85618
20230922 81310
20231109 85535
20230922 81310
20231110 85449
20230922 81310
20231111 85316
20230922 81310
20231112 85184
20230922 81310
20231113 84967
20230922 81310
20231114 84955
20230922 81310
20231115 84897
20230922 81310
20231116 84745
20230922 81310
20231117 84645
20230922 81310
20231118 84429
20230922 81310
20231120 84304
20230922 81310
20231121 84189
20230922 81310
20231122 84048
20230922 81310
20231123 83953
20230922 81310
20231124 83950
20230922 81310
20231125 83847
20230922 81310
20231126 83701
20230922 81310
20231127 83611
20230922 81310
20231128 83672
20230922 81310
20231129 80977
20230922 81310
20231130 77031
20230922 81310
20231201 73620
20230922 81310
20231202 73159
20230922 81310
20231203 72899
20230922 81310
20231204 72675
20230922 81310
20231205 72505
20230922 81310
20231206 72315
20230922 81310
20231207 72097
20230922 81310
20231208 72040
20230922 81310
20231209 71808
20230922 81310
20231210 71577
20230922 81310
20231211 71432
20230922 81310
20231212 71416
20230922 81310
20231213 71295
20230922 81310
20231214 71263
20230922 81310
20231215 71212
20230922 81310
20231216 71219
20230922 81310
20231217 71136
20230922 81310
20231218 71171
20230922 81310
20231219 71160
20230922 81310
20231220 71037
20230922 81310
20231221 71028
20230922 81310
20231222 71077
20230922 81310
20231223 71060
20230922 81310
20231224 71105
20230922 81310
20231225 71024
20230922 81310
20231226 71000
20230922 81310
20231227 70928
20230922 81310
20231230 71223
20230922 81310
20231231 71123
20230922 81310
20240101 71117
20230922 81310
20240102 71187
20230922 81310
20240103 71208
20230922 81310
20240104 71321
20230922 81310
20240105 71404
20230922 81310
20240106 71517
20230922 81310
20240107 71596
20230922 81310
20240108 71674
20230922 81310
20240109 71766
20230922 81310
20240110 71874
20230922 81310
20240111 71902
20230922 81310
20240112 71983
20230922 81310
20240113 72019
20230922 81310
20240114 71886
20230922 81310
20240115 71922
20230922 81310
20240116 71962
20230922 81310
20240117 71982
20230922 81310
20240118 71972
20230922 81310
20240119 71920
20230922 81310
20240120 71981
20230922 81310
20240121 72006
20230922 81310
20240122 72105
20230922 81310
20240124 72191
20230922 81310
20240125 72278
20230922 81310
20240126 72328
20230922 81310
20240127 72390
20230922 81310
20240128 72345
20230922 81310
20240129 72327
20230922 81310
20240130 72322
20230922 81310
20240131 72329
20230922 81310
20240201 72362
20230922 81310
20240202 72476
20230922 81310
20240203 72512
20230922 81310
20240204 72529
20230922 81310
20240205 72519
20230922 81310
20240206 72474
20230922 81310
20240207 72484
20230922 81310
20240208 72498
20230922 81310
20240209 72585
20230922 81310
20240210 72580
20230922 81310
20240211 72585
20230922 81310
20240212 72603
20230922 81310
20240213 72619
20230922 81310
20240214 72655
20230922 81310
20240215 72691
20230922 81310
20240216 72652
20230922 81310
20240217 72713
20230922 81310
20240218 71656
20230922 81310
20240219 71617
20230922 81310
20240220 71385
20230922 81310
20240221 71301
20230922 81310
20240222 71308
20230922 81310
20240223 71349
20230922 81310
20240224 71292
20230922 81310
20240225 71197
20230922 81310
20240226 71254
20230922 81310
20240227 71202
20230922 81310
20240228 71140
20230922 81310
20240229 71127
20230922 81310
20240301 71158
20230922 81310
20240302 71120
20230922 81310
20240303 71069
20230922 81310
20240304 70999
20230922 81310
20240305 71017
20230922 81310
20240306 71081
20230922 81310
20240307 71012
20230922 81310
20240308 70676
20230922 81310
20240309 70713
20230922 81310
20240310 70686
20230922 81310
20240311 70459
20230922 81310
20240312 70296
20230922 81310
20240313 70291
20230922 81310
20240314 70210
20230922 81310
20240315 70202
20230922 81310
20240316 70086
20230922 81310
20240317 70039
20230922 81310
20240318 69571
20230922 81310
20240319 69343
20230922 81310
20240320 69118
20230922 81310
20240321 69099
20230922 81310
20240322 68883
20230922 81310
20240323 68993
20230922 81310
20240324 68736
20230922 81310
20240325 68703
20230922 81310
20240326 68537
20230922 81310
20240327 68511
20230922 81310
20240328 68358
20230922 81310
20240329 68400
20230922 81310
20240330 68316
20230922 81310
20240331 68210
20230922 81310
20240401 68079
20230922 81310
20240402 67962
20230922 81310
20240403 67646
20230922 81310
20240404 67561
20230922 81310
20240405 67450
20230922 81310
20240406 67304
20230922 81310
20240407 67175
20230922 81310
20240408 66762
20230922 81310
20240409 66793
20230922 81310
20240410 66619
20230922 81310
20240411 66504
20230922 81310
20240412 66478
20230922 81310
20240413 66317
20230922 81310
20240415 65674
20230922 81310
20240416 65704
20230922 81310
20240417 65641
20230922 81310
20240418 65390
20230922 81310
20240419 65404
20230922 81310
20240420 65265
20230922 81310
20240421 65288
20230922 81310
20240422 65173
20230922 81310
20240423 65005
20230922 81310
20240424 65138
20230922 81310
20240425 64878
20230922 81310
20240426 64895
20230922 81310
20240427 64800
20230922 81310
20240428 64787
20230922 81310
20240429 64817
20230922 81310
20240430 64612
20230922 81310
20240501 64695
20230922 81310
20240503 64605
20230922 81310
20240504 64651
20230922 81310
20240505 64591
20230922 81310
20240506 64562
20230922 81310
20240507 64598
20230922 81310
20240508 64519
20230922 81310
20240509 64362
20230922 81310
20240510 64368
20230922 81310
20240511 64358
20230922 81310
20240512 64175
20230922 81310
20240513 64044
20230922 81310
20240514 64085
20230922 81310
20240515 64010
20230922 81310
20240516 64026
20230922 81310
20240517 64066
20230922 81310
20240518 64025
20230922 81310
20240519 64010
20230922 81310
20240520 63971
20230922 81310
20240521 63868
20230922 81310
20240522 63806
20230922 81310
20240523 63694
20230922 81310
20240524 63625
20230922 81310
20240525 63720
20230922 81310
20240526 63698
20230922 81310
20240527 63525
20230922 81310
20240528 63471
20230922 81310
20240529 63513
20230922 81310
20240530 63328
20230922 81310
20240531 63273
20230922 81310
20240601 63257
20230922 81310
20240602 63393
20230922 81310
20240603 63169
20230922 81310
20240604 63136
20230922 81310
20240605 63190
20230922 81310
20240606 63301
20230922 81310
20240609 63080
20230922 81310
20240611 62840
20230922 81310
20240612 62885
20240613 62885
20240614 62856
20240615 62885
20240613 62885
20240616 62795
20240613 62885
20240617 62508
20240613 62885
20240618 62397
20240613 62885
20240620 62175
20240613 62885
20240621 62084
20240613 62885
20240622 61797
20240613 62885
20240623 61741
20240613 62885
20240624 61583
20240613 62885
20240626 61922
20240613 62885
20240627 61860
20240613 62885
20240628 61830
20240613 62885
20240629 61732
20240613 62885
20240630 61613
20240613 62885
20240701 61603
20240613 62885
20240702 61809
20240613 62885
20240703 61628
20240613 62885
20240704 61543
20240613 62885
20240705 61464
20240613 62885
20240706 61557
20240613 62885
20240707 61387
20240613 62885
20240708 61324
20240613 62885
20240709 61179
20240613 62885
20240710 61236
20240613 62885
20240711 61244
20240613 62885
20240712 61152
20240613 62885
20240713 61025
20240613 62885
20240714 60856
20240613 62885
20240715 60806
20240613 62885
20240716 60565
20240613 62885
20240717 60402
20240718 60402
20240719 60299
20240718 60402
20240720 60109
20240718 60402
20240721 60097
20240718 60402
20240722 60049
20240718 60402
20240723 59891
20240724 59891
20240725 59894
20240724 59891
20240726 59700
20240724 59891
20240727 59663
20240724 59891
20240728 59690
20240724 59891
20240729 59592
20240724 59891
20240730 59492
20240724 59891
20240731 59379
20240724 59891
20240801 59249
20240724 59891
20240802 59097
20240724 59891
20240803 59096
20240724 59891
20240804 59066
20240724 59891
20240805 58890
20240724 59891
20240806 58705
20240724 59891
20240807 58654
20240724 59891
20240808 58638
20240724 59891
20240809 58499
20240724 59891
20240810 58364
20240724 59891
20240811 58048
20240724 59891
20240812 57934
20240724 59891
20240813 57856
20240724 59891
20240814 57713
20240724 59891
20240815 57597
20240724 59891
20240816 57481
20240724 59891
20240817 57369
20240724 59891
20240818 57349
20240724 59891
20240819 57164
20240724 59891
20240820 56894
20240724 59891
20240821 56906
20240724 59891
20240822 56791
20240724 59891
20240823 56775
20240724 59891
20240824 56750
20240724 59891
20240825 56685
20240724 59891
20240826 56455
20240724 59891
20240827 56196
20240724 59891
20240828 56105
20240724 59891
20240829 55893
20240724 59891
20240830 55678
20240724 59891
20240831 55375
20240724 59891
20240901 55197
20240724 59891
20240902 55146
20240724 59891
20240903 55089
20240724 59891
20240904 54770
20240724 59891
20240905 54618
20240724 59891
20240906 54586
20240724 59891
20240907 54373
20240724 59891
20240908 54383
20240724 59891
20240909 54325
20240724 59891
20240910 54150
20240724 59891
20240911 53864
20240724 59891
20240912 53825
20240724 59891
20240913 53625
20240724 59891
20240914 53399
20240724 59891
20240915 53379
20240724 59891
20240916 53184
20240724 59891
20240917 52942
20240724 59891
20240918 52838
20240724 59891
20240919 52817
20240724 59891
20240920 52784
20240724 59891
20240921 52729
20240724 59891
20240921 52930
20240922 52930
20240925 52763
20240922 52930
20240926 52754
20240926 52754
