20230707 4379
20230709 4378
20230710 4378
20230711 4378
20230712 4378
20230713 4377
20230714 4375
20230715 4378
20230716 4376
20230717 4375
20230718 4375
20230719 4375
20230720 4382
20230721 4379
20230722 4379
20230723 4377
20230724 4375
20230725 4375
20230726 4377
20230727 4379
20230728 4379
20230729 4373
20230730 4372
20230731 4373
20230801 4371
20230802 4370
20230803 4371
20230804 4375
20230805 4377
20230806 4377
20230807 4374
20230808 4375
20230809 4382
20230810 4382
20230811 4385
20230812 4381
20230813 4381
20230815 4358
20230816 4359
20230817 4358
20230818 4360
20230819 4362
20230820 4363
20230821 4363
20230822 4364
20230823 4362
20230824 4368
20230825 4366
20230826 4363
20230827 4358
20230828 4366
20230829 4363
20230830 4366
20230831 4365
20230901 4372
20230902 4370
20230903 4367
20230904 4364
20230905 4363
20230906 4361
20230907 4361
20230908 4361
20230909 4357
20230910 4356
20230911 4354
20230912 4342
20230913 4343
20230914 4343
20230915 4342
20230916 4341
20230917 4337
20230918 4337
20230919 4335
20230920 4047
20230921 4047
20230922 4109
20230923 4108
20230924 4103
20230925 4103
20230926 4103
20230927 4107
20230928 4108
20230929 4109
20230930 4116
20231001 4118
20231002 4118
20231003 4118
20231005 4105
20231007 4104
20231008 4104
20231009 4100
20231010 4106
20231011 4106
20231012 4102
20231013 4222
20231014 4220
20231015 4218
20231016 4214
