20220728 17389
20220828 17316
20220928 17639
20221028 17713
20221128 17319
20221228 17037
20230128 16824
20230228 16677
20230328 16865
20230428 16852
20230528 16844
20230628 16819
20230728 16870
20230828 16833
20230928 17210
20231028 17440
20231128 17332
20231228 17307
20240128 17307
20240228 17268
20240128 17307
20240228 17268
20240328 17410
20240428 17436
20240528 17416
20240628 17459
20240728 17697
20240828 17820
20240928 18539
20241028 18859
20241128 18792
20241228 18688
20250128 18626
20250228 18628
20250328 18806
20250428 18908
20250528 18894
20250628 18904
20250728 18864
