20230707 5118
20230709 5175
20230710 5180
20230711 5188
20230712 5191
20230713 5200
20230714 5233
20230715 5242
20230716 5324
20230717 5335
20230718 5337
20230719 5347
20230720 5353
20230721 5353
20230722 5366
20230721 5353
20230723 5367
20230724 5367
20230725 5374
20230724 5367
20230726 5378
20230724 5367
20230727 5384
20230724 5367
20230728 5396
20230724 5367
20230729 5392
20230724 5367
20230730 5420
20230724 5367
20230731 5439
20230724 5367
20230801 5447
20230724 5367
20230802 5468
20230724 5367
20230803 5477
20230724 5367
20230804 5430
20230724 5367
20230805 5435
20230724 5367
20230806 5437
20230724 5367
20230807 5457
20230724 5367
20230808 5465
20230724 5367
20230809 5475
20230724 5367
20230810 5494
20230724 5367
20230811 5507
20230724 5367
20230812 5511
20230724 5367
20230813 5514
20230724 5367
20230815 5525
20230724 5367
20230816 5527
20230724 5367
20230817 5538
20230724 5367
20230818 5541
20230724 5367
20230819 5543
20230724 5367
20230820 5566
20230821 5566
20230822 5568
20230821 5566
20230823 5571
20230821 5566
20230824 5576
20230821 5566
20230825 5588
20230821 5566
20230826 5600
20230821 5566
20230827 5607
20230821 5566
20230828 5610
20230821 5566
20230829 5619
20230821 5566
20230830 5627
20230821 5566
20230831 5636
20230821 5566
20230901 5649
20230821 5566
20230902 5664
20230821 5566
20230903 5670
20230821 5566
20230904 5672
20230821 5566
20230905 5683
20230821 5566
20230906 5690
20230821 5566
20230907 5707
20230821 5566
20230908 5712
20230821 5566
20230909 5709
20230910 5709
20230911 5711
20230910 5709
20230912 5716
20230913 5716
20230914 5683
20230913 5716
20230915 5689
20230913 5716
20230916 5725
20230913 5716
20230917 5734
20230913 5716
20230918 5743
20230913 5716
20230919 5748
20230913 5716
20230920 5723
20230913 5716
20230921 5727
20230913 5716
20230922 5734
20230913 5716
20230923 5736
20230913 5716
20230924 5737
20230913 5716
20230925 5745
20230913 5716
20230926 5758
20230913 5716
20230927 5770
20230913 5716
20230928 5782
20230913 5716
20230929 5785
20230913 5716
20230930 5807
20230913 5716
20231001 5818
20230913 5716
20231002 5831
20230913 5716
20231003 5859
20230913 5716
20231005 5891
20230913 5716
20231007 5859
20230913 5716
20231008 5874
20230913 5716
20231009 5894
20230913 5716
20231010 5911
20230913 5716
20231011 5923
20230913 5716
20231012 5943
20230913 5716
20231013 5952
20230913 5716
20231014 5955
20230913 5716
20231015 5958
20230913 5716
20231016 5926
20230913 5716
20231017 5935
20230913 5716
20231018 5936
20230913 5716
20231019 5931
20230913 5716
20231020 5926
20230913 5716
20231021 5930
20230913 5716
20231022 5909
20230913 5716
20231023 5911
20230913 5716
20231024 5913
20230913 5716
20231025 5914
20230913 5716
20231026 5913
20230913 5716
20231027 5903
20230913 5716
20231028 5893
20230913 5716
20231029 5892
20230913 5716
20231030 5901
20230913 5716
20231031 5897
20230913 5716
20231101 5884
20230913 5716
20231102 5890
20230913 5716
20231103 5895
20230913 5716
20231104 5912
20230913 5716
20231105 5909
20230913 5716
20231106 5913
20230913 5716
20231107 5912
20230913 5716
20231108 5907
20230913 5716
20231109 5917
20230913 5716
20231110 5904
20230913 5716
20231111 5897
20230913 5716
20231112 5900
20230913 5716
20231113 5895
20230913 5716
20231114 5910
20230913 5716
20231115 5903
20230913 5716
20231116 5900
20230913 5716
20231117 5917
20230913 5716
20231118 5889
20230913 5716
20231120 5884
20230913 5716
20231121 5858
20230913 5716
20231122 5852
20230913 5716
20231123 5873
20230913 5716
20231124 5880
20230913 5716
20231125 5886
20230913 5716
20231126 5891
20230913 5716
20231127 5896
20230913 5716
20231128 5884
20230913 5716
20231129 5879
20230913 5716
20231130 5881
20230913 5716
20231201 5896
20230913 5716
20231202 5889
20230913 5716
20231203 5882
20230913 5716
20231204 5883
20230913 5716
20231205 5886
20230913 5716
20231206 5896
20230913 5716
20231207 5890
20230913 5716
20231208 5888
20230913 5716
20231209 5884
20230913 5716
20231210 5894
20230913 5716
20231211 5901
20230913 5716
20231212 5904
20230913 5716
20231213 5907
20230913 5716
20231214 5913
20230913 5716
20231215 5904
20230913 5716
20231216 5924
20230913 5716
20231217 5908
20230913 5716
20231218 5913
20230913 5716
20231219 5918
20230913 5716
20231220 5916
20230913 5716
20231221 5924
20230913 5716
20231222 5925
20230913 5716
20231223 5931
20230913 5716
20231224 5942
20230913 5716
20231225 5938
20230913 5716
20231226 5934
20230913 5716
20231227 5930
20230913 5716
20231230 6046
20230913 5716
20231231 6050
20230913 5716
20240101 6033
20230913 5716
20240102 6032
20230913 5716
20240103 6034
20230913 5716
20240104 6041
20230913 5716
20240105 6046
20230913 5716
20240106 6078
20230913 5716
20240107 6082
20230913 5716
20240108 6079
20230913 5716
20240109 6040
20230913 5716
20240110 6050
20230913 5716
20240111 6080
20230913 5716
20240112 6087
20230913 5716
20240113 6082
20230913 5716
20240114 6078
20230913 5716
20240115 6077
20230913 5716
20240116 6091
20230913 5716
20240117 6101
20230913 5716
20240118 6100
20230913 5716
20240119 6114
20230913 5716
20240120 6125
20240121 6125
20240122 6126
20240121 6125
20240124 6153
20240121 6125
20240125 6165
20240121 6125
20240126 6164
20240121 6125
20240127 6174
20240121 6125
20240128 6161
20240121 6125
20240129 6194
20240121 6125
20240130 6192
20240131 6192
20240201 6202
20240131 6192
20240202 6183
20240131 6192
20240203 6141
20240131 6192
20240204 6155
20240131 6192
20240205 6181
20240131 6192
20240206 6204
20240131 6192
20240207 6206
20240131 6192
20240208 6207
20240131 6192
20240209 6204
20240131 6192
20240210 6200
20240131 6192
20240211 6191
20240131 6192
20240212 6197
20240131 6192
20240213 6193
20240131 6192
20240214 6194
20240131 6192
20240215 6188
20240131 6192
20240216 6177
20240131 6192
20240217 6180
20240131 6192
20240218 6188
20240131 6192
20240219 6183
20240131 6192
20240220 6164
20240131 6192
20240221 6166
20240131 6192
20240222 6180
20240223 6192
20240131 6192
20240224 6179
20240131 6192
20240225 6175
20240131 6192
20240226 6165
20240131 6192
20240227 6169
20240131 6192
20240228 6162
20240131 6192
20240229 6148
20240131 6192
20240301 6156
20240131 6192
20240302 6170
20240131 6192
20240303 6188
20240304 6188
20240305 6138
20240304 6188
20240306 6068
20240304 6188
20240307 5991
20240304 6188
20240308 5943
20240304 6188
20240309 5923
20240304 6188
20240310 5886
20240304 6188
20240311 5729
20240304 6188
20240312 5701
20240304 6188
20240313 5642
20240304 6188
20240314 5525
20240304 6188
20240315 5628
20240304 6188
20240316 5648
20240304 6188
20240317 5660
20240304 6188
20240318 5663
20240319 5663
20240320 5674
20240319 5663
20240321 5690
20240319 5663
20240322 5749
20240319 5663
20240323 5758
20240319 5663
20240324 5767
20240319 5663
20240325 5770
20240319 5663
20240326 5769
20240319 5663
20240327 5785
20240319 5663
20240328 5788
20240319 5663
20240329 5799
20240319 5663
20240330 5789
20240319 5663
20240331 5781
20240319 5663
20240401 5747
20240319 5663
20240402 5753
20240319 5663
20240403 5750
20240319 5663
20240404 5731
20240319 5663
20240405 5712
20240319 5663
20240406 5635
20240319 5663
20240407 5625
20240409 5625
20240410 5618
20240409 5625
20240411 5599
20240412 5599
20240413 5551
20240412 5599
20240415 5482
20240412 5599
20240416 5483
20240412 5599
20240417 5481
20240412 5599
20240418 5468
20240412 5599
20240419 5406
20240412 5599
20240420 5425
20240412 5599
20240421 5426
20240412 5599
20240422 5412
20240412 5599
20240423 5417
20240412 5599
20240424 5603
20240412 5599
20240425 5637
20240412 5599
20240426 5641
20240412 5599
20240427 5656
20240412 5599
20240428 5678
20240412 5599
20240429 5696
20240412 5599
20240430 5717
20240412 5599
20240501 5731
20240412 5599
20240503 5788
20240412 5599
20240504 5799
20240412 5599
20240505 5795
20240412 5599
20240506 5799
20240412 5599
20240507 5809
20240412 5599
20240508 5816
20240412 5599
20240509 5827
20240412 5599
20240510 5825
20240412 5599
20240511 5835
20240412 5599
20240512 5838
20240412 5599
20240513 5849
20240412 5599
20240514 5874
20240412 5599
20240515 5901
20240412 5599
20240516 5908
20240412 5599
20240517 5920
20240412 5599
20240518 5938
20240412 5599
20240519 5951
20240412 5599
20240520 5965
20240412 5599
20240521 5976
20240412 5599
20240522 5993
20240412 5599
20240523 6002
20240412 5599
20240524 5816
20240412 5599
20240525 5815
20240412 5599
20240526 5830
20240412 5599
20240527 5842
20240412 5599
20240528 5853
20240412 5599
20240529 5865
20240412 5599
20240530 5866
20240412 5599
20240531 5888
20240412 5599
20240601 5892
20240412 5599
20240602 5908
20240412 5599
20240603 5910
20240412 5599
20240604 5919
20240412 5599
20240605 5947
20240412 5599
20240606 5954
20240412 5599
20240609 5993
20240412 5599
20240611 6039
20240412 5599
20240612 6044
20240613 6044
20240614 6109
20240613 6044
20240615 6110
20240613 6044
20240616 6156
20240617 6156
20240618 6153
20240617 6156
20240620 6174
20240617 6156
20240621 6205
20240617 6156
20240622 6216
20240617 6156
20240623 6242
20240624 6242
20240626 6270
20240624 6242
20240627 6281
20240624 6242
20240628 6297
20240624 6242
20240629 6335
20240624 6242
20240630 6254
20240624 6242
20240701 6193
20240624 6242
20240702 6191
20240624 6242
20240703 6198
20240624 6242
20240704 6217
20240624 6242
20240705 6208
20240624 6242
20240706 6195
20240624 6242
20240707 6178
20240624 6242
20240708 6169
20240624 6242
20240709 6191
20240624 6242
20240710 6128
20240624 6242
20240711 6140
20240624 6242
20240712 6129
20240624 6242
20240713 6125
20240624 6242
20240714 6081
20240624 6242
20240715 6083
20240624 6242
20240716 6082
20240624 6242
20240717 6091
20240624 6242
20240718 6085
20240624 6242
20240719 6041
20240624 6242
20240720 6033
20240624 6242
20240721 6024
20240624 6242
20240722 6045
20240624 6242
20240723 6081
20240724 6081
20240725 6087
20240724 6081
20240726 6097
20240724 6081
20240727 6126
20240724 6081
20240728 6123
20240724 6081
20240729 6115
20240724 6081
20240730 6113
20240724 6081
20240731 6129
20240724 6081
20240801 6138
20240802 6138
20240803 6145
20240802 6138
20240804 6155
20240802 6138
20240805 6103
20240802 6138
20240806 6098
20240802 6138
20240807 6087
20240802 6138
20240808 6092
20240802 6138
20240809 6075
20240802 6138
20240810 6081
20240802 6138
20240811 6096
20240802 6138
20240812 6062
20240802 6138
20240813 6067
20240802 6138
20240814 6083
20240802 6138
20240815 6102
20240802 6138
20240816 6130
20240802 6138
20240817 6129
20240802 6138
20240818 6131
20240819 6138
20240802 6138
20240820 6135
20240802 6138
20240821 6148
20240802 6138
20240822 6155
20240802 6138
20240823 6172
20240802 6138
20240824 6176
20240802 6138
20240825 6172
20240802 6138
20240826 6185
20240802 6138
20240827 6189
20240802 6138
20240828 6170
20240802 6138
20240829 6180
20240802 6138
20240830 6178
20240802 6138
20240831 6193
20240802 6138
20240901 6204
20240802 6138
20240902 6218
20240802 6138
20240903 6223
20240802 6138
20240904 6253
20240802 6138
20240905 6262
20240802 6138
20240906 6264
20240802 6138
20240907 6200
20240802 6138
20240908 6210
20240802 6138
20240909 6200
20240802 6138
20240910 6181
20240802 6138
20240911 6166
20240802 6138
20240912 6170
20240802 6138
20240913 6194
20240802 6138
20240914 6197
20240802 6138
20240915 6220
20240802 6138
20240916 6243
20240802 6138
20240917 6257
20240802 6138
20240918 6276
20240802 6138
20240919 6296
20240802 6138
20240920 6418
20240802 6138
20240921 6446
20240802 6138
20240921 6476
20240922 6476
20240925 6574
20240922 6476
20240926 6581
20240922 6476
20240927 6620
20240922 6476
20240928 6636
20240922 6476
20240929 6654
20240922 6476
20240930 6683
20240922 6476
20241001 6703
20241001 6703
