20230509 99
20230519 1084
20230707 3682
20230709 3705
20230710 3714
20230711 3718
20230712 3750
20230713 3835
20230714 3872
20230715 3881
20230716 3887
20230717 3891
20230718 3902
20230719 3905
20230720 3905
20230721 3929
20230722 3948
20230723 3950
20230724 3952
20230725 3930
20230726 3937
20230727 3943
20230728 3970
20230729 3981
20230730 3986
20230731 3990
20230801 4003
20230802 4014
20230803 4019
20230804 4022
20230805 4025
20230806 4035
20230807 4035
20230808 4039
20230809 4045
20230810 4057
20230811 4074
20230812 4086
20230813 4088
20230815 4099
20230816 4107
20230817 4113
20230818 4120
20230819 4133
20230820 4133
20230821 4142
20230822 4147
20230823 4153
20230824 4169
20230825 4178
20230826 4187
20230827 4191
20230828 4202
20230829 4207
20230830 4214
20230831 4217
20230901 4223
20230902 4230
20230903 4231
20230904 4233
20230905 4237
20230906 4237
20230907 4242
20230908 4245
20230909 4251
20230910 4251
20230911 4251
20230912 4252
20230913 4254
20230914 4281
20230915 4285
20230916 4295
20230917 4294
20230918 4295
20230919 4295
20230920 3606
20230921 3610
20230922 3611
20230923 3617
20230924 3617
20230925 3617
20230926 3617
20230927 3631
20230928 3632
20230929 3632
20230930 3642
