20230707 4379
20230709 4378
20230710 4380
20230711 4381
20230712 4381
20230713 4388
20230714 4385
20230715 4387
20230716 4389
20230717 4385
20230718 4386
20230719 4383
20230720 4382
20230721 4382
20230722 4382
20230723 4378
20230724 4381
20230725 4376
20230726 4378
20230727 4375
20230728 4376
20230729 4376
20230730 4368
20230731 4371
20230801 4374
20230802 4371
20230803 4371
20230804 4374
20230805 4371
20230806 4376
20230807 4376
20230808 4376
20230809 4372
20230810 4371
20230811 4379
20230812 4382
20230813 4385
20230815 4383
20230816 4383
20230817 4391
20230818 4389
20230819 4391
20230820 4389
20230821 4391
20230822 4394
20230823 4397
20230824 4396
20230825 4398
20230826 4397
20230827 4392
20230828 4393
20230829 4389
20230830 4388
20230831 4392
20230901 4395
20230902 4400
20230903 4396
20230904 4395
20230905 4395
20230906 4397
20230907 4397
20230908 4398
20230909 4397
20230910 4399
