20230809 707
20240920 707
20240921 765
20240925 765
20240926 767
20240927 767
20240928 768
20240929 768
20240930 770
20241001 773
20241002 773
20241003 774
20241005 774
20241006 775
20241007 775
20241008 774
20241010 774
20241011 777
20241012 776
20241013 776
20241014 778
20241016 778
20241017 781
20241022 781
20241023 786
20241024 787
20241025 786
20241026 785
20241028 785
20241029 787
20241102 787
20241103 783
20241104 783
20241105 782
20241106 782
20241107 781
20241108 780
20241109 780
20241110 778
20241111 778
20241112 777
20241113 777
20241114 775
20241115 777
20241118 777
20241119 776
20241125 776
20241126 780
20241201 780
20241202 779
20241203 780
20241205 780
20241206 783
20241207 783
20241208 784
20241209 784
20241210 783
20241211 785
20241217 785
