20230922 1412
20230924 1412
20230925 1413
20231002 1413
20231003 1414
20231009 1414
20231010 1415
20231011 1416
20231013 1416
20231014 1417
20231114 1417
20231115 1418
20231116 1419
20231117 1419
20231118 1421
20231120 1422
20231125 1422
20231126 1423
20231205 1423
20231206 1424
20231208 1424
20231209 1425
20231218 1425
20231219 1426
20231221 1426
20231222 1427
20231225 1427
20231226 1429
20240102 1429
20240103 1430
20240104 1431
20240110 1431
20240111 1432
20240113 1432
20240114 1433
20240118 1433
20240119 1432
20240120 1433
20240122 1433
20240124 1435
20240127 1435
20240128 1436
20240130 1436
20240131 1437
20240206 1437
20240207 1438
20240212 1438
20240213 1439
20240216 1439
20240217 1440
20240227 1440
20240228 1441
20240308 1441
20240309 1442
20240314 1442
20240315 1443
20240316 1443
20240317 1442
20240318 1443
20240321 1443
20240322 1444
20240323 1444
20240324 1445
20240327 1445
20240328 1446
20240329 1446
20240330 1448
20240409 1448
20240410 1450
20240415 1450
20240416 1451
20240422 1451
20240423 1452
20240424 1452
20240425 1453
20240426 1454
20240428 1454
20240429 1455
20240503 1455
20240504 1457
20240506 1457
20240507 1458
20240512 1458
20240513 1459
20240521 1459
20240522 1460
20240523 1460
20240524 1461
20240526 1461
20240527 1462
20240528 1464
20240531 1464
20240601 1465
20240602 1466
20240603 1467
20240604 1467
20240605 1468
20240615 1468
20240616 1470
20240623 1470
20240624 1471
20240626 1471
20240627 1473
20240704 1473
20240705 1474
20240707 1474
20240708 1475
20240713 1475
20240714 1476
20240719 1476
20240720 1478
20240724 1478
20240725 1475
20240727 1475
20240728 1476
20240729 1478
20240804 1478
20240805 1479
20240812 1479
20240813 1480
20240816 1480
20240817 1481
20240818 1481
20240819 1482
20240820 1482
20240821 1483
20240822 1484
20240824 1484
20240825 1485
20240827 1485
20240828 1486
20240901 1486
20240902 1487
20240903 1487
20240904 1489
20240905 1491
20240906 1491
20240907 1492
20240913 1492
20240914 1493
20240915 1495
20240925 1495
20240926 1496
20240927 1496
20240928 1497
20241006 1497
20241007 1498
20241008 1498
20241009 1499
20241014 1499
20241015 1500
20241017 1500
20241018 1501
20241019 1502
20241024 1502
20241025 1503
20241027 1503
20241028 1504
20241106 1504
20241107 1503
20241108 1503
20241109 1504
20241110 1505
20241111 1506
20241130 1506
20241201 1507
20241202 1507
20241203 1508
20241212 1508
20241213 1509
20241226 1509
20241227 1510
20241228 1511
20250104 1511
20250105 1512
20250108 1512
20250109 1513
20250113 1513
20250114 1517
20250119 1517
20250120 1518
20250121 1518
20250122 1519
20250124 1519
20250125 1520
20250127 1520
20250128 1521
20250206 1521
20250207 1523
20250208 1524
20250212 1524
20250213 1525
20250214 1527
20250222 1527
20250223 1528
20250224 1529
20250226 1529
20250227 1530
20250228 1531
20250301 1532
20250314 1532
20250315 1533
20250317 1533
20250318 1534
20250321 1534
20250322 1535
20250327 1535
20250328 1536
20250330 1536
20250331 1537
20250401 1538
20250408 1538
20250409 1539
20250413 1539
20250414 1541
20250415 1542
20250417 1542
20250418 1543
20250420 1543
20250421 1545
20250427 1545
20250428 1546
20250429 1547
20250512 1547
20250513 1548
20250515 1548
20250516 1549
20250517 1549
20250518 1551
20250531 1551
20250601 1552
20250603 1552
20250604 1553
20250605 1553
20250606 1555
20250620 1555
20250621 1380
20250622 1124
20250623 890
20250624 880
20250625 882
20250626 883
20250627 884
20250628 888
20250629 889
20250630 890
20250703 890
20250704 891
20250705 894
20250707 894
20250708 895
20250713 895
20250714 897
20250715 900
20250723 900
20250724 901
20250726 901
20250727 902
20250729 902
20250730 903
20250808 903
20250810 904
20250811 905
20250816 905
20250817 906
20250820 906
20250821 907
20250823 907
20250824 909
20250825 917
20250907 917
20250908 918
20250909 920
20250912 920
20250913 921
20250919 921
20250920 922
20250926 922
20250927 923
20250928 924
20251002 924
20251003 925
20251012 925
20251013 926
20251016 926
20251017 927
20251101 927
20251102 928
20251104 928
20251105 929
20251106 930
20251108 930
20251109 931
20251116 931
20251117 932
20251128 932
20251129 933
20251204 933
20251206 935
20251217 935
20260103 940
20260105 940
20260107 941
20260124 941
20260125 942
20260126 942
20260127 943
20260130 943
20260131 945
20260201 945
20260202 946
20260205 946
20260206 947
20260209 947
20260210 946
20260211 947
20260213 947
20260214 948
20260227 948
20260228 949
20260301 949
20260303 950
