20230922 1301
20230924 1303
20230925 1303
20230926 1303
20230927 1303
20230928 1303
20230929 1306
20230930 1307
20231001 1308
20231002 1308
20231003 1311
20231005 1312
20231007 1312
20231008 1313
20231009 1312
20231010 1314
20231011 1314
20231012 1316
20231013 1319
20231014 1319
20231015 1320
20231016 1318
20231017 1318
20231018 1320
20231019 1320
20231020 1318
20231021 1318
20231022 1319
20231023 1317
20231024 1320
20231025 1319
20231026 1321
20231027 1320
20231028 1320
20231029 1322
20231030 1321
20231031 1319
20231101 1320
20231102 1321
20231103 1323
20231104 1326
20231105 1325
20231106 1323
20231107 1325
20231108 1325
20231109 1331
20231110 1331
20231111 1329
20231112 1329
20231113 1327
20231114 1327
20231115 1322
