20230922 16651
20230924 16652
20230925 16652
20230926 16651
20230927 16652
20230928 16651
20230929 16648
20230930 16650
20231001 16661
20231002 16675
20231003 16684
20231005 16700
20231007 16700
20231008 16717
20231009 16728
20231010 16732
20231011 16733
20231012 16738
20231013 16738
20231014 16736
20231015 16743
20231016 16738
20231017 16738
20231018 16738
20231019 16738
20231020 16738
20231021 16738
20231022 16742
20231023 16745
20231024 16743
20231025 16741
20231026 16743
20231027 16749
20231028 16746
20231029 16741
20231030 16740
20231031 16744
20231101 16742
20231102 16737
20231103 16738
