20230922 19998
20230924 20008
20230925 20011
20230926 20021
20230927 20021
20230928 20023
20230929 20023
20230930 20024
20231001 20027
20231002 20034
20231003 20040
20231005 20044
20231007 20050
20231008 20071
20231009 20072
20231010 20074
20231011 20059
20231012 20054
20231013 20055
20231014 20063
20231015 20065
20231016 20065
20231017 20065
20231018 20077
20231019 20077
20231020 20085
20231021 20090
20231022 20164
20231023 20166
20231024 20169
20231025 20171
20231026 20171
20231027 20172
20231028 20186
20231029 20194
20231030 20202
20231031 20205
20231101 20205
20231102 20207
20231103 20206
20231104 20193
20231105 20212
20231106 20219
20231107 20224
20231108 20224
20231109 20231
20231110 20231
20231111 20245
20231112 20248
20231113 20265
20231114 20268
20231115 20270
20231116 20269
20231117 20275
20231118 20287
20231120 20302
20231121 20303
20231122 20305
20231123 20307
20231124 20310
20231125 20310
20231126 20316
20231127 20329
20231128 20334
20231129 20337
20231130 20332
20231201 20327
20231202 20334
20231203 20340
20231204 20340
20231205 20348
20231206 20350
20231207 20338
20231208 20348
20231209 20354
20231210 20364
20231211 20369
20231212 20370
20231213 20372
20231214 20372
20231215 20375
20231216 20298
