20230707 5
20230709 5
20230710 5
20230711 5
20230712 5
20230714 5
20230715 5
20230716 5
20230717 5
20230718 5
20230719 5
20230720 5
20230721 5
20230722 5
20230723 5
20230724 5
20230725 5
20230726 5
20230727 5
20230728 5
20230729 5
20230730 5
20230731 5
20230801 5
20230802 5
20230803 5
20230804 5
20230805 5
20230806 5
20230807 5
20230808 5
20230809 5
20230810 5
20230811 5
20230812 5
20230813 5
20230815 5
20230816 5
20230817 5
20230818 5
20230819 5
20230820 5
20230821 5
20230822 5
20230823 5
20230824 5
20230825 5
20230826 5
20230827 5
20230828 5
20230829 5
20230830 5
20230831 5
20230901 5
20230902 5
20230903 5
20230904 5
20230905 5
20230906 5
20230907 5
20230908 5
20230909 5
20230910 5
20230911 5
20230912 5
20230913 5
20230914 5
20230915 5
20230916 5
20230917 5
20230918 5
20230919 5
20230920 3
20230921 3
20230922 3
20230923 3
20230924 3
20230925 3
20230926 3
20230927 3
20230928 3
20230929 3
20230930 3
20231001 3
20231002 3
20231003 3
20231005 3
20231007 3
20231008 3
20231009 3
20231010 3
20231011 3
20231012 3
20231013 3
20231014 3
20231015 3
20231016 3
20231017 3
20231018 3
20231019 3
20231020 3
20231021 3
20231022 3
20231023 3
20231024 3
20231025 3
20231026 3
20231027 3
20231028 3
20231029 3
20231030 3
20231031 3
20231101 3
20231102 3
20231103 3
20231104 3
20231105 3
20231106 3
20231107 3
20231108 3
20231109 3
20231110 3
20231111 3
20231112 3
20231113 3
20231114 3
20231115 3
20231116 3
20231117 3
20231118 3
20231120 3
20231121 3
20231122 3
20231123 3
20231124 3
20231125 3
20231126 3
20231127 3
20231128 3
20231129 3
20231130 3
20231201 3
20231202 3
20231203 3
20231204 3
20231205 3
20231206 3
20231207 3
20231208 3
20231209 3
20231210 3
20231211 3
20231212 3
20231213 3
20231214 3
20231215 3
20231216 3
20231217 3
20231218 3
20231219 3
20231220 3
20231221 3
20231222 3
20231223 3
20231224 3
20231225 3
20231226 3
20231227 3
20231230 3
20231231 3
20240101 3
20240102 3
20240103 3
20240104 3
20240105 3
20240106 3
20240107 3
20240108 3
20240109 3
20240110 3
20240111 3
20240112 3
20240113 3
20240114 3
20240115 3
20240116 3
20240117 3
20240118 3
20240119 3
20240120 3
20240121 3
20240122 3
20240124 3
20240125 3
20240126 3
20240127 3
20240128 3
20240129 3
20240130 3
20240131 3
20240201 3
20240202 3
20240203 3
20240204 3
20240205 3
20240206 3
20240207 3
20240208 3
20240209 3
20240210 3
20240211 3
20240212 3
20240213 3
20240214 3
20240215 3
20240216 3
20240217 3
20240218 3
20240219 3
20240220 3
20240221 3
20240222 3
20240223 3
20240224 3
20240225 3
20240226 3
20240227 3
20240228 3
20240229 3
20240301 3
20240302 3
20240303 3
20240304 3
