20230922 11149
20230924 11151
20230925 11155
20230926 11157
20230927 11154
20230928 11150
20230929 11155
20230930 11155
20231001 11164
20231002 11157
20231003 11159
20231005 11163
20231007 11175
20231008 11178
20231009 11176
20231010 11190
20231011 11188
20231012 11188
20231013 11188
20231014 11193
20231015 11191
20231016 11190
20231017 11190
20231018 11212
20231019 11212
20231020 11222
20231021 11229
20231022 11232
20231023 11238
20231024 11237
20231025 11235
20231026 11228
20231027 11238
20231028 11243
20231029 11242
20231030 11244
20231031 11239
20231101 11239
20231102 11232
20231103 11232
20231104 11230
20231105 11234
20231106 11239
20231107 11239
20231108 11239
20231109 11249
20231110 11248
20231111 11253
20231112 11253
20231113 11270
20231114 11274
20231115 11265
20231116 11269
20231117 11273
20231118 11271
20231120 11283
20231121 11285
20231122 11282
20231123 11285
20231124 11286
20231125 11284
20231126 11277
20231127 11294
20231128 11298
20231129 11299
20231130 11298
20231201 11294
20231202 11296
20231203 11299
20231204 11306
20231205 11306
20231206 11298
20231207 11301
20231208 11298
20231209 11308
20231210 11306
20231211 11309
20231212 11311
20231213 11307
20231214 11304
20231215 11301
20231216 11306
20231217 11306
20231218 11307
20231219 11310
20231220 11309
20231221 11308
20231222 11305
20231223 11306
20231224 11310
20231225 11322
20231226 11322
20231227 11322
20231230 11324
20231231 11325
20240101 11327
20240102 11328
20240103 11325
20240104 11328
20240105 11323
20240106 11322
20240107 11322
20240108 11325
20240109 11331
20240110 11330
20240111 11329
20240112 11332
20240113 11331
20240114 11340
20240115 11338
20240116 11339
20240117 11331
20240118 11334
20240119 12236
20240120 11338
20240121 11342
20240122 11341
20240124 11346
20240125 11349
20240126 11364
20240127 11369
20240128 11371
20240129 11365
20240130 11373
20240131 11365
20240201 11362
20240202 11353
20240203 11355
20240204 11359
20240205 11356
20240206 11358
20240207 11359
20240208 11346
20240209 11349
20240210 11353
20240211 11355
20240212 11362
20240213 11361
20240214 11357
20240215 11355
20240216 11358
20240217 11362
20240218 11368
20240219 11377
20240220 11382
20240221 11381
20240222 11380
20240223 11380
