20230707 974
20230709 968
20230710 953
20230711 954
20230712 954
20230713 955
20230714 954
20230715 953
20230716 954
20230717 953
20230718 953
20230719 955
20230720 958
20230721 960
20230722 961
20230723 960
20230724 960
20230725 960
20230726 960
20230727 960
20230728 959
20230729 957
20230730 957
20230731 955
20230801 956
20230802 956
20230803 957
20230804 957
20230805 951
20230806 952
20230807 953
20230808 953
20230809 953
20230810 952
20230811 953
20230812 953
20230813 953
20230815 953
20230816 953
20230817 954
20230818 955
20230819 955
20230820 955
20230821 955
20230822 957
20230823 956
20230824 955
20230825 954
20230826 954
