20230707 10
20230720 10
20230721 9
20230911 9
20230912 10
20230913 11
20230915 11
20230916 9
20230918 9
20230919 12
20230920 9
20230921 11
20230922 8
20230923 14
20230925 14
20230926 10
20230927 7
20230928 6
20231009 6
20231010 9
20231011 24
20231016 24
20231017 25
20231018 25
20231019 26
20231020 26
20231021 30
20231024 30
20231025 32
20231030 32
20231031 35
20231113 35
20231114 36
20231115 42
20231116 42
20231117 65
20231128 65
20231129 67
20231130 75
20231205 75
20231206 79
20231207 83
20231208 85
20231209 99
20231212 99
20231213 101
20231221 101
20231222 102
20231223 103
20231226 103
20231227 135
20240115 135
20240116 136
20240117 136
20240118 137
20240122 137
20240124 139
20240126 139
20240127 140
20240214 140
20240215 142
20240305 142
20240306 147
20240307 152
20240404 152
20240405 153
20240406 151
20240407 152
20240408 163
20240412 163
20240413 164
20240427 164
20240428 166
20240503 166
20240504 167
20240506 167
20240507 169
20240520 169
20240521 170
20240618 170
20240620 172
20240624 172
20240626 173
20240725 173
20240726 178
20240727 200
20240729 200
20240730 210
20240731 210
20240801 216
20240828 216
20240829 184
20240902 184
20240903 181
20240912 181
20240913 185
20240914 201
20240917 201
20240918 215
20240920 215
20240921 214
20240926 214
20240927 213
20241003 213
20241004 214
20241007 214
20241008 216
20241009 221
20241010 232
20241011 261
20241012 264
20241014 264
20241015 328
20241016 1121
20241016 1121
