20230922 6656
20230924 6659
20230925 6659
20230926 6663
20230927 6658
20230928 6648
20230929 6646
20230930 6647
20231001 6652
20231002 6654
20231003 6652
20231005 6653
20231007 6654
20231008 6655
20231009 6658
20231010 6658
20231011 6659
20231012 6658
20231013 6664
20231014 6672
20231015 6675
20231016 6674
20231017 6674
20231018 6674
20231019 6674
20231020 6677
20231021 6679
20231022 6686
20231023 6687
20231024 6690
20231025 6691
20231026 6695
20231027 6697
20231028 6700
20231029 6675
20231030 6674
20231031 6678
20231101 6678
20231102 6678
20231103 6679
20231104 6680
20231105 6684
20231106 6682
20231107 6639
20231108 6639
20231109 6596
