20230707 1670
20230709 1670
20230711 1666
20230712 1665
20230714 1665
20230715 1665
20230716 1665
20230717 1663
20230718 1665
20230719 1666
20230720 1666
20230721 1667
20230722 1667
20230723 1667
20230724 1666
20230725 1667
20230726 1668
20230727 1669
20230728 1671
20230729 1671
20230730 1671
20230731 1670
20230801 1671
20230802 1685
20230803 1685
20230804 1686
20230805 1686
20230806 1685
20230807 1680
20230808 1683
20230809 1682
20230810 1683
20230811 1683
20230812 1684
20230813 1684
20230815 1680
20230816 1680
