19920401 1
19940601 45
19940701 50
19951001 237
19951101 288
19951201 326
19960101 396
19960201 466
19960301 567
19960401 683
19960501 841
19960601 1000
19960701 1330
19960801 1559
19960901 1840
19961001 2188
19961101 2518
19961201 2838
19970101 3162
19970201 3482
19970301 3804
19970401 4113
19970501 4515
19970601 4911
19970701 5304
19970801 5695
19970901 6052
19971001 6504
19971101 6884
19971201 7251
19980101 7662
19980201 8152
19980301 7183
19980401 7898
19980501 8496
19980601 8920
19980701 9525
19980801 10261
19980901 10859
19981001 11795
19981101 12397
19981201 12576
19990101 13355
19990201 14401
19990301 15577
19990401 16602
19990501 17788
19990601 19201
19990701 20068
19990801 22082
19990901 23854
19991001 24479
19991101 26718
19991201 28130
20000101 30748
20000201 34209
20000301 37981
20000401 40959
20000501 44128
20000601 47205
20000701 49947
20000801 52942
20000901 55423
20001001 57999
20001101 60141
20001201 61896
20010101 64163
20010201 66014
20010301 68170
20010401 69076
20010501 71608
20010601 73651
20010701 75584
20010801 76666
20010901 71450
20011001 69584
20011101 68137
20011201 67617
20020101 68905
20020201 69852
20020301 69932
20020401 70330
20020501 70841
20020601 71140
20020701 71590
20020801 72171
20020901 72543
20021001 73506
20021101 73894
20021201 73802
20030101 75040
20030201 75888
20030301 76051
20030401 76604
20030501 78115
20030601 78254
20030701 77608
20030801 78473
20030901 79360
20031001 82062
20031101 82709
20031201 82950
20040101 84158
20040201 85251
20040301 86802
20040401 87728
20040501 88599
20040601 90071
20040701 91559
20040801 92966
20040901 95691
20041001 108888
20041101 110530
20041201 110431
20050101 112097
20050201 114392
20050301 116616
20050401 131283
20050501 132446
20050601 132997
20050701 134828
20050801 137986
20050901 152059
20051001 157614
20051101 158187
20051201 162028
20060101 165479
20060201 168210
20060301 172634
20060401 170810
20060501 174314
20060601 177151
20060701 174138
20060801 177875
20060901 187814
20061001 187891
20061101 185706
20061201 186168
20070101 189987
20070201 193057
20070301 201407
20070401 204791
20070501 205607
20070601 209399
20070701 212389
20070801 215740
20070901 225289
20071001 227740
20071101 230288
20071201 231260
20080101 234112
20080201 237873
20080301 240452
20080401 252961
20080501 255406
20080601 257673
20080701 266896
20080801 267965
20080901 279950
20081001 278321
20081101 277836
20081201 277652
20090101 281149
20090201 289035
20090301 290101
20090401 290820
20090501 307762
20090601 320287
20090701 348794
20090801 352642
20090901 361458
20091001 368598
20091101 376455
20091201 382113
20100101 389900
20100201 398635
20100301 406183
20100401 414401
20100501 420556
20100601 430259
20100701 434506
20100801 436863
20100901 447116
20101001 450453
20101101 455265
20101201 458635
20110101 466644
20110201 473430
20110301 476556
20110401 482169
20110501 498656
20110601 498387
20110701 501747
20110801 507496
20110901 517136
20111001 522430
20111101 527626
20111201 530955
20120101 545468
20120201 553444
20120301 557816
20120401 563954
20120501 568577
20120601 576718
20120701 587810
20120801 596338
20120901 604407
20121001 611186
20121101 616458
20121201 617862
20130101 630180
20130201 644144
20130301 654562
20130401 669414
20130501 681293
20130601 666133
20130701 652256
20130801 667338
20130901 676083
20131001 685845
20131101 687155
20131201 683109
20140101 686963
20140201 693116
20140301 706517
20140401 711793
20140501 709046
20140601 701119
20140701 702286
20140801 707028
20140901 716806
20141001 722049
20141101 725146
20141201 723602
20150101 728565
20150201 738130
20150301 748049
20150401 750448
20150501 753203
20150601 760748
20150701 764679
20150801 767760
20150901 775330
20151001 779564
20151101 781181
20151201 778483
20160101 782298
20160201 789521
20160301 793771
20160401 801012
20160501 803383
20160601 807095
20160701 807405
20160801 808799
20160901 814787
20161001 820396
20161101 821545
20161201 818540
20170101 822174
20170201 829413
20170301 842337
20170401 841546
20170501 846504
20170601 850484
20170701 855297
20170801 864023
20170901 876598
20171001 889323
20171101 900942
20171201 904784
20180101 920174
20180201 939464
20180301 954619
20180401 969282
20180501 983587
20180601 996496
20180701 1007713
20180801 1023845
20180901 1040193
20181001 1055651
20181101 1066506
20181201 1069955
20190101 1083854
20190201 1100967
20190301 1115733
20190401 1127680
20190501 1129182
20190601 1139315
20190701 1149567
20190801 1159090
20190901 1172346
20191001 1183576
20191101 1188713
20191201 1189420
20200101 1196684
20200201 1205233
20200301 1213774
20200401 1216834
20200501 1223063
20200601 1229596
20200701 1234944
20200801 1238665
20200901 1243977
20201001 1245390
20201101 1245071
20201201 1242353
20210101 1247175
20210201 1256485
20210301 1265421
20210401 1270989
20210501 1274031
20210601 1268567
20210701 1283114
20210801 1284593
20210901 1288925
20211001 1287582
20211101 1287593
20211201 1285939
20220101 1290118
20220201 1297264
20220301 1302563
20220401 1302174
20220501 1304877
20220601 1307752
20220701 1309804
20220801 1318695
20220901 1332578
20221001 1336725
20221101 1339923
20221201 1338883
20230101 1343817
20230201 1349474
20230301 1356489
20230401 1357187
20230501 1362677
20230601 1367214
20230809 1366457
20230810 1366640
20230811 1366858
20230812 1367099
20230813 1367230
20230815 1366476
20230816 1366919
20230817 1366955
20230818 1367174
20230819 1367577
20230820 1367800
20230821 1367492
20230822 1367072
20230823 1367206
20230824 1367290
20230825 1367472
20230826 1367635
20230827 1367744
20230828 1367419
20230829 1367135
20230830 1367403
20230831 1367511
20230901 1367561
20230902 1367765
20230903 1368054
20230904 1367735
20230905 1367168
20230906 1367418
20230907 1367580
20230908 1367725
20230909 1367976
20230910 1368051
20230911 1367808
20230912 1367423
20230913 1367622
20230914 1367754
20241003 1365524
20250205 1365524
20251031 1383989
20260104 1383989
20260105 1383989
20260107 1383989
20260108 1383989
20260109 1383989
20260109 1383989
20260110 1383989
