20230922 8977
20230924 8989
20230925 9006
20230926 9002
20230927 8999
20230928 8997
20230929 9012
20230930 9021
20231001 9027
20231002 9031
20231005 9031
20231007 9048
20231008 9052
20231009 9057
20231010 9060
20231011 9054
20231012 9018
20231013 9074
20231014 9042
20231015 8995
20231016 8999
20231017 8999
20231018 9026
20231019 9026
20231020 9053
20231021 9062
20231022 9073
20231023 9074
20231024 9062
20231025 9063
20231026 9066
20231027 9069
20231028 9062
20231029 9074
20231030 9075
20231031 9073
20231101 9069
20231102 9067
20231103 9069
20231104 9080
20231105 9097
20231106 9098
20231107 9095
20231108 9095
20231109 9096
20231110 9027
20231111 9034
20231112 9042
20231113 9045
20231114 9043
20231115 9035
20231116 9033
20231117 9052
20231118 9051
20231120 9054
20231121 9056
20231122 9058
20231123 9055
20231124 9057
20231125 9066
20231126 9082
20231127 9086
20231128 9090
20231129 9085
20231130 9101
20231201 9112
20231202 9124
20231203 9118
20231204 9121
20231205 9117
20231206 9113
20231207 9045
20231208 9034
20231209 9047
20231210 9062
20231211 9059
20231212 9062
20231213 9056
20231214 9056
20231215 9070
20231216 9099
20231217 9108
20231218 9106
20231220 9106
20231221 9107
20231222 9114
20231223 9125
20231224 9137
20231225 9145
20231226 9145
20231227 9140
20231230 9134
20231231 9135
20240101 9147
20240102 9142
20240103 9144
20240104 9147
20240105 9149
20240106 9150
20240107 9145
20240108 9144
20240109 9147
20240110 9161
20240111 9163
20240112 9173
20240113 9179
20240114 9189
20240115 9185
20240116 9193
20240117 9195
20240118 9188
20240119 10229
20240120 9151
20240121 9171
20240122 9170
20240124 9177
20240125 9193
20240126 9204
20240127 9215
20240128 9211
20240129 9215
20240130 9216
20240131 9216
20240201 9224
20240202 9233
20240203 9240
20240204 9243
20240205 9253
20240206 9255
20240207 9254
20240208 9257
20240209 9232
20240210 9152
20240211 9181
20240212 9213
20240213 9219
20240214 9219
20240215 9239
20240216 9267
20240217 9266
20240218 9275
20240219 9278
20240220 9277
20240221 9273
20240222 9273
20240223 9286
20240224 9283
20240225 9290
20240226 9292
20240227 9293
20240228 9289
20240229 9295
20240301 9301
20240302 9309
20240303 9314
20240304 9322
20240305 9313
20240306 9303
20240307 9285
20240308 9279
20240309 9209
20240310 9241
20240311 9259
20240312 9261
20240313 9259
20240314 9266
20240315 9282
20240316 9279
20240317 9290
20240318 9298
20240319 9307
20240320 9300
20240321 9304
20240322 9304
20240323 9319
20240324 9323
20240325 9341
20240326 9346
20240327 9340
20240328 9339
20240329 9334
20240330 9337
20240331 9354
20240401 9357
20240402 9365
20240403 9368
20240404 9370
20240405 9365
20240406 9383
20240407 9394
20240408 9405
20240409 9412
20240410 9411
20240411 9401
20240412 9404
20240413 9400
20240415 9415
20240416 9422
20240417 9424
20240418 9426
20240419 9329
20240420 9349
20240421 9372
20240422 9384
20240423 9391
20240424 9386
20240425 9399
20240426 9412
20240427 9412
20240428 9425
20240429 9441
20240430 9442
20240501 9438
20240503 9458
20240504 9451
20240505 9460
20240506 9460
20240507 9470
20240508 9481
20240509 9481
20240510 9504
20240511 9512
20240512 9511
20240513 9534
20240514 9536
20240515 9513
20240516 9462
20240517 9479
20240518 9475
20240519 9484
20240520 9495
20240521 9500
20240522 9497
20240523 9495
20240524 9506
20240525 9508
20240526 9529
20240527 9539
20240528 9541
20240529 9541
20240530 9543
20240531 9536
20240601 9562
20240602 9569
20240603 9573
20240604 9575
20240605 9570
20240606 9562
20240609 9573
20240611 9605
20240612 9602
20240613 9600
20240614 9532
20240615 9536
20240616 9551
20240617 9572
20240618 9573
20240620 9577
20240621 9585
20240622 9585
20240623 9588
20240624 9594
20240626 9586
20240627 9577
20240628 9581
20240629 9584
20240630 9587
20240701 9587
20240702 9597
20240703 9595
20240704 9528
20240705 9502
20240706 9520
20240707 9530
20240708 9544
20240709 9548
20240710 9550
20240711 9560
20240712 9577
20240713 9577
20240714 9577
20240715 9590
20240716 9604
20240717 9604
20240718 9601
20240719 9603
20240720 9623
20240721 9637
20240722 9639
20240723 9639
20240724 9654
20240725 9647
20240726 9649
20240727 9656
20240728 9662
20240729 9680
20240730 9694
20240731 9698
20240801 9699
20240802 9711
20240803 9696
20240804 9696
20240805 9740
20240806 9734
20240807 9729
20240808 9729
20240809 9734
20240810 9678
20240811 9678
20240812 9690
20240813 9708
20240814 9711
20240815 9711
20240816 9713
20240817 9708
20240818 9722
20240819 9733
20240820 9742
20240821 9741
20240822 9748
20240823 9761
20240824 9764
