20230922 5783
20230924 5787
20230925 5571
20230926 5572
20230927 5574
20230928 5578
20230929 5578
20230930 5580
20231001 5581
20231002 5586
20231003 5590
20231005 5590
20231007 5595
20231008 5600
20231009 5602
20231010 5604
20231011 5604
20231012 5605
20231013 5609
20231014 5613
20231015 5616
20231016 5616
20231017 5616
20231018 5622
20231019 5622
20231020 5624
20231021 5626
20231022 5626
20231023 5630
20231024 5633
20231025 5635
20231026 5637
20231027 5639
20231028 5639
20231029 5646
20231030 5650
20231031 5651
20231101 5652
20231102 5652
20231103 5651
20231104 5654
20231105 5603
20231106 5611
20231107 5614
20231108 5614
20231109 5618
20231110 5619
20231111 5623
20231112 5625
20231113 5625
20231114 5631
20231115 5631
20231116 5635
20231117 5641
20231118 5641
20231120 5656
20231121 5656
20231122 5656
20231123 5657
20231124 5658
20231125 5658
20231126 5664
20231127 5667
20231128 5671
