20230707 4025
20230709 4025
20230710 4025
20230711 4024
20230712 4025
20230713 4026
20230714 4021
20230715 4020
20230716 4020
20230717 4021
20230718 4021
20230719 4020
20230720 4021
20230721 4020
20230722 4022
20230723 4022
20230724 4023
20230725 4022
20230726 4025
20230727 4023
20230728 4020
20230729 4027
20230730 4053
20230731 4071
20230801 4079
20230802 4084
20230803 4083
20230804 4055
20230805 4048
20230806 4044
20230807 4041
20230808 4039
20230809 4040
20230810 4040
20230811 4039
20230812 4039
20230813 4038
20230815 4038
20230816 4036
20230817 4053
20230818 4053
20230819 4057
20230820 4057
20230821 4054
20230822 4051
20230823 4053
20230824 4052
20230825 4052
20230826 4053
20230827 4052
20230828 4052
20230829 4053
20230830 4055
20230831 4060
20230901 4060
20230902 4059
20230903 4059
20230904 4055
20230905 4055
20230906 4056
20230907 4057
20230908 4056
20230909 4055
20230910 4055
20230911 4055
20230912 4054
20230913 4052
20230914 4053
20230915 4054
20230916 4055
20230917 4056
20230918 4056
20230919 4056
20230920 4046
20230921 4040
20230922 4040
20230923 4040
20230924 4040
20230925 4042
20230926 4043
20230927 4043
20230928 4042
20230929 4043
20230930 4042
20231001 4045
20231002 4057
20231003 4077
20231005 4087
20231007 4086
20231008 4097
20231009 4116
20231010 4123
20231011 4129
20231012 4134
20231013 4137
20231014 4136
20231015 4137
20231016 4136
20231017 4133
20231018 4133
20231019 4133
20231020 4133
20231021 4136
20231022 4136
20231023 4134
20231024 4134
20231025 4134
20231026 4134
20231027 4134
20231028 4135
20231029 4138
20231030 4134
20231031 4138
20231101 4139
20231102 4138
20231103 4138
20231104 4140
20231105 4138
20231106 4138
20231107 4140
20231108 4139
20231109 4138
20231110 4139
20231111 4139
20231112 4140
20231113 4139
20231114 4139
20231115 4138
20231116 4136
20231117 4140
20231118 4139
20231120 4138
20231121 4142
20231122 4151
20231123 4164
20231124 4168
20231125 4169
20231126 4169
20231127 4173
20231128 4171
20231129 4173
20231130 4170
20231201 4169
20231202 4169
20231203 4169
20231204 4169
20231205 4167
20231206 4166
20231207 4166
20231208 4166
20231209 4164
20231210 4161
