20230707 83970
20230709 83941
20230710 83899
20230711 83875
20230712 83848
20230713 83825
20230714 83802
20230715 83842
20230716 83822
20230717 83798
20230718 83796
20230719 83770
20230720 83749
20230721 83707
20230722 83694
20230723 83657
20230724 83640
20230725 83642
20230726 83630
20230727 83644
20230728 83633
20230729 83639
20230730 83669
20230731 83691
20230801 83689
20230802 83723
20230803 83731
20230804 83738
20230805 83796
20230806 83891
20230807 83886
20230808 83876
20230809 83850
20230810 83843
20230811 83762
20230812 83749
20230813 83736
20230815 83737
20230816 83788
20230817 83766
20230818 83750
20230819 83783
20230820 83763
20230821 83751
20230822 83741
20230823 83739
20230824 83721
20230825 83720
20230826 83697
20230827 83697
20230828 83707
20230827 83697
20230829 83705
20230827 83697
20230830 83706
20230827 83697
20230831 83640
20230827 83697
20230901 83617
20230827 83697
20230902 83584
20230827 83697
20230903 83486
20230827 83697
20230904 83440
20230827 83697
20230905 83442
20230827 83697
20230906 83395
20230827 83697
20230907 83358
20230827 83697
20230908 83312
20230827 83697
20230909 83261
20230827 83697
20230910 83240
20230827 83697
20230911 83224
20230827 83697
20230912 83216
20230827 83697
20230913 83190
20230827 83697
20230914 83156
20230827 83697
20230915 83174
20230827 83697
20230916 83145
20230827 83697
20230917 83122
20230827 83697
20230918 83100
20230827 83697
20230919 83083
20230827 83697
20230920 81277
20230827 83697
20230921 81227
20230827 83697
20230922 81199
20230827 83697
20230923 81192
20230827 83697
20230924 81169
20230827 83697
20230925 81150
20230827 83697
20230926 81139
20230827 83697
20230927 81117
20230827 83697
20230928 81089
20230827 83697
20230929 81058
20230827 83697
20230930 81061
20230827 83697
20231001 81037
20230827 83697
20231002 81026
20230827 83697
20231003 81005
20230827 83697
20231005 80969
20230827 83697
20231007 80963
20230827 83697
20231008 80938
20230827 83697
20231009 80925
20230827 83697
20231010 80926
20230827 83697
20231011 80921
20230827 83697
20231012 80901
20230827 83697
20231013 80890
20231014 80890
20231015 80880
20231014 80890
20231016 80878
20231014 80890
20231017 80892
20231014 80890
20231018 80877
20231019 80890
20231014 80890
20231020 80888
20231014 80890
20231021 80864
20231014 80890
20231022 80858
20231014 80890
20231023 80852
20231014 80890
20231024 80864
20231014 80890
20231025 80853
20231014 80890
20231026 80843
20231014 80890
20231027 80881
20231014 80890
20231028 80838
20231014 80890
20231029 80823
20231014 80890
20231030 80825
20231014 80890
20231031 80823
20231014 80890
20231101 80782
20231014 80890
20231102 80830
20231014 80890
20231103 80784
20231014 80890
20231104 80769
20231014 80890
20231105 80744
20231014 80890
20231106 80733
20231014 80890
20231107 80720
20231014 80890
20231108 80718
20231014 80890
20231109 80698
20231014 80890
20231110 80712
20231014 80890
20231111 80709
20231014 80890
20231112 80687
20231113 80687
20231114 80709
20231113 80687
20231115 80697
20231113 80687
20231116 80659
20231113 80687
20231117 80635
20231113 80687
20231118 80629
20231113 80687
20231120 80587
20231113 80687
20231121 80571
20231113 80687
20231122 80565
20231113 80687
20231123 80543
20231113 80687
20231124 80492
20231113 80687
20231125 80496
20231113 80687
20231126 80467
20231113 80687
20231127 80465
20231113 80687
20231128 80441
20231113 80687
20231129 80407
20231113 80687
20231130 80395
20231113 80687
20231201 80356
20231113 80687
20231202 80331
20231113 80687
20231203 80310
20231113 80687
20231204 80290
20231113 80687
20231205 80255
20231113 80687
20231206 80207
20231113 80687
20231207 80161
20231113 80687
20231208 80141
20231113 80687
20231209 80121
20231113 80687
20231210 80100
20231113 80687
20231211 80087
20231113 80687
20231212 80075
20231113 80687
20231213 80078
20231113 80687
20231214 80042
20231113 80687
20231215 80003
20231113 80687
20231216 79983
20231113 80687
20231217 79961
20231113 80687
20231218 79933
20231113 80687
20231219 79917
20231113 80687
20231220 79869
20231113 80687
20231221 79837
20231113 80687
20231222 79816
20231113 80687
20231223 79774
20231113 80687
20231224 79755
20231113 80687
20231225 79744
20231113 80687
20231226 79762
20231113 80687
20231227 79757
20231113 80687
20231230 79691
20231113 80687
20231231 79682
20231113 80687
20240101 79669
20231113 80687
20240102 79649
20231113 80687
20240103 79628
20231113 80687
20240104 79584
20231113 80687
20240105 79559
20231113 80687
20240106 79534
20231113 80687
20240107 79518
20231113 80687
20240108 79511
20231113 80687
20240109 79497
20231113 80687
20240110 79482
20231113 80687
20240111 79450
20231113 80687
20240112 79458
20231113 80687
20240113 79441
20231113 80687
20240114 79407
20231113 80687
20240115 79402
20231113 80687
20240116 79399
20231113 80687
20240117 79376
20231113 80687
20240118 79349
20231113 80687
20240119 79342
20231113 80687
20240120 79331
20231113 80687
20240121 79326
20231113 80687
20240122 79328
20231113 80687
20240124 79296
20231113 80687
20240125 79281
20231113 80687
20240126 79253
20231113 80687
20240127 79225
20231113 80687
20240128 79198
20231113 80687
20240129 79146
20231113 80687
20240130 79136
20231113 80687
20240131 79123
20231113 80687
20240201 79091
20231113 80687
20240202 79076
20231113 80687
20240203 79050
20231113 80687
20240204 79040
20231113 80687
20240205 79034
20231113 80687
20240206 79032
20231113 80687
20240207 79012
20231113 80687
20240208 79014
20231113 80687
20240209 79021
20231113 80687
20240210 79012
20231113 80687
20240211 79002
20231113 80687
20240212 78985
20231113 80687
20240213 78976
20231113 80687
20240214 78970
20231113 80687
20240215 78967
20231113 80687
20240216 78940
20231113 80687
20240217 78927
20231113 80687
20240218 78929
20231113 80687
20240219 78914
20231113 80687
20240220 78911
20231113 80687
20240221 78889
20231113 80687
20240222 78857
20231113 80687
20240223 78844
20231113 80687
20240224 78817
20231113 80687
20240225 78812
20240226 78812
20240227 78814
20240226 78812
20240228 78785
20240226 78812
20240229 78779
20240226 78812
20240301 78763
20240226 78812
20240302 78749
20240226 78812
20240303 78733
20240226 78812
20240304 78718
20240226 78812
20240305 78708
20240226 78812
20240306 78693
20240226 78812
20240307 78697
20240226 78812
20240308 78689
20240226 78812
20240309 78678
20240226 78812
20240310 78670
20240226 78812
20240311 78669
20240226 78812
20240312 78643
20240226 78812
20240313 78623
20240226 78812
20240314 78604
20240226 78812
20240315 78585
20240226 78812
20240316 78564
20240226 78812
20240317 78557
20240226 78812
20240318 78572
20240226 78812
20240319 78576
20240226 78812
20240320 78564
20240226 78812
20240321 78560
20240226 78812
20240322 78544
20240226 78812
20240323 78531
20240226 78812
20240324 78521
20240226 78812
20240325 78505
20240226 78812
20240326 78501
20240226 78812
20240327 78489
20240226 78812
20240328 78482
20240226 78812
20240329 78448
20240226 78812
20240330 78444
20240226 78812
20240331 78447
20240226 78812
20240401 78416
20240226 78812
20240402 78395
20240226 78812
20240403 78377
20240226 78812
20240404 78359
20240226 78812
20240405 78345
20240226 78812
20240406 78333
20240226 78812
20240407 78331
20240226 78812
20240408 78329
20240226 78812
20240409 78318
20240226 78812
20240410 78312
20240226 78812
20240411 78304
20240226 78812
20240412 78242
20240226 78812
20240413 78220
20240226 78812
20240415 78209
20240226 78812
20240416 78197
20240226 78812
20240417 78189
20240226 78812
20240418 78169
20240226 78812
20240419 78156
20240226 78812
20240420 78141
20240226 78812
20240421 78127
20240226 78812
20240422 78118
20240226 78812
20240423 78115
20240226 78812
20240424 78124
20240226 78812
20240425 78108
20240226 78812
20240426 78101
20240226 78812
20240427 78067
20240226 78812
20240428 78041
20240226 78812
20240429 78040
20240226 78812
20240430 78018
20240226 78812
20240501 77996
20240226 78812
20240503 77929
20240226 78812
20240504 77910
20240226 78812
20240505 77954
20240226 78812
20240506 77945
20240226 78812
20240507 77927
20240226 78812
20240508 77915
20240226 78812
20240509 77887
20240226 78812
20240510 77856
20240226 78812
20240511 77839
20240226 78812
20240512 77830
20240226 78812
20240513 77821
20240226 78812
20240514 77798
20240226 78812
20240515 77782
20240226 78812
20240516 77772
20240226 78812
20240517 77763
20240518 77763
20240519 77757
20240518 77763
20240520 77741
20240521 77741
20240522 77742
20240521 77741
20240523 77747
20240521 77741
20240524 77736
20240521 77741
20240525 77727
20240521 77741
20240526 77710
20240521 77741
20240527 77679
20240521 77741
20240528 77610
20240521 77741
20240529 77592
20240521 77741
20240530 77562
20240521 77741
20240531 77555
20240521 77741
20240601 77540
20240521 77741
20240602 77501
20240521 77741
20240603 77483
20240604 77483
20240605 77475
20240604 77483
20240606 77445
20240604 77483
20240609 77384
20240604 77483
20240611 77360
20240604 77483
20240612 77350
20240604 77483
20240614 77356
20240604 77483
20240615 77365
20240604 77483
20240616 77356
20240604 77483
20240617 77346
20240604 77483
20240618 77342
20240604 77483
20240620 77341
20240604 77483
20240621 77345
20240604 77483
20240622 77322
20240604 77483
20240623 77320
20240604 77483
20240624 77323
20240604 77483
20240626 77307
20240604 77483
20240627 77288
20240604 77483
20240628 77269
20240604 77483
20240629 77230
20240604 77483
20240630 77196
20240604 77483
20240701 77189
20240604 77483
20240702 77178
20240703 77178
20240704 77161
20240703 77178
20240705 77154
20240703 77178
20240706 77137
20240703 77178
20240707 77120
20240703 77178
20240708 77125
20240703 77178
20240709 77076
20240703 77178
20240710 77079
20240703 77178
20240711 77067
20240703 77178
20240712 77063
20240703 77178
20240713 77035
20240703 77178
20240714 77024
20240703 77178
20240715 77025
20240716 77025
20240717 77021
20240716 77025
20240718 77024
20240716 77025
20240719 77031
20240716 77025
20240720 77001
20240716 77025
20240721 76988
20240716 77025
20240722 76976
20240716 77025
20240723 76964
20240716 77025
20240724 76967
20240716 77025
20240725 76970
20240716 77025
20240726 76967
20240716 77025
20240727 76948
20240716 77025
20240728 76942
20240716 77025
20240729 76933
20240716 77025
20240730 76928
20240716 77025
20240731 76920
20240716 77025
20240801 76918
20240716 77025
20240802 76915
20240716 77025
20240803 76959
20240716 77025
20240804 76985
20240716 77025
20240805 77035
20240716 77025
20240806 77053
20240716 77025
20240807 77052
20240716 77025
20240808 77062
20240716 77025
20240809 77059
20240716 77025
20240810 77029
20240716 77025
20240811 77017
20240716 77025
20240812 77012
20240716 77025
20240813 77011
20240716 77025
20240814 77000
20240716 77025
20240815 76992
20240716 77025
20240816 76878
20240716 77025
20240817 76883
20240716 77025
20240818 76884
20240716 77025
20240819 76892
20240716 77025
20240820 76870
20240716 77025
20240821 76942
20240716 77025
20240822 76940
20240716 77025
20240823 76943
20240716 77025
20240824 76905
20240716 77025
20240825 76885
20240716 77025
20240826 76865
20240716 77025
20240827 76857
20240716 77025
20240828 76839
20240716 77025
20240829 76824
20240716 77025
20240830 76794
20240716 77025
20240831 76772
20240716 77025
20240901 76751
20240716 77025
20240902 76729
20240716 77025
20240903 76717
20240716 77025
20240904 76696
20240716 77025
20240905 76676
20240716 77025
20240906 76646
20240716 77025
20240907 76612
20240716 77025
20240908 76569
20240716 77025
20240909 76544
20240716 77025
20240910 76519
20240716 77025
20240911 76496
20240716 77025
20240912 76494
20240716 77025
20240913 76469
20240716 77025
20240914 76382
20240716 77025
20240915 76395
20240716 77025
20240916 76392
20240716 77025
20240917 76308
20240716 77025
20240918 76288
20240919 76288
20240920 76280
20240919 76288
20240921 76252
20240919 76288
20240921 76262
20240919 76288
20240922 76252
20240919 76288
20240925 76198
20240919 76288
20240926 76186
20240919 76288
20240927 76158
20240919 76288
20240928 76123
20240919 76288
20240929 76101
20240919 76288
20240930 76064
20240919 76288
20241001 76051
20241001 76051
