20230922 6823
20230924 6826
20230925 6831
20230926 6829
20230927 6830
20230928 6833
20230929 6834
20230930 6834
20231001 6834
20231002 6840
20231003 6839
20231005 6836
20231007 6832
20231008 6834
20231009 6837
20231010 6836
20231011 6835
20231012 6835
20231013 6840
20231014 6843
20231015 6846
20231016 6848
20231017 6848
20231018 6847
20231019 6847
20231020 6853
20231021 6858
20231022 6858
20231023 6858
20231024 6865
20231025 6863
20231026 6865
20231027 6868
20231028 6871
20231029 6870
20231030 6876
20231031 6876
20231101 6876
20231102 6876
20231103 6880
20231104 6879
20231105 6883
20231106 6882
20231107 6882
20231108 6882
20231109 6883
20231110 6884
20231111 6887
20231112 6888
20231113 6890
20231114 6886
20231115 6887
20231116 6885
20231117 6885
20231118 6884
20231120 6888
20231121 6894
20231122 6893
20231123 6898
20231124 6902
20231125 6909
20231126 6906
20231127 6913
20231128 6910
20231129 6908
20231130 6913
20231201 6912
20231202 6910
20231203 6915
20231204 6916
20231205 6917
20231206 6918
20231207 6920
20231208 6926
20231209 6927
20231210 6925
20231211 6922
20231212 6921
20231213 6920
20231214 6922
20231215 6923
20231216 6928
20231217 6930
20231218 6933
20231219 6925
20231220 6924
20231221 6925
20231222 6929
20231223 6934
20231224 6939
20231225 6940
20231226 6940
20231227 6940
20231230 6943
20231231 6946
20240101 6945
20240102 6945
20240103 6946
20240104 6947
20240105 6947
20240106 6946
20240107 6944
20240108 6945
20240109 6945
20240110 6946
20240111 6950
20240112 6949
20240113 6950
20240114 6949
20240115 6951
20240116 6950
20240117 6949
20240118 6952
20240119 7139
20240120 6950
20240121 6945
20240122 6946
20240124 6914
20240125 6921
20240126 6923
20240127 6930
20240128 6936
20240129 6937
20240130 6938
20240131 6936
20240201 6936
20240202 6938
20240203 6941
20240204 6943
20240205 6944
20240206 6942
20240207 6943
20240208 6952
20240209 6957
20240210 6959
20240211 6960
20240212 6960
20240213 6954
20240214 6956
20240215 6962
20240216 6965
20240217 6965
20240218 6965
20240219 6967
20240220 6969
20240221 6966
20240222 6966
20240223 6971
20240224 6974
20240225 6973
20240226 6972
20240227 6967
20240228 6966
20240229 6967
20240301 6966
20240302 6973
20240303 6973
20240304 6973
20240305 6970
20240306 6971
20240307 6972
20240308 6973
20240309 6970
