20230922 945
20230924 947
20230925 942
20230926 947
20230927 945
20230928 949
20230929 942
20230930 945
20231001 947
20231002 944
20231003 950
20231005 943
20231007 944
20231008 941
20231009 941
20231010 946
20231011 946
20231012 945
20231013 947
20231014 948
20231015 948
20231016 949
20231017 949
20231018 947
20231019 947
20231020 948
20231021 949
20231022 950
20231023 950
20231024 950
20231025 951
20231026 951
20231027 951
20231028 952
20231029 952
20231030 952
20231031 953
20231101 953
20231102 951
20231103 950
20231104 954
20231105 952
20231106 953
20231107 950
20231108 950
20231109 952
20231110 947
20231111 955
20231112 953
20231113 949
20231114 953
20231115 954
20231116 953
20231117 953
20231118 950
20231120 949
20231121 954
20231122 952
20231123 959
20231124 959
20231125 961
