20230707 9
20230709 9
20230710 9
20230711 9
20230712 9
20230714 9
20230715 9
20230716 9
20230717 9
20230718 9
20230719 9
20230720 9
20230721 9
20230722 9
20230723 9
20230724 9
20230725 9
20230726 9
20230727 9
20230728 9
20230729 9
20230730 9
20230731 9
20230801 9
20230802 9
20230803 9
20230804 9
20230805 9
20230806 9
20230807 9
20230808 9
20230809 9
20230810 9
20230811 9
20230812 9
20230813 9
20230815 9
20230816 9
20230817 9
20230818 9
20230819 9
20230820 9
20230821 9
20230822 9
20230823 9
20230824 9
20230825 9
20230826 9
20230827 9
20230828 9
20230829 9
20230830 9
20230831 9
20230901 9
20230902 9
20230903 9
20230904 9
20230905 9
20230906 9
20230907 9
20230908 9
20230909 9
20230910 9
20230911 9
20230912 9
20230913 9
20230914 9
20230915 9
20230916 9
20230917 9
20230918 9
20230919 9
20230920 8
20230921 8
20230922 8
20230923 8
20230924 8
20230925 8
20230926 8
20230927 8
20230928 8
20230929 8
20230930 8
20231001 8
20231002 8
20231003 8
20231005 8
20231007 8
20231008 8
20231009 8
20231010 8
20231011 8
20231012 8
20231013 8
20231014 8
20231015 8
20231016 8
20231017 8
20231018 8
20231019 8
20231020 8
20231021 8
20231022 8
20231023 8
20231024 8
20231025 8
20231026 8
20231027 8
20231028 8
20231029 8
20231030 8
20231031 8
20231101 8
20231102 8
20231103 8
20231104 8
20231105 8
20231106 8
20231107 8
20231108 8
20231109 8
20231110 8
20231111 8
20231112 8
20231113 8
20231114 8
20231115 8
20231116 8
20231117 8
20231118 8
20231120 8
20231121 8
20231122 8
20231123 8
20231124 8
20231125 8
20231126 8
20231127 8
20231128 8
20231129 8
20231130 8
20231201 8
20231202 8
20231203 8
20231204 8
20231205 8
20231206 8
20231207 8
20231208 8
20231209 8
20231210 8
20231211 8
20231212 8
20231213 8
20231214 8
20231215 8
20231216 8
20231217 8
20231218 8
20231219 8
20231220 8
20231221 8
20231222 8
20231223 8
20231224 8
20231225 8
20231226 8
20231227 8
20231230 8
20231231 8
20240101 8
20240102 8
20240103 8
20240104 8
20240105 8
20240106 8
20240107 8
20240108 8
20240109 8
20240110 8
20240111 8
20240112 8
20240113 8
20240114 8
20240115 8
20240116 8
20240117 8
20240118 8
20240119 8
20240120 7
20240121 7
20240122 7
20240124 7
20240125 7
20240126 7
20240127 7
20240128 7
20240129 7
20240130 7
20240131 7
20240201 7
20240202 7
20240203 7
20240204 7
20240205 7
20240206 7
20240207 7
20240208 7
20240209 7
20240210 7
20240211 7
20240212 7
20240213 7
20240214 7
20240215 7
20240216 7
20240217 7
20240218 7
20240219 7
20240220 7
20240221 7
20240222 7
20240223 7
20240224 7
20240225 7
20240226 7
20240227 7
20240228 7
20240229 7
20240301 7
20240302 7
20240303 7
20240304 7
20240305 7
20240306 7
20240307 7
20240308 7
20240309 7
20240310 7
20240311 7
20240312 7
20240313 7
20240314 7
20240315 7
20240316 7
20240317 7
20240318 7
20240319 7
20240320 7
20240321 7
20240322 7
20240323 7
20240324 7
20240325 7
20240326 7
20240327 7
20240328 7
20240329 7
20240330 7
20240331 7
20240401 7
20240402 7
20240403 7
20240404 7
20240405 7
20240406 7
20240407 7
20240408 7
20240409 7
20240410 7
20240411 7
20240412 7
20240413 7
