20230710 13081781
20230711 13082038
20230712 13081742
20230713 13081323
20230714 13080629
20230715 13079767
20230716 13075798
20230717 13075071
20230718 13075779
20230719 13076726
20230720 13076525
20230721 13076215
20230722 13060095
20230723 13056978
20230724 13054083
20230725 13052358
20230726 13051573
20230727 13049547
20230728 13049293
20230729 13048791
20230730 13045869
20230731 13040174
20230801 13037371
20230802 13037339
20230803 13035383
20230804 13034608
20230805 13031816
20230806 13028558
20230807 13025999
20230808 13025717
20230809 13023377
20230810 13022422
20230811 13020855
20230812 13019452
20230813 13016031
20230815 13013425
20230816 13012711
20230817 13011108
20230818 13010737
20230819 13009551
20230820 13007652
20230821 13004668
20230822 13004167
20230823 13003941
20230824 13003033
20230825 13001387
20230826 12998591
20230827 12996246
20230828 12994199
20230829 12992627
20230830 12991521
20230831 12984004
20230901 12981702
20230902 12979315
20230903 12976015
20230904 12972285
20230905 12971161
20230906 12970509
20230907 12969264
20230908 12968607
20230909 12965043
20230910 12962039
20230911 12958859
20230912 12958439
20230913 12957496
20230914 12957753
20230915 12956474
20230915 12956474
20230916 12955319
20230917 12952197
20230918 12964205
20230919 13074505
20230920 13118585
20230921 13131714
20230922 13152189
20230923 13166275
20230924 13163808
20230925 13160501
20230926 13160588
20230927 13160709
20230928 13160220
20230929 13158831
20230930 13155651
20231001 13152436
20231002 13149679
20231003 13149659
20231005 13148631
20231007 13146812
20231008 13144758
20231009 13143890
20231010 13146114
20231011 13146528
20231012 13146683
20231013 13147933
20231014 13150102
20231015 13146915
20231016 13144271
20231017 13145549
20231018 13151398
20231019 13150158
20231020 13149658
20231021 13148128
20231022 13146241
20231023 13142035
20231024 13141687
20231025 13141507
20231026 13141201
20231027 13142574
20231028 13142226
20231029 13139169
20231030 13136909
20231031 13136241
20231101 13134132
20231102 13132982
20231103 13132452
20231104 13131768
20231105 13128733
20231105 13128733
20231106 13125391
20231107 13124398
20231108 13124687
20231109 13125180
20231110 13124939
20231111 13125668
20231112 13123368
20231113 13120980
20231114 13117372
20231115 13116575
20231116 13115900
20231117 13116599
20231118 13118755
20231120 13115807
20231121 13118243
20231122 13120117
20231123 13124463
20231124 13120917
20231125 13120202
20231126 13114927
