20230707 80098
20230709 80045
20230710 80038
20230711 80036
20230712 80031
20230713 80044
20230714 80039
20230715 80039
20230716 80041
20230717 80022
20230718 80012
20230719 80039
20230720 80032
20230721 80041
20230722 80033
20230723 80025
20230724 80021
20230725 80057
20230726 80072
20230727 80098
20230728 80129
20230729 80146
20230730 80146
20230731 80173
20230801 80220
20230802 80218
20230803 80230
20230804 80253
20230805 80271
20230806 80258
20230807 80238
20230808 80270
20230809 80297
20230810 80321
20230811 80345
20230812 80362
20230813 80342
20230815 80329
20230816 80399
20230817 80420
20230818 80393
20230819 80391
20230820 80403
20230821 80396
20230822 80393
20230823 80391
20230824 80394
20230825 80384
20230826 80392
