20230707 682
20230709 682
20230710 682
20230711 682
20230712 682
20230714 682
20230715 682
20230716 682
20230717 682
20230718 682
20230719 682
20230720 682
20230721 682
20230722 682
20230723 682
20230724 682
20230725 682
20230726 682
20230727 682
20230728 682
20230729 682
20230730 682
20230731 682
20230801 682
20230802 682
20230803 683
20230804 683
20230805 683
20230806 683
20230807 683
20230808 683
20230809 683
20230810 683
20230811 683
20230812 683
20230813 683
20230815 683
20230816 683
20230817 683
20230818 683
20230819 683
20230820 683
20230821 683
20230822 683
20230823 683
20230824 683
20230825 683
20230826 683
20230827 683
20230828 683
20230829 683
20230830 683
20230831 683
20230901 683
20230902 683
20230903 683
20230904 683
20230905 683
20230906 683
20230907 683
20230908 683
