20230707 1768
20230709 1773
20230711 1773
20230712 1774
20230713 1758
20230714 1754
20230715 1751
20230717 1751
20230718 1752
20230719 1749
20230720 1752
20230721 1752
20230722 1748
20230723 1750
20230726 1750
20230727 1752
20230728 1756
20230729 1755
20230801 1755
20230802 1759
20230803 1760
20230804 1760
20230805 1759
20230807 1759
20230808 1758
20230810 1758
20230811 1759
20230812 1761
20230813 1761
20230815 1765
20230816 1761
20230817 1760
20230818 1762
20230820 1762
20230821 1767
20230822 1767
20230823 1772
20230824 1773
20230826 1773
20230827 1774
20230829 1774
20230830 1778
20230831 1777
20230901 1776
20230903 1776
20230904 1778
20230905 1780
20230906 1782
20230907 1770
20230908 1769
20230909 1769
20230910 1772
20230911 1772
20230912 1771
20230913 1770
20230918 1770
20230919 1768
20230920 1430
20230921 1432
20230922 1433
20230923 1435
20230926 1435
20230927 1434
20230928 1434
20230929 1435
20231002 1435
20231003 1436
20231005 1424
20231009 1424
20231010 1425
20231011 1425
20231012 1424
20231013 1425
20231014 1426
20231015 1426
20231016 1429
20231017 1429
20231018 1428
20231019 1428
20231020 1429
20231021 1430
20231024 1430
20231025 1429
20231026 1429
20231027 1430
20231028 1431
20231029 1432
20231030 1432
20231031 1429
20231101 1428
20231102 1428
20231103 1432
20231104 1429
20231108 1429
20231109 1426
20231110 1421
20231111 1422
20231115 1422
20231116 1410
20231117 1411
20231118 1408
20231120 1404
20231121 1400
20231122 1399
20231123 1399
20231124 1398
20231125 1392
20231126 1390
20231127 1390
20231128 1389
20231201 1389
20231202 1390
20231203 1389
20231204 1390
20231205 1390
20231206 1389
20231207 1392
20231208 1394
20231209 1393
20231210 1390
20231211 1390
20231212 1391
20231213 1389
20231214 1385
20231215 1386
20231216 1389
20231217 1390
20231218 1391
20231219 1392
20231221 1392
20231222 1391
20231223 1392
20231225 1392
20231226 1391
20231227 1391
20231230 1395
20231231 1395
20240101 1394
20240102 1395
20240103 1395
20240104 1388
20240108 1388
20240109 1389
20240110 1389
20240111 1387
20240112 1389
20240113 1385
20240114 1386
20240115 1387
20240116 1388
20240117 1388
20240118 1389
20240119 1384
20240120 1385
20240121 1385
20240122 1386
20240124 1376
20240125 1375
20240129 1375
20240130 1369
20240131 1370
20240201 1362
20240204 1362
20240205 1363
20240206 1363
20240207 1385
20240208 1390
20240210 1390
20240211 1389
20240215 1389
20240216 1390
20240217 1391
20240220 1391
20240221 1392
20240223 1392
20240224 1399
20240225 1387
20240226 1386
20240227 1385
20240228 1385
20240229 1386
20240301 1387
20240302 1382
20240303 1383
20240304 1382
20240305 1384
20240306 1406
20240307 1410
20240308 1416
20240309 1425
20240310 1431
20240311 1436
20240312 1439
20240313 1447
20240314 1448
20240315 1452
20240316 1453
20240317 1454
20240318 1453
20240319 1457
20240320 1459
20240321 1463
20240322 1461
20240323 1466
20240324 1469
20240325 1470
20240326 1471
20240327 1465
20240328 1464
20240329 1463
20240330 1461
20240331 1466
20240401 1465
20240402 1469
20240403 1468
20240405 1468
20240406 1470
20240407 1470
20240408 1473
20240409 1474
20240410 1474
20240411 1472
20240412 1473
20240413 1473
20240415 1477
20240416 1473
20240417 1474
20240418 1476
20240419 1478
20240420 1479
20240421 1482
20240422 1482
20240423 1483
20240424 1483
20240425 1478
20240426 1478
20240427 1480
20240428 1477
20240429 1476
20240430 1478
20240501 1479
20240503 1485
20240504 1486
20240507 1486
20240508 1480
20240509 1480
20240510 1481
20240511 1481
20240512 1480
20240516 1480
20240517 1481
20240518 1482
20240519 1483
20240520 1482
20240521 1486
20240522 1488
20240523 1488
20240524 1487
20240525 1489
20240529 1489
20240530 1491
20240531 1494
20240603 1494
20240604 1489
20240606 1489
20240609 1492
20240611 1493
20240612 1494
20240613 1494
20240614 1500
20240615 1505
20240616 1505
20240617 1503
20240618 1503
20240620 1506
20240621 1509
20240622 1510
20240624 1510
20240626 1512
20240627 1502
20240628 1502
20240629 1506
20240630 1506
20240701 1507
20240706 1507
20240707 1506
20240708 1506
20240709 1504
20240710 1505
20240711 1505
20240712 1510
20240713 1511
20240714 1506
20240715 1505
20240716 1512
20240717 1513
20240718 1513
20240719 1516
20240720 1518
20240721 1518
20240722 1513
20240723 1516
20240724 1516
20240725 1515
20240726 1515
20240727 1518
20240728 1519
20240729 1519
20240730 1523
20240731 1527
20240802 1527
20240803 1515
20240804 1514
20240808 1514
20240809 1503
20240810 1503
20240811 1504
20240812 1504
20240813 1505
20240814 1505
20240815 1494
20240816 1500
20240817 1502
20240818 1502
20240819 1498
20240820 1498
20240821 1499
20240907 1499
20240908 1536
20240909 1541
20240910 1541
20240911 1545
20240912 1541
20240913 1541
20240914 1543
20240915 1546
20240916 1546
20240917 1548
20240918 1550
20240919 1552
20240920 1553
20240921 1553
20240922 1558
20240925 1559
20240926 1557
20240927 1557
20240928 1549
20240929 1556
20240930 1556
20241001 1555
20241002 1555
20241003 1557
20241005 1557
20241006 1558
20241007 1558
20241008 1559
20241009 1560
20241010 1565
20241011 1567
20241012 1568
20241015 1568
20241016 1564
20241018 1564
20241019 1567
20241021 1567
20241022 1568
20241023 1568
20241024 1571
20241025 1565
20241026 1566
20241027 1568
20241028 1570
20241029 1571
20241030 1571
20241031 1575
20241101 1575
20241102 1577
20241103 1576
20241105 1576
20241106 1575
20241111 1575
20241112 1579
20241113 1579
20241114 1577
20241115 1579
20241116 1579
20241117 1581
20241118 1581
20241119 1580
20241120 1582
20241121 1586
20241122 1588
20241123 1590
20241124 1593
20241125 1595
20241126 1596
20241127 1597
20241128 1597
20241129 1599
20241130 1601
20241201 1602
20241202 1604
20241203 1607
20241204 1608
20241205 1610
20241206 1616
20241207 1617
20241208 1617
20241209 1618
20250107 1618
20250108 1694
20250131 1694
20250201 1732
20250202 1734
20250203 1735
20250204 1739
20250210 1739
20250211 1741
20250225 1741
20250226 1793
20250227 1806
20250228 1807
20250304 1807
20250305 1813
20250306 1817
20250307 1818
20250308 1824
20250309 1825
20250310 1826
20250311 1826
20250312 1801
20250313 1804
20250314 1805
20250315 1811
20250316 1814
20250317 1815
20250318 1814
20250319 1814
20250320 1815
20250321 1815
20250322 1818
20250323 1820
20250324 1821
20250326 1817
20250327 1821
20250328 1827
20250329 1824
20250331 1824
20250401 1808
20250402 1812
20250403 1812
20250404 1820
20250405 1823
20250406 1823
20250407 1825
20250408 1827
20250409 1822
20250410 1823
20250411 1827
20250412 1828
20250413 1832
20250414 1831
20250416 1831
20250417 1834
20250418 1834
20250419 1842
20250421 1842
20250422 1845
20250423 1843
20250424 1843
20250425 1826
20250426 1832
20250427 1835
20250428 1837
20250501 1837
20250502 1826
20250503 1830
20250504 1832
20250505 1839
20250507 1839
20250508 1843
20250509 1843
20250510 1846
20250511 1846
20250512 1849
20250513 1849
20250514 1853
20250515 1853
20250516 1854
20250517 1857
20250518 1856
20250519 1859
20250521 1859
20250522 1861
20250523 1862
20250524 1865
20250526 1865
20250527 1867
20250528 1869
20250530 1869
20250531 1871
20250601 1871
20250602 1872
20250603 1874
20250604 1876
20250605 1884
20250606 1885
20250607 1887
20250608 1892
20250609 1895
20250610 1892
20250611 1892
20250612 1893
20250613 1895
20250614 1897
20250615 1898
20250617 1898
20250618 1901
20250619 1901
20250620 1906
20250621 1906
20250622 1910
20250623 1910
20250624 1914
20250625 1918
20250626 1921
20250627 1929
20250628 1931
20250629 1930
20250630 1930
20250701 1931
20250702 1933
20250703 1931
20250704 1936
20250705 1937
20250706 1938
20250707 1939
20250708 1939
20250709 1946
20250710 1950
20250711 1954
20250712 1952
20250713 1954
20250714 1954
20250715 1955
20250716 1947
20250717 1947
20250718 1952
20250719 1956
20250720 1957
20250722 1957
20250723 1960
20250724 1959
20250725 1959
20250726 1956
20250727 1956
20250728 1957
20250729 1957
20250730 1959
20250731 1961
20250801 1962
20250802 1962
20250803 1963
20250804 1961
20250805 1961
20250806 1963
20250807 1963
20250808 1971
20250810 1974
20250811 1976
20250812 1977
20250813 1977
20250814 1981
20250815 1985
20250816 1985
20250817 1986
