20230707 71019
20230709 71011
20230710 71014
20230711 71011
20230712 71011
20230713 71019
20230712 71011
20230714 71021
20230712 71011
20230715 70992
20230712 71011
20230716 70977
20230712 71011
20230717 70957
20230712 71011
20230718 70979
20230712 71011
20230719 70970
20230712 71011
20230720 71017
20230712 71011
20230721 71010
20230712 71011
20230722 71027
20230712 71011
20230723 71002
20230712 71011
20230724 71010
20230712 71011
20230725 71009
20230712 71011
20230726 71040
20230712 71011
20230727 71037
20230712 71011
20230728 71022
20230712 71011
20230729 71007
20230712 71011
20230730 71089
20230712 71011
20230731 71087
20230712 71011
20230801 71103
20230712 71011
20230802 71073
20230712 71011
20230803 71090
20230712 71011
20230804 71112
20230712 71011
20230805 71113
20230712 71011
20230806 71118
20230712 71011
20230807 71103
20230712 71011
20230808 70730
20230712 71011
20230809 70766
20230712 71011
20230810 70789
20230712 71011
20230811 70817
20230712 71011
20230812 70813
20230712 71011
20230813 70816
20230712 71011
20230815 70838
20230712 71011
20230816 70830
20230712 71011
20230817 70860
20230712 71011
20230818 70879
20230712 71011
20230819 70877
20230712 71011
20230820 70862
20230712 71011
20230821 70836
20230712 71011
20230822 70817
20230712 71011
20230823 70808
20230712 71011
20230824 70827
20230712 71011
20230825 70849
20230712 71011
20230826 70875
20230712 71011
20230827 70809
20230712 71011
20230828 70772
20230712 71011
20230829 70740
20230712 71011
20230830 70757
20230712 71011
20230831 70743
20230901 70743
20230902 70753
20230901 70743
20230903 70699
20230901 70743
20230904 70697
20230901 70743
20230905 70719
20230901 70743
20230906 70735
20230901 70743
20230907 70860
20230901 70743
20230908 70879
20230901 70743
20230909 70915
20230901 70743
20230910 70964
20230901 70743
20230911 70948
20230901 70743
20230912 70930
20230901 70743
20230913 70934
20230901 70743
20230914 70944
20230901 70743
20230915 70930
20230901 70743
20230916 70898
20230901 70743
20230917 70910
20230901 70743
20230918 70900
20230901 70743
20230919 70962
20230901 70743
20230920 67340
20230901 70743
20230921 67394
20230901 70743
20230922 67431
20230901 70743
20230923 67435
20230901 70743
20230924 67451
20230901 70743
20230925 67508
20230901 70743
20230926 67534
20230901 70743
20230927 67579
20230901 70743
20230928 67597
20230901 70743
20230929 67622
20230901 70743
20230930 67610
20230901 70743
20231001 67621
20230901 70743
20231002 67596
20230901 70743
20231003 67632
20230901 70743
20231005 67630
20230901 70743
20231007 67675
20230901 70743
20231008 67665
20230901 70743
20231009 67668
20230901 70743
20231010 67620
20230901 70743
20231011 67622
20230901 70743
20231012 67623
20231013 67623
20231014 67604
20231013 67623
20231015 67592
20231013 67623
20231016 67563
20231013 67623
20231017 67553
20231013 67623
20231018 67583
20231013 67623
20231019 67633
20231013 67623
20231020 67585
20231013 67623
20231021 67586
20231013 67623
20231022 67579
20231013 67623
20231023 67578
20231013 67623
20231024 67526
20231013 67623
20231025 67540
20231013 67623
20231026 67555
20231013 67623
20231027 67543
20231013 67623
20231028 67550
20231013 67623
20231029 67533
20231013 67623
20231030 67408
20231013 67623
20231031 67425
20231013 67623
20231101 67437
20231013 67623
20231102 67431
20231013 67623
20231103 67442
20231013 67623
20231104 67475
20231013 67623
20231105 67471
20231013 67623
20231106 67485
20231013 67623
20231107 67475
20231013 67623
20231108 67520
20231013 67623
20231109 67558
20231013 67623
20231110 67563
20231013 67623
20231111 67532
20231013 67623
20231112 67537
20231013 67623
20231113 67512
20231013 67623
20231114 67516
20231013 67623
20231115 67552
20231013 67623
20231116 67564
20231013 67623
20231117 67874
20231013 67623
20231118 67862
20231013 67623
20231120 67869
20231013 67623
20231121 67885
20231013 67623
20231122 67920
20231013 67623
20231123 67933
20231013 67623
20231124 67943
20231013 67623
20231125 67958
20231013 67623
20231126 67973
20231013 67623
20231127 67956
20231013 67623
20231128 68001
20231013 67623
20231129 68050
20231013 67623
20231130 68057
20231013 67623
20231201 68094
20231013 67623
20231202 68105
20231013 67623
20231203 68118
20231013 67623
20231204 68186
20231013 67623
20231205 68196
20231013 67623
20231206 68210
20231013 67623
20231207 68227
20231013 67623
20231208 68246
20231013 67623
20231209 68254
20231013 67623
20231210 68248
20231013 67623
20231211 68254
20231013 67623
20231212 68264
20231013 67623
20231213 68258
20231013 67623
20231214 68255
20231013 67623
20231215 68263
20231013 67623
20231216 68282
20231013 67623
20231217 68268
20231013 67623
20231218 68224
20231013 67623
20231219 68229
20231013 67623
20231220 68231
20231013 67623
20231221 68248
20231013 67623
20231222 68365
20231223 68365
20231224 68376
20231223 68365
20231225 68360
20231223 68365
20231226 68299
20231223 68365
20231227 68238
20231223 68365
20231230 68342
20231223 68365
20231231 68336
20231223 68365
20240101 68319
20231223 68365
20240102 68320
20231223 68365
20240103 68324
20231223 68365
20240104 68326
20231223 68365
20240105 68345
20231223 68365
20240106 68344
20231223 68365
20240107 68343
20231223 68365
20240108 68332
20231223 68365
20240109 68325
20231223 68365
20240110 68344
20231223 68365
20240111 68363
20240112 68365
20231223 68365
20240113 68425
20231223 68365
20240114 68423
20231223 68365
20240115 68430
20231223 68365
20240116 68421
20231223 68365
20240117 68443
20231223 68365
20240118 68448
20231223 68365
20240119 68439
20231223 68365
20240120 68414
20231223 68365
20240121 68422
20231223 68365
20240122 68446
20231223 68365
20240124 68466
20231223 68365
20240125 68488
20231223 68365
20240126 68498
20231223 68365
20240127 68526
20231223 68365
20240128 68497
20231223 68365
20240129 68528
20231223 68365
20240130 68547
20231223 68365
20240131 68565
20231223 68365
20240201 68574
20231223 68365
20240202 68596
20231223 68365
20240203 68576
20231223 68365
20240204 68570
20231223 68365
20240205 68585
20231223 68365
20240206 68685
20231223 68365
20240207 68715
20231223 68365
20240208 68704
20231223 68365
20240209 68712
20231223 68365
20240210 68739
20231223 68365
20240211 68712
20231223 68365
20240212 68693
20231223 68365
20240213 68724
20231223 68365
20240214 68748
20231223 68365
20240215 68761
20231223 68365
20240216 68770
20231223 68365
20240217 68764
20231223 68365
20240218 68760
20240220 68760
20240221 68800
20240220 68760
20240222 68825
20240220 68760
20240223 68845
20240220 68760
20240224 68855
20240220 68760
20240225 68848
20240220 68760
20240226 68860
20240220 68760
20240227 68850
20240220 68760
20240228 68830
20240220 68760
20240229 68801
20240220 68760
20240301 68797
20240220 68760
20240302 68782
20240220 68760
20240303 68762
20240304 68760
20240220 68760
20240305 68764
20240220 68760
20240306 68768
20240220 68760
20240307 68776
20240220 68760
20240308 68830
20240220 68760
20240309 68824
20240220 68760
20240310 68815
20240220 68760
20240311 68810
20240220 68760
20240312 68804
20240220 68760
20240313 68816
20240220 68760
20240314 68836
20240220 68760
20240315 68844
20240220 68760
20240316 68822
20240220 68760
20240317 68848
20240220 68760
20240318 68834
20240220 68760
20240319 68846
20240220 68760
20240320 68853
20240220 68760
20240321 68870
20240220 68760
20240322 68871
20240220 68760
20240323 68862
20240220 68760
20240324 68840
20240220 68760
20240325 68829
20240220 68760
20240326 68831
20240220 68760
20240327 68853
20240220 68760
20240328 68842
20240220 68760
20240329 68843
20240220 68760
20240330 68838
20240220 68760
20240331 68825
20240220 68760
20240401 68818
20240220 68760
20240402 68811
20240220 68760
20240403 68804
20240220 68760
20240404 68826
20240220 68760
20240405 68824
20240220 68760
20240406 68816
20240220 68760
20240407 68796
20240220 68760
20240408 68812
20240220 68760
20240409 68839
20240220 68760
20240410 68876
20240220 68760
20240411 68858
20240220 68760
20240412 68885
20240220 68760
20240413 68863
20240220 68760
20240415 68746
20240416 68746
20240417 68763
20240416 68746
20240418 68781
20240416 68746
20240419 68795
20240416 68746
20240420 68805
20240416 68746
20240421 68791
20240416 68746
20240422 68783
20240416 68746
20240423 68796
20240416 68746
20240424 68825
20240416 68746
20240425 68844
20240416 68746
20240426 68831
20240416 68746
20240427 68808
20240416 68746
20240428 68782
20240416 68746
20240429 68776
20240416 68746
20240430 68767
20240416 68746
20240501 68770
20240416 68746
20240503 68806
20240416 68746
20240504 68782
20240416 68746
20240505 68792
20240416 68746
20240506 68776
20240416 68746
20240507 68803
20240416 68746
20240508 68839
20240416 68746
20240509 68837
20240416 68746
20240510 68815
20240416 68746
20240511 68851
20240416 68746
20240512 68857
20240416 68746
20240513 68883
20240416 68746
20240514 68921
20240416 68746
20240515 68922
20240416 68746
20240516 68926
20240416 68746
20240517 68928
20240416 68746
20240518 68950
20240416 68746
20240519 68928
20240416 68746
20240520 68940
20240416 68746
20240521 68916
20240416 68746
20240522 68892
20240416 68746
20240523 68906
20240416 68746
20240524 68866
20240416 68746
20240525 68849
20240416 68746
20240526 68823
20240416 68746
20240527 68794
20240416 68746
20240528 68768
20240416 68746
20240529 68782
20240416 68746
20240530 68772
20240416 68746
20240531 68787
20240416 68746
20240601 68749
20240416 68746
20240602 68748
20240416 68746
20240603 68742
20240416 68746
20240604 68750
20240416 68746
20240605 68768
20240416 68746
20240606 68772
20240416 68746
20240609 68736
20240416 68746
20240611 68685
20240416 68746
20240612 68738
20240416 68746
20240613 68742
20240416 68746
20240614 68754
20240416 68746
20240615 68741
20240416 68746
20240616 68706
20240416 68746
20240617 68687
20240416 68746
20240618 68674
20240416 68746
20240620 68656
20240416 68746
20240621 68668
20240416 68746
20240622 68651
20240416 68746
20240623 68665
20240416 68746
20240624 68602
20240416 68746
20240626 68701
20240416 68746
20240627 68707
20240416 68746
20240628 68706
20240629 68746
20240416 68746
20240630 68756
20240416 68746
20240701 68770
20240416 68746
20240702 68827
20240416 68746
20240703 68813
20240416 68746
20240704 68805
20240416 68746
20240705 68788
20240416 68746
20240706 68800
20240416 68746
20240707 68799
20240416 68746
20240708 68798
20240416 68746
20240709 68813
20240416 68746
20240710 68825
20240416 68746
20240711 68795
20240416 68746
20240712 68841
20240416 68746
20240713 68835
20240416 68746
20240714 68845
20240416 68746
20240715 68815
20240416 68746
20240716 68797
20240416 68746
20240717 68808
20240416 68746
20240718 68806
20240416 68746
20240719 68800
20240416 68746
20240720 68802
20240416 68746
20240721 68782
20240416 68746
20240722 68810
20240416 68746
20240723 68825
20240724 68825
20240725 68881
20240724 68825
20240726 68855
20240724 68825
20240727 68877
20240724 68825
20240728 68878
20240724 68825
20240729 68869
20240724 68825
20240730 68901
20240724 68825
20240731 68920
20240724 68825
20240801 68933
20240724 68825
20240802 68955
20240724 68825
20240803 68950
20240724 68825
20240804 68916
20240724 68825
20240805 68902
20240724 68825
20240806 68889
20240724 68825
20240807 68878
20240724 68825
20240808 68942
20240724 68825
20240809 68855
20240724 68825
20240810 68847
20240724 68825
20240811 68906
20240724 68825
20240812 68897
20240724 68825
20240813 68893
20240724 68825
20240814 68927
20240724 68825
20240815 68915
20240816 68915
20240817 68955
20240816 68915
20240818 68941
20240816 68915
20240819 68939
20240816 68915
20240820 68945
20240816 68915
20240821 68968
20240816 68915
20240822 68994
20240816 68915
20240823 69009
20240816 68915
20240824 69020
20240816 68915
20240825 68961
20240816 68915
20240826 68935
20240816 68915
20240827 68851
20240816 68915
20240828 68849
20240816 68915
20240829 68789
20240816 68915
20240830 68791
20240831 68791
20240901 68765
20240831 68791
20240902 68768
20240831 68791
20240903 68805
20240831 68791
20240904 68815
20240831 68791
20240905 68818
20240831 68791
20240906 68798
20240831 68791
20240907 68825
20240831 68791
20240908 68795
20240831 68791
20240909 68777
20240831 68791
20240910 68685
20240831 68791
20240911 68699
20240831 68791
20240912 68694
20240831 68791
20240913 68701
20240831 68791
20240914 68728
20240831 68791
20240915 68722
20240831 68791
20240916 68702
20240831 68791
20240917 68747
20240831 68791
20240918 68787
20240831 68791
20240919 68790
20240831 68791
20240920 68773
20240831 68791
20240921 68760
20240831 68791
20240921 68766
20240831 68791
20240922 68760
20240831 68791
20240925 68806
20240831 68791
20240926 68851
20240926 68851
