20230707 15
20230919 15
20230920 14
20230921 14
20230922 15
20240209 15
20240210 16
20240624 16
20240626 16
20240627 16
20240628 16
20240629 16
20240630 16
20240701 16
20240702 16
20240703 16
20240704 16
20240705 16
20240706 16
20240707 16
20240708 16
20240709 16
20240710 16
20240711 16
20240712 16
20240713 16
20240714 16
20240715 16
20240716 16
20240717 16
20240718 16
20240719 16
20240720 16
20240721 16
20240722 16
20240723 16
20240724 16
20240725 16
20240726 16
20240727 16
20240728 16
20240729 16
20240730 16
20240731 16
20240801 16
20240802 16
20240803 16
20240804 16
20240805 16
20240806 16
20240807 16
20240808 16
