20230509 98
20230519 526
20230707 1376
20230709 1379
20230710 1391
20230711 1398
20230712 1406
20230713 1407
20230714 1412
20230715 1426
20230716 1431
20230717 1435
20230718 1443
20230719 1449
20230720 1460
20230721 1476
20230722 1478
20230723 1483
20230724 1491
20230725 1495
20230726 1501
20230727 1504
20230728 1511
20230729 1522
20230730 1529
20230731 1533
20230801 1542
20230802 1544
20230803 1552
20230804 1561
20230805 1568
20230806 1572
20230807 1573
20230808 1577
20230809 1588
20230810 1589
20230811 1593
20230812 1604
20230813 1609
20230815 1609
20230816 1611
20230817 1612
20230818 1619
20230819 1625
20230820 1625
20230821 1634
20230822 1638
20230823 1649
20230824 1655
20230825 1667
20230826 1670
20230827 1674
20230828 1678
20230829 1692
20230830 1698
20230831 1706
20230901 1717
20230902 1716
20230903 1734
20230904 1739
20230905 1742
20230906 1741
20230907 1754
20230908 1757
20230909 1755
20230910 1763
20230911 1763
20230912 1764
20230913 1764
20230914 1768
