20230922 1191
20231010 1191
20231011 1190
20231013 1190
20231014 1191
20231019 1191
20231020 1192
20231021 1192
20231022 1193
20231024 1193
20231025 1190
20231026 1189
20231027 1190
20231108 1190
20231109 1189
20231110 1188
20231114 1188
20231115 1190
20231125 1190
20231126 1191
20231209 1191
20231210 1192
20231218 1192
20231219 1191
20231225 1191
20231226 1192
20231227 1190
20240103 1190
20240104 1191
20240113 1191
20240114 1192
20240118 1192
20240119 1213
20240120 1191
20240202 1191
20240203 1189
20240226 1189
20240227 1188
20240310 1188
20240311 1187
20240312 1187
20240313 1188
20240317 1188
20240318 1189
20240320 1189
20240321 1190
20240323 1190
20240324 1189
20240325 1190
20240327 1190
20240328 1191
20240329 1191
20240330 1192
20240331 1192
20240401 1193
20240403 1193
20240404 1189
20240405 1193
20240409 1193
20240410 1194
20240411 1194
20240412 1195
20240415 1195
20240416 1196
20240418 1196
20240419 1197
20240422 1197
20240423 1193
20240424 1194
20240503 1194
20240504 1195
20240505 1196
20240506 1196
20240507 1197
20240512 1197
20240513 1196
20240514 1196
20240515 1195
20240521 1195
20240522 1194
20240523 1194
20240524 1193
20240526 1193
20240527 1194
20240528 1194
20240529 1193
20240531 1193
20240601 1194
20240602 1194
20240603 1195
20240606 1195
20240609 1197
20240612 1197
20240613 1198
20240617 1198
20240618 1199
20240628 1199
20240629 1200
20240630 1198
20240706 1198
20240707 1199
20240715 1199
20240716 1200
20240719 1200
20240720 1198
20240721 1198
20240722 1199
20240724 1199
20240725 1198
20240727 1198
20240728 1200
20240729 1200
20240730 1198
20240731 1199
20240813 1199
20240814 1198
20240821 1198
20240822 1196
20240823 1197
20240827 1197
20240828 1198
20240829 1198
20240830 1200
20240915 1200
20240916 1199
20240922 1199
20240925 1201
20240928 1201
20240929 1200
20241002 1200
20241003 1201
20241012 1201
20241013 1200
20241023 1200
20241024 1199
20241026 1199
20241027 1198
20241030 1198
20241031 1199
20241112 1199
20241113 1197
20241120 1197
20241121 1198
20241123 1198
20241124 1200
20241203 1200
20241204 1201
20241212 1201
20241213 1202
20241214 1200
20241217 1200
20241218 1198
20241219 1199
20241221 1199
20241222 1200
20250103 1200
20250104 1199
20250109 1199
20250110 1200
20250120 1200
20250121 1201
20250122 1203
20250123 1203
20250124 1206
20250125 1207
20250126 1208
20250128 1208
20250129 1206
20250130 1206
20250131 1204
20250210 1204
20250211 1205
20250213 1205
20250214 1206
20250215 1206
20250216 1207
20250218 1207
20250219 1205
20250220 1205
20250221 1206
20250304 1206
20250305 1204
20250306 1198
20250307 1197
20250308 1198
20250309 1198
20250310 1197
20250318 1197
20250319 1196
20250321 1196
20250322 1197
20250330 1197
20250331 1198
20250401 1198
20250402 1197
20250403 1196
20250406 1196
20250407 1197
20250408 1195
20250412 1195
20250413 1196
20250415 1196
20250416 1195
20250426 1195
20250427 1196
20250502 1196
20250503 1197
20250508 1197
20250509 1196
20250510 1195
20250513 1195
20250514 1194
20250516 1194
20250517 1195
20250523 1195
20250524 1194
20250601 1194
20250602 1193
20250603 1194
20250604 1193
20250605 1195
20250612 1195
20250613 1196
20250616 1196
20250617 1194
20250618 1193
20250619 1193
20250620 1191
20250621 1191
20250622 1192
20250626 1192
20250627 1194
20250628 1195
20250702 1195
20250703 1193
20250714 1193
20250715 1194
20250716 1194
20250717 1197
20250720 1197
20250722 1198
20250723 1188
20250730 1188
20250731 1187
20250811 1187
20250812 1186
20250813 1187
20250814 1189
20250815 1187
20250816 1186
20250824 1186
20250825 1184
20250923 1184
20250924 1185
20251011 1185
20251012 1184
20251018 1184
20251019 1181
20251030 1181
20251031 1180
20251115 1180
20251116 1181
20251119 1181
20251120 1177
20251125 1177
20251126 1178
20251206 1178
20251207 1177
20251213 1177
20251214 1175
20260119 1175
20260120 1176
20260123 1176
20260124 1177
20260204 1177
20260205 1176
20260206 1177
20260208 1178
20260211 1178
20260212 1177
20260213 1176
20260214 1177
20260218 1177
20260219 1176
20260220 1179
20260227 1179
20260228 1178
20260305 1178
