20230707 4403
20230709 4402
20230710 4405
20230711 4410
20230712 4412
20230713 4413
20230714 4414
20230715 4418
20230716 4418
20230717 4417
20230718 4420
20230719 4417
20230720 4419
20230721 4420
20230722 4424
20230723 4425
20230724 4429
20230725 4428
20230726 4431
20230727 4436
20230728 4441
20230729 4440
20230730 4439
20230731 4436
20230801 4439
20230802 4434
20230803 4410
20230804 4398
20230805 4403
20230806 4407
20230807 4406
20230808 4404
20230809 4422
20230810 4425
20230811 4426
20230812 4428
20230813 4430
20230815 4428
20230816 4431
20230817 4440
20230818 4440
20230819 4446
20230820 4450
20230821 4450
20230822 4450
20230823 4451
20230824 4458
20230825 4459
20230826 4466
20230827 4468
20230828 4467
20230829 4465
20230830 4466
20230831 4471
20230901 4472
20230902 4475
20230903 4478
20230904 4478
