20230707 637
20230712 637
20230713 638
20230714 638
20230715 637
20230724 637
20230725 638
20230726 639
20230729 639
20230730 638
20230802 638
20230803 637
20230807 637
20230808 635
20230809 635
20230810 636
20230811 636
20230812 635
20230827 635
20230828 634
20230903 634
20230904 633
20230905 636
20230906 636
20230907 637
20230910 637
20230911 636
20230915 636
20230916 635
20230919 635
20230920 637
20230921 638
20230926 638
20230927 641
20230928 640
20230929 640
20230930 638
20231002 638
20231003 637
20231011 637
20231012 636
20231013 636
20231014 635
20231018 635
20231019 634
20231025 634
20231026 633
20231107 633
20231108 634
20231113 634
20231114 635
20231115 635
20231116 636
20231117 636
20231118 637
20231205 637
20231206 631
20231214 631
20231215 632
20231216 632
20231217 631
20231220 631
20231221 632
20231224 632
20231225 629
20240109 629
20240110 628
20240122 628
20240124 629
20240128 629
20240129 631
20240202 631
20240203 630
20240219 630
20240220 632
20240223 632
20240224 634
20240225 634
20240226 629
20240301 629
20240302 630
20240329 630
20240330 632
20240408 632
20240409 635
20240410 632
20240417 632
20240418 633
20240507 633
20240508 629
20240612 629
20240613 630
20240614 630
20240615 623
20240620 623
20240621 626
20240622 627
20240624 627
20240626 627
20240627 627
20240628 628
20240629 628
20240630 628
20240701 628
20240702 628
20240703 628
20240704 629
20240705 629
20240706 629
20240707 629
20240708 629
20240709 629
20240710 629
20240711 630
20240712 630
20240713 630
20240714 630
20240715 630
20240716 630
20240717 630
20240718 630
20240719 630
20240720 630
20240721 630
20240722 630
20240723 630
20240724 631
20240725 631
20240726 631
20240727 631
20240728 631
20240729 631
20240730 631
20240731 631
20240801 631
20240802 631
20240803 631
20240804 632
20240805 632
20240806 632
20240807 632
20240808 632
20240809 632
20240810 634
20240811 634
20240812 634
20240813 634
20240814 634
20240815 634
20240816 634
20240817 634
20240818 634
20240819 634
20240820 634
20240821 634
20240822 634
20240823 634
20240824 634
20240825 634
20240826 634
