20230707 12
20230709 12
20230710 12
20230711 12
20230712 12
20230714 12
20230715 12
20230716 12
20230717 12
20230718 12
20230719 12
20230720 12
20230721 12
20230722 12
20230723 12
20230724 12
20230725 12
20230726 12
20230727 12
20230728 12
20230729 12
20230730 12
20230731 12
20230801 12
20230802 12
20230803 12
20230804 12
20230805 12
20230806 12
20230807 12
20230808 12
20230809 12
20230810 12
20230811 12
20230812 12
20230813 12
20230815 12
20230816 12
20230817 12
20230818 12
20230819 12
20230820 12
20230821 12
20230822 12
20230823 12
20230824 12
20230825 12
20230826 12
20230827 12
20230828 12
20230829 12
20230830 12
20230831 12
20230901 12
20230902 12
20230903 12
20230904 12
20230905 12
20230906 12
20230907 12
20230908 12
20230909 12
20230910 12
20230911 12
20230912 12
20230913 12
20230914 12
20230915 12
20230916 12
20230917 12
20230918 12
20230919 12
20230920 11
20230921 11
20230922 11
20230923 11
20230924 11
20230925 11
20230926 11
20230927 11
20230928 11
20230929 11
20230930 11
20231001 11
20231002 11
20231003 11
20231005 11
20231007 11
20231008 11
20231009 11
20231010 11
20231011 11
20231012 11
20231013 11
20231014 11
20231015 11
20231016 11
20231017 11
20231018 11
20231019 11
20231020 11
20231021 11
20231022 11
20231023 11
20231024 11
20231025 11
20231026 11
20231027 11
20231028 11
20231029 11
20231030 11
20231031 11
20231101 11
20231102 11
20231103 11
20231104 11
20231105 11
20231106 11
20231107 11
20231108 11
20231109 11
20231110 11
20231111 11
20231112 11
20231113 11
20231114 11
20231115 11
20231116 11
20231117 11
20231118 11
20231120 11
20231121 11
20231122 11
20231123 11
20231124 11
20231125 11
20231126 11
20231127 11
20231128 11
20231129 11
20231130 11
20231201 11
20231202 11
20231203 11
20231204 11
20231205 11
20231206 11
20231207 11
20231208 11
20231209 11
20231210 11
20231211 11
20231212 11
20231213 11
20231214 11
20231215 11
20231216 11
