20230707 6
20230709 6
20230710 6
20230711 6
20230712 6
20230714 6
20230715 6
20230716 6
20230717 6
20230718 6
20230719 6
20230720 6
20230721 6
20230722 6
20230723 6
20230724 6
20230725 6
20230726 6
20230727 6
20230728 6
20230729 6
20230730 6
20230731 6
20230801 6
20230802 6
20230803 6
20230804 6
20230805 6
20230806 6
20230807 6
20230808 6
20230809 6
20230810 6
20230811 6
20230812 6
20230813 6
20230815 6
20230816 6
20230817 6
20230818 6
20230819 6
20230820 6
20230821 6
20230822 6
20230823 6
20230824 6
20230825 6
20230826 6
20230827 6
20230828 6
20230829 6
20230830 6
20230831 6
20230901 6
20230902 6
20230903 6
20230904 6
20230905 6
20230906 6
20230907 6
20230908 6
20230909 6
20230910 6
20230911 6
20230912 6
20230913 6
20230914 6
20230915 6
20230916 6
20230917 6
20230918 6
20230919 6
20230920 4
20230921 4
20230922 4
20230923 4
20230924 4
20230925 4
20230926 4
20230927 4
20230928 4
20230929 4
20230930 4
20231001 4
20231002 4
20231003 4
20231005 4
20231007 4
20231008 4
20231009 4
20231010 4
20231011 4
20231012 4
20231013 4
20231014 4
20231015 4
20231016 4
20231017 4
20231018 4
20231019 4
20231020 4
20231021 4
20231022 4
20231023 4
20231024 4
20231025 4
20231026 4
20231027 4
20231028 4
20231029 4
20231030 4
20231031 4
20231101 4
20231102 4
20231103 4
20231104 4
20231105 4
20231106 4
20231107 4
20231108 4
20231109 4
20231110 4
20231111 4
20231112 4
20231113 4
20231114 4
20231115 4
20231116 4
20231117 4
20231118 4
20231120 4
20231121 4
20231122 4
20231123 4
20231124 4
20231125 4
20231126 4
20231127 4
20231128 4
20231129 4
20231130 4
20231201 4
20231202 4
20231203 4
20231204 4
20231205 4
20231206 4
20231207 4
20231208 4
20231209 4
20231210 4
20231211 4
20231212 4
20231213 4
20231214 4
20231215 4
20231216 4
20231217 4
20231218 4
20231219 4
20231220 4
20231221 4
20231222 4
20231223 4
20231224 4
20231225 4
20231226 4
20231227 4
20231230 4
20231231 4
20240101 4
20240102 4
20240103 4
20240104 4
20240105 4
20240106 4
20240107 4
20240108 4
20240109 4
20240110 4
20240111 4
20240112 4
20240113 4
20240114 4
20240115 4
20240116 4
20240117 4
20240118 4
20240119 4
20240120 4
20240121 4
20240122 4
20240124 4
20240125 4
20240126 4
20240127 4
20240128 4
20240129 4
20240130 4
20240131 4
20240201 4
20240202 4
20240203 4
20240204 4
20240205 4
