20230707 33732
20230709 33738
20230710 33683
20230711 33657
20230712 33633
20230713 33631
20230714 33620
20230715 33608
20230716 33596
20230717 33596
20230718 33592
20230717 33596
20230719 33563
20230717 33596
20230720 33552
20230717 33596
20230721 33545
20230717 33596
20230722 33528
20230717 33596
20230723 33513
20230717 33596
20230724 33501
20230725 33501
20230726 33503
20230725 33501
20230727 33518
20230725 33501
20230728 33529
20230725 33501
20230729 33530
20230725 33501
20230730 33539
20230725 33501
20230731 33537
20230725 33501
20230801 33536
20230725 33501
20230802 33531
20230725 33501
20230803 33534
20230725 33501
20230804 33527
20230725 33501
20230805 33513
20230725 33501
20230806 33489
20230725 33501
20230807 33491
20230725 33501
20230808 33479
20230725 33501
20230809 33487
20230725 33501
20230810 33484
20230725 33501
20230811 33489
20230725 33501
20230812 33483
20230813 33483
20230815 33477
20230813 33483
20230816 33460
20230813 33483
20230817 33465
20230813 33483
20230818 33471
20230813 33483
20230819 33469
20230813 33483
20230820 33454
20230813 33483
20230821 33446
20230813 33483
20230822 33430
20230813 33483
20230823 33421
20230813 33483
20230824 33427
20230813 33483
20230825 33416
20230826 33416
20230827 33407
20230826 33416
20230828 33390
20230826 33416
20230829 33379
20230826 33416
20230830 33382
20230826 33416
20230831 33377
20230826 33416
20230901 33363
20230826 33416
20230902 33357
20230826 33416
20230903 33363
20230826 33416
20230904 33356
20230826 33416
20230905 33353
20230826 33416
20230906 33360
20230826 33416
20230907 33358
20230826 33416
20230908 33338
20230826 33416
20230909 33321
20230826 33416
20230910 33311
20230826 33416
20230911 33295
20230826 33416
20230912 33286
20230826 33416
20230913 33268
20230826 33416
20230914 33261
20230826 33416
20230915 33248
20230826 33416
20230916 33245
20230826 33416
20230917 33227
20230826 33416
20230918 33209
20230826 33416
20230919 33216
20230826 33416
20230920 30652
20230826 33416
20230921 30641
20230826 33416
20230922 30643
20230826 33416
20230923 30631
20230826 33416
20230924 30622
20230826 33416
20230925 30619
20230826 33416
20230926 30601
20230826 33416
20230927 30594
20230826 33416
20230928 30583
20230826 33416
20230929 30579
20230826 33416
20230930 30572
20230826 33416
20231001 30564
20230826 33416
20231002 30566
20230826 33416
20231003 30593
20230826 33416
20231005 30589
20230826 33416
20231007 30585
20230826 33416
20231008 30593
20230826 33416
20231009 30605
20230826 33416
20231010 30604
20230826 33416
20231011 30603
20230826 33416
20231012 30596
20230826 33416
20231013 30601
20230826 33416
20231014 30602
20230826 33416
20231015 30600
20230826 33416
20231016 30598
20230826 33416
20231017 30582
20230826 33416
20231018 30576
20230826 33416
20231019 30562
20230826 33416
20231020 30557
20230826 33416
20231021 30545
20230826 33416
20231022 30543
20230826 33416
20231023 30535
20230826 33416
20231024 30532
20230826 33416
20231025 30526
20230826 33416
20231026 30522
20230826 33416
20231027 30506
20230826 33416
20231028 30496
20230826 33416
20231029 30474
20230826 33416
20231030 30460
20230826 33416
20231031 30449
20230826 33416
20231101 30447
20230826 33416
20231102 30439
20230826 33416
20231103 30431
20230826 33416
20231104 30423
20230826 33416
20231105 30403
20230826 33416
20231106 30392
20230826 33416
20231107 30388
20230826 33416
20231108 30392
20230826 33416
20231109 30369
20230826 33416
20231110 30364
20230826 33416
20231111 30355
20230826 33416
20231112 30343
20230826 33416
20231113 30336
20230826 33416
20231114 30333
20230826 33416
20231115 30335
20230826 33416
20231116 30323
20230826 33416
20231117 30376
20230826 33416
20231118 30367
20230826 33416
20231120 30361
20230826 33416
20231121 30347
20230826 33416
20231122 30352
20231123 30352
20231124 30339
20231123 30352
20231125 30333
20231123 30352
20231126 30316
20231123 30352
20231127 30300
20231123 30352
20231128 30299
20231123 30352
20231129 30290
20231123 30352
20231130 30279
20231123 30352
20231201 30264
20231123 30352
20231202 30256
20231123 30352
20231203 30251
20231123 30352
20231204 30235
20231123 30352
20231205 30226
20231123 30352
20231206 30222
20231123 30352
20231207 30216
20231123 30352
20231208 30211
20231123 30352
20231209 30210
20231123 30352
20231210 30200
20231123 30352
20231211 30178
20231123 30352
20231212 30176
20231123 30352
20231213 30174
20231123 30352
20231214 30160
20231123 30352
20231215 30137
20231123 30352
20231216 30130
20231123 30352
20231217 30124
20231123 30352
20231218 30118
20231123 30352
20231219 30104
20231123 30352
20231220 30114
20231123 30352
20231221 30101
20231123 30352
20231222 30118
20231123 30352
20231223 30108
20231123 30352
20231224 30096
20231123 30352
20231225 30083
20231123 30352
20231226 30069
20231123 30352
20231227 30060
20231123 30352
20231230 30034
20231123 30352
20231231 30021
20231123 30352
20240101 30004
20231123 30352
20240102 29999
20231123 30352
20240103 29993
20231123 30352
20240104 30005
20231123 30352
20240105 30006
20231123 30352
20240106 30021
20231123 30352
20240107 30004
20231123 30352
20240108 29992
20231123 30352
20240109 29988
20231123 30352
20240110 29975
20231123 30352
20240111 29998
20231123 30352
20240112 29978
20231123 30352
20240113 29967
20231123 30352
20240114 29960
20231123 30352
20240115 29949
20231123 30352
20240116 29935
20231123 30352
20240117 29919
20231123 30352
20240118 29913
20231123 30352
20240119 29898
20231123 30352
20240120 29884
20231123 30352
20240121 29863
20231123 30352
20240122 29847
20231123 30352
20240124 29840
20231123 30352
20240125 29837
20231123 30352
20240126 29813
20231123 30352
20240127 29802
20231123 30352
20240128 29794
20231123 30352
20240129 29790
20231123 30352
20240130 29791
20231123 30352
20240131 29787
20231123 30352
20240201 29780
20231123 30352
20240202 29788
20231123 30352
20240203 29777
20231123 30352
20240204 29779
20231123 30352
20240205 29768
20231123 30352
20240206 29765
20231123 30352
20240207 29780
20231123 30352
20240208 29784
20231123 30352
20240209 29772
20231123 30352
20240210 29761
20231123 30352
20240211 29749
20231123 30352
20240212 29745
20231123 30352
20240213 29732
20231123 30352
20240214 29723
20231123 30352
20240215 29721
20231123 30352
20240216 29706
20231123 30352
20240217 29689
20231123 30352
20240218 29681
20231123 30352
20240219 29673
20231123 30352
20240220 29668
20231123 30352
20240221 29667
20231123 30352
20240222 29657
20231123 30352
20240223 29647
20231123 30352
20240224 29639
20231123 30352
20240225 29631
20231123 30352
20240226 29624
20231123 30352
20240227 29612
20231123 30352
20240228 29618
20231123 30352
20240229 29612
20231123 30352
20240301 29608
20231123 30352
20240302 29604
20231123 30352
20240303 29593
20231123 30352
20240304 29587
20231123 30352
20240305 29582
20231123 30352
20240306 29565
20231123 30352
20240307 29556
20231123 30352
20240308 29559
20231123 30352
20240309 29543
20231123 30352
20240310 29520
20231123 30352
20240311 29467
20231123 30352
20240312 29456
20231123 30352
20240313 29437
20231123 30352
20240314 29432
20231123 30352
20240315 29424
20231123 30352
20240316 29414
20231123 30352
20240317 29397
20231123 30352
20240318 29377
20231123 30352
20240319 29355
20231123 30352
20240320 29339
20231123 30352
20240321 29337
20231123 30352
20240322 29329
20231123 30352
20240323 29313
20231123 30352
20240324 29280
20231123 30352
20240325 29255
20231123 30352
20240326 29232
20231123 30352
20240327 29218
20231123 30352
20240328 29204
20231123 30352
20240329 29171
20231123 30352
20240330 29139
20231123 30352
20240331 29110
20231123 30352
20240401 29078
20231123 30352
20240402 29064
20231123 30352
20240403 29038
20231123 30352
20240404 29025
20231123 30352
20240405 29018
20231123 30352
20240406 29014
20231123 30352
20240407 28997
20231123 30352
20240408 28982
20231123 30352
20240409 28975
20231123 30352
20240410 28925
20231123 30352
20240411 28917
20231123 30352
20240412 28914
20231123 30352
20240413 28900
20231123 30352
20240415 28877
20231123 30352
20240416 28864
20231123 30352
20240417 28856
20231123 30352
20240418 28842
20231123 30352
20240419 28828
20231123 30352
20240420 28799
20231123 30352
20240421 28792
20231123 30352
20240422 28774
20231123 30352
20240423 28765
20231123 30352
20240424 28758
20231123 30352
20240425 28756
20231123 30352
20240426 28739
20231123 30352
20240427 28734
20231123 30352
20240428 28725
20231123 30352
20240429 28719
20231123 30352
20240430 28710
20231123 30352
20240501 28681
20231123 30352
20240503 28669
20231123 30352
20240504 28657
20231123 30352
20240505 28633
20231123 30352
20240506 28617
20231123 30352
20240507 28607
20231123 30352
20240508 28599
20231123 30352
20240509 28601
20231123 30352
20240510 28598
20231123 30352
20240511 28595
20231123 30352
20240512 28581
20231123 30352
20240513 28604
20231123 30352
20240514 28596
20231123 30352
20240515 28591
20231123 30352
20240516 28582
20231123 30352
20240517 28581
20231123 30352
20240518 28583
20231123 30352
20240519 28576
20231123 30352
20240520 28570
20231123 30352
20240521 28557
20231123 30352
20240522 28554
20231123 30352
20240523 28544
20231123 30352
20240524 28546
20231123 30352
20240525 28537
20231123 30352
20240526 28525
20231123 30352
20240527 28524
20231123 30352
20240528 28510
20231123 30352
20240529 28492
20231123 30352
20240530 28499
20231123 30352
20240531 28494
20231123 30352
20240601 28492
20231123 30352
20240602 28489
20231123 30352
20240603 28479
20231123 30352
20240604 28473
20240606 28473
20240609 28455
20240606 28473
20240611 28438
20240606 28473
20240612 28437
20240613 28437
20240614 28421
20240613 28437
20240615 28407
20240613 28437
20240616 28399
20240613 28437
20240617 28394
20240613 28437
20240618 28383
20240613 28437
20240620 28362
20240613 28437
20240621 28360
20240613 28437
20240622 28355
20240613 28437
20240623 28348
20240613 28437
20240624 28354
20240613 28437
20240626 28362
20240613 28437
20240627 28354
20240613 28437
20240628 28351
20240613 28437
20240629 28312
20240613 28437
20240630 28307
20240613 28437
20240701 28289
20240613 28437
20240702 28277
20240613 28437
20240703 28280
20240613 28437
20240704 28270
20240613 28437
20240705 28266
20240613 28437
20240706 28250
20240613 28437
20240707 28245
20240613 28437
20240708 28220
20240613 28437
20240709 28206
20240613 28437
20240710 28163
20240613 28437
20240711 28124
20240613 28437
20240712 28083
20240613 28437
20240713 28065
20240613 28437
20240714 28058
20240613 28437
20240715 28041
20240613 28437
20240716 28035
20240613 28437
20240717 28020
20240613 28437
20240718 28006
20240613 28437
20240719 27995
20240613 28437
20240720 27974
20240613 28437
20240721 27970
20240613 28437
20240722 27964
20240613 28437
20240723 27946
20240724 27946
20240725 27899
20240724 27946
20240726 27894
20240724 27946
20240727 27896
20240724 27946
20240728 27880
20240724 27946
20240729 27865
20240724 27946
20240730 27857
20240724 27946
20240731 27848
20240724 27946
20240801 27845
20240724 27946
20240802 27843
20240724 27946
20240803 27829
20240724 27946
20240804 27805
20240724 27946
20240805 27789
20240724 27946
20240806 27776
20240724 27946
20240807 27765
20240724 27946
20240808 27756
20240724 27946
20240809 27723
20240724 27946
20240810 27725
20240724 27946
20240811 27722
20240724 27946
20240812 27710
20240724 27946
20240813 27717
20240724 27946
20240814 27710
20240724 27946
20240815 27705
20240724 27946
20240816 27692
20240724 27946
20240817 27691
20240724 27946
20240818 27679
20240724 27946
20240819 27658
20240724 27946
20240820 27653
20240724 27946
20240821 27643
20240724 27946
20240822 27646
20240724 27946
20240823 27643
20240724 27946
20240824 27636
20240825 27636
20240826 27628
20240825 27636
20240827 27615
20240825 27636
20240828 27605
20240825 27636
20240829 27591
20240825 27636
20240830 27588
20240825 27636
20240831 27577
20240825 27636
20240901 27567
20240825 27636
20240902 27569
20240825 27636
20240903 27566
20240825 27636
20240904 27564
20240825 27636
20240905 27570
20240825 27636
20240906 27566
20240825 27636
20240907 27557
20240825 27636
20240908 27544
20240825 27636
20240909 27521
20240825 27636
20240910 27486
20240825 27636
20240911 27472
20240825 27636
20240912 27469
20240825 27636
20240913 27457
20240825 27636
20240914 27451
20240825 27636
20240915 27442
20240825 27636
20240916 27440
20240917 27440
20240918 27430
20240917 27440
20240919 27426
20240917 27440
20240920 27418
20240917 27440
20240921 27405
20240917 27440
20240921 27411
20240917 27440
20240922 27405
20240917 27440
20240925 27404
20240917 27440
20240926 27402
20240917 27440
20240927 27386
20240917 27440
20240928 27382
20240928 27382
