20230707 6
20230919 6
20230920 5
20240624 5
20240626 5
20240627 5
20240628 5
20240629 5
20240630 5
20240701 5
20240702 5
20240703 5
20240704 5
20240705 5
20240706 5
20240707 5
20240708 5
20240709 5
20240710 5
20240711 5
20240712 5
20240713 5
20240714 5
20240715 5
20240716 5
20240717 5
20240718 5
20240719 5
20240720 5
20240721 5
20240722 5
20240723 5
20240724 5
20240725 5
20240726 5
20240727 5
20240728 5
20240729 5
20240730 5
20240731 5
20240801 5
20240802 5
20240803 5
20240804 5
20240805 5
20240806 5
20240807 5
20240808 5
20240809 5
20240810 5
20240811 5
20240812 5
20240813 5
20240814 5
20240815 5
20240816 5
20240817 5
20240818 5
20240819 5
20240820 5
20240821 5
20240822 5
20240823 5
20240824 5
20240825 5
20240826 5
20240827 5
20240828 5
20240829 5
20240830 5
20240831 5
20240901 5
20240902 5
20240903 5
20240904 5
20240905 5
20240906 5
20240907 5
20240908 5
20240909 5
20240910 5
20240911 5
20240912 5
20240913 5
