20230710 6308549
20230711 6308739
20230712 6309335
20230713 6310023
20230714 6310964
20230715 6311481
20230716 6311858
20230717 6311384
20230718 6311511
20230719 6312621
20230720 6313313
20230721 6314188
20230722 6314780
20230723 6315221
20230724 6315378
20230725 6315378
20230726 6315560
20230727 6316336
20230728 6316731
20230729 6316731
20230730 6317565
20230731 6317836
20230801 6317602
20230802 6317602
20230803 6316262
20230804 6316609
20230805 6317272
20230806 6316036
20230807 6316543
20230808 6316907
20230809 6317189
20230810 6318526
20230811 6319502
20230812 6320654
20230813 6321292
20230815 6322315
