20230707 853640
20230710 853491
20230711 853534
20230712 853600
20230713 853602
20230714 853606
20230715 853659
20230716 853593
20230717 853562
20230718 853682
20230719 853804
20230720 853837
20230721 853832
20230722 853785
20230723 853774
20230724 853628
20230725 853628
20230726 853673
20230727 853708
20230728 853698
20230729 853701
20230730 853712
20230731 853607
20230801 853577
20230802 853775
20230803 853851
20230804 853927
20230805 853969
20230806 854018
20230807 853974
20230808 853981
20230809 854287
20230810 854287
20230811 854416
20230812 854502
20230813 854619
20230815 854792
20230816 854792
20230817 854941
20230818 855193
20230819 855303
20230820 855432
20230821 855405
20230822 855442
20230823 855643
20230824 855777
20230825 855921
20230826 856064
20230827 856156
