20230707 3
20230919 3
20230920 1
20240822 1
20240823 32
20240822 1
20240824 37
20240826 37
20240827 51
20240826 37
20240828 55
20240826 37
20240829 61
20240826 37
20240830 69
20240826 37
20240831 74
20240903 74
20240904 85
20240903 74
20240905 95
20240903 74
20240906 102
20240903 74
20240907 108
20240909 108
20240910 109
20240909 108
20240911 111
20240909 108
20240912 119
20240913 119
20240914 125
20240916 125
20240917 129
20240916 125
20240918 135
20240916 125
20240919 139
20240916 125
20240920 151
20240916 125
20240921 155
20240922 155
20240925 158
20240922 155
20240926 167
20240922 155
20240927 175
20240922 155
20240928 274
20240922 155
20240929 277
20240922 155
20240930 278
20240922 155
20241001 1578
20240922 155
20241002 1890
20241002 1890
