20230707 17
20230709 17
20230710 17
20230711 17
20230712 17
20230714 17
20230715 17
20230716 17
20230717 17
20230718 17
20230719 17
20230720 17
20230721 17
20230722 17
20230723 17
20230724 17
20230725 17
20230726 17
20230727 17
20230728 17
20230729 17
20230730 17
20230731 17
20230801 17
20230802 17
20230803 17
20230804 17
20230805 17
20230806 17
20230807 15
20230808 15
20230809 15
20230810 15
20230811 15
20230812 15
20230813 15
20230815 15
20230816 15
20230817 15
20230818 15
20230819 15
20230820 15
20230821 15
20230822 15
20230823 15
20230824 15
20230825 15
20230826 15
20230827 15
20230828 15
20230829 15
