20230922 109427
20230924 109475
20230925 109518
20230926 109526
20230927 109563
20230928 109657
20230929 109657
20230930 109700
20231001 109725
20231002 109790
20231003 109790
20231005 109852
20231007 109889
20231008 109913
20231009 109970
20231010 110013
20231011 110013
20231012 110034
20231013 110084
20231014 110110
20231015 110092
20231016 110092
20231017 110092
20231018 110173
20231019 110173
20231020 110130
20231021 110143
20231022 110195
20231023 110245
20231024 110304
20231025 110304
20231026 110279
20231027 110281
20231028 110325
20231029 110325
20231030 110307
20231031 110329
20231101 110331
20231102 110331
20231103 110364
20231104 110391
20231105 110443
20231106 110443
20231107 110513
20231108 110513
20231109 110503
20231110 110503
20231111 110622
20231112 110644
20231113 110690
20231114 110690
20231115 110707
20231116 110712
20231117 110732
20231118 110742
20231120 110736
20231121 110790
20231122 110751
20231123 110751
20231124 110778
20231125 110842
20231126 110842
20231127 110842
20231128 110882
20231129 110875
20231130 110951
20231201 110951
20231202 110963
20231203 110991
20231204 110991
20231205 111023
20231206 111059
20231207 111024
20231208 111024
20231209 111101
20231210 111119
20231211 111096
20231212 111096
20231213 111204
20231214 111217
20231215 111168
20231216 111168
20231217 111230
20231218 111265
20231219 111273
20231220 111273
20231221 111327
20231222 111377
20231223 111381
20231224 111381
20231225 111422
20231226 111438
20231227 111455
20231230 111499
20231231 111482
20240101 111601
20240102 111601
20240103 111621
20240104 111588
20240105 111610
20240106 111610
20240107 111663
20240108 111650
20240109 111696
20240110 111696
20240111 111706
20240112 111710
20240113 111781
20240114 111781
20240115 111815
20240116 111810
20240117 111792
20240118 111792
20240119 111422
20240120 111892
20240121 111892
20240122 111955
20240124 111973
20240125 111973
20240126 112034
20240127 112043
20240128 112073
20240129 112191
20240130 112191
