20230922 433
20230924 433
20230925 436
20230926 434
20230927 434
20230928 437
20230929 433
20230930 429
20231001 434
20231002 431
20231003 435
20231005 433
20231007 432
20231008 433
20231009 435
20231010 434
20231011 430
20231012 434
20231013 436
20231014 433
20231015 436
20231016 435
20231017 435
20231018 433
20231019 433
20231020 434
20231021 432
20231022 437
20231023 434
20231024 438
20231025 435
20231026 432
20231027 437
20231028 439
20231029 436
20231030 440
20231031 441
20231101 439
20231102 439
20231103 440
20231104 438
20231105 440
20231106 441
20231107 439
20231108 439
20231109 438
20231110 438
20231111 441
20231112 441
20231113 434
20231114 435
20231115 438
20231116 440
20231117 439
20231118 437
20231120 437
20231121 437
20231122 435
20231123 436
20231124 436
20231125 438
20231126 438
20231127 440
20231128 437
20231129 438
20231130 439
20231201 435
20231202 439
20231203 438
20231204 439
20231205 437
20231206 439
20231207 439
20231208 438
20231209 440
20231210 435
20231211 439
20231212 440
20231213 440
20231214 441
20231215 438
20231216 441
20231217 439
20231218 437
20231219 439
20231220 437
20231221 440
20231222 439
20231223 438
20231224 439
20231225 438
20231226 441
20231227 436
20231230 440
20231231 439
20240101 437
20240102 437
20240103 436
20240104 437
20240105 436
20240106 437
20240107 436
20240108 436
20240109 437
20240110 435
20240111 438
20240112 438
20240113 439
20240114 437
20240115 438
20240116 436
20240117 435
20240118 436
20240119 415
20240120 432
20240121 434
20240122 436
