20230707 134
20230709 134
20230710 134
20230711 134
20230712 134
20230714 134
20230715 134
20230716 134
20230717 134
20230718 134
20230719 134
20230720 134
20230721 134
20230722 134
20230723 134
20230724 134
20230725 134
20230726 134
20230727 134
20230728 134
20230729 134
20230730 134
20230731 134
20230801 134
20230802 134
20230803 134
20230804 134
20230805 134
20230806 134
20230807 134
20230808 134
20230809 134
20230810 134
20230811 134
20230812 134
20230813 134
20230815 134
20230816 134
20230817 134
20230818 134
20230819 134
20230820 134
20230821 134
20230822 134
20230823 134
20230824 134
20230825 134
20230826 134
20230827 134
20230828 134
20230829 134
20230830 134
