20230707 20525
20230709 20526
20230710 20524
20230711 20521
20230712 20521
20230713 20515
20230714 20517
20230715 20520
20230716 20522
20230717 20520
20230718 20519
20230719 20516
20230720 20512
20230721 20516
20230722 20518
20230723 20517
20230724 20523
20230725 20529
20230726 20531
20230727 20536
20230728 20537
20230729 20534
20230730 20533
20230731 20527
20230801 20528
20230802 20527
20230803 20530
20230804 20531
20230805 20535
20230806 20528
20230807 20529
20230808 20529
20230809 20529
20230810 20532
20230811 20536
20230812 20544
20230813 20541
20230815 20551
20230816 20554
20230817 20560
20230818 20564
20230819 20566
20230820 20566
20230821 20568
20230822 20573
20230823 20576
20230824 20578
20230825 20578
20230826 20582
20230827 20580
20230828 20582
20230829 20580
20230830 20581
20230831 20581
