20230707 18
20230709 18
20230710 18
20230711 18
20230712 18
20230714 18
20230715 18
20230716 18
20230717 18
20230718 18
20230719 18
20230720 18
20230721 18
20230722 18
20230723 18
20230724 18
20230725 18
20230726 18
20230727 18
20230728 18
20230729 18
20230730 18
20230731 18
20230801 18
20230802 18
20230803 18
20230804 18
20230805 18
20230806 18
20230807 18
20230808 18
20230809 18
20230810 18
20230811 18
20230812 18
20230813 18
20230815 18
20230816 18
20230817 18
20230818 18
20230819 18
20230820 18
20230821 18
20230822 18
20230823 18
20230824 18
20230825 18
20230826 18
20230827 18
20230828 18
20230829 18
20230830 18
20230831 18
20230901 18
20230902 18
20230903 18
20230904 18
20230905 18
20230906 18
20230907 18
20230908 18
20230909 18
20230910 18
20230911 18
20230912 18
20230913 18
20230914 18
20230915 18
20230916 18
20230917 18
20230918 18
20230919 18
20230920 15
20230921 15
20230922 15
20230923 15
20230924 15
20230925 15
20230926 15
20230927 15
20230928 15
20230929 15
20230930 15
20231001 15
20231002 15
20231003 15
20231005 15
20231007 15
20231008 15
20231009 15
20231010 15
20231011 15
20231012 15
20231013 15
20231014 15
20231015 15
20231016 15
20231017 15
20231018 15
20231019 15
20231020 15
20231021 15
20231022 15
20231023 15
20231024 15
20231025 15
20231026 15
20231027 15
20231028 15
20231029 15
20231030 15
20231031 15
20231101 15
20231102 15
20231103 15
20231104 15
20231105 15
20231106 15
20231107 15
20231108 15
20231109 15
20231110 15
20231111 15
20231112 15
20231113 15
20231114 15
20231115 15
20231116 15
20231117 15
20231118 15
20231120 15
20231121 15
20231122 15
20231123 15
20231124 15
20231125 15
20231126 15
20231127 15
20231128 15
20231129 15
20231130 15
20231201 15
20231202 15
20231203 15
20231204 15
20231205 15
20231206 15
20231207 15
20231208 15
20231209 15
20231210 15
20231211 15
20231212 15
20231213 15
20231214 15
20231215 15
20231216 15
20231217 15
20231218 15
20231219 15
20231220 15
20231221 15
20231222 15
20231223 15
20231224 15
20231225 15
20231226 15
20231227 15
20231230 15
20231231 15
20240101 15
20240102 15
20240103 15
20240104 15
20240105 15
20240106 15
20240107 15
20240108 15
20240109 15
20240110 15
20240111 15
20240112 15
20240113 15
20240114 15
20240115 15
20240116 15
20240117 15
20240118 15
20240119 15
20240120 15
20240121 15
20240122 15
20240124 15
20240125 15
20240126 15
20240127 15
20240128 15
20240129 15
20240130 15
20240131 15
20240201 15
