20211101 734605
20211201 736578
20220101 738309
20220201 738897
20220301 739710
20220401 741157
20220501 739546
20220601 740200
20220801 740720
20220901 744404
20221001 747865
20221101 750200
20221201 752656
20230101 752889
20230201 754278
20230301 755798
20230401 757096
20230501 756558
20230601 758078
20230701 758495
20230801 757325
20230901 755350
20231001 752965
20231101 747930
20231201 746636
20240101 745623
20240201 746296
20240301 747669
20240401 747256
20240501 747217
20240601 747010
20240701 746566
20240801 748181
20240901 749570
20241001 750832
20241101 751388
20241201 751084
20250101 749898
20250201 749042
20250301 750598
20250401 751602
20250501 752692
20250601 754121
20250701 755569
20250801 756719
