20230707 2223
20230709 2222
20230710 2220
20230711 2223
20230712 2226
20230713 2228
20230714 2232
20230715 2238
20230730 2264
20230731 2265
20230801 2264
20230802 2262
20230803 2265
20230804 2268
20230805 2271
20230806 2271
20230807 2269
20230808 2270
20230809 2270
20230810 2270
20230811 2272
20230812 2272
20230813 2271
20230815 2272
20230816 2275
20230817 2275
20230818 2274
20230819 2273
20230820 2273
20230821 2259
20230822 2258
20230823 2257
20230824 2257
20230825 2258
20230826 2259
20230827 2258
20230828 2260
20230829 2263
20230830 2266
20230831 2267
20230901 2268
20230902 2268
20230903 2266
20230904 2265
20230905 2266
20230906 2268
20230907 2271
20230908 2274
20230909 2276
20230910 2279
20230911 2278
20230912 2277
20230913 2280
20230914 2279
20230915 2278
20230916 2277
20230917 2277
20230918 2280
20230919 2282
20230920 2185
20230921 2186
20230922 2187
20230923 2184
20230924 2182
20230925 2179
20230926 2181
20230927 2184
20230928 2186
20230929 2143
20230930 2142
20231001 2140
20231002 2141
20231003 2143
20231005 2144
20231007 2144
20231008 2147
20231009 2149
20231010 2151
20231011 2153
20231012 2153
20231013 2149
20231014 2150
20231015 2152
20231016 2153
20231017 2152
20231018 2150
20231019 2153
20231020 2155
20231021 2159
20231022 2158
20231023 2158
20231024 2158
20231025 2162
20231026 2169
20231027 2171
20231028 2171
20231029 2178
20231030 2181
20231031 2180
20231101 2178
20231102 2180
20231103 2176
20231104 2178
20231105 2175
20231106 2174
20231107 2175
20231108 2175
20231109 2175
20231110 2178
20231111 2177
20231112 2357
20231113 2484
20231114 2492
20231115 2489
20231116 2488
20231117 2487
20231118 2488
20231120 2486
20231121 2490
20231122 2494
20231123 2509
20231124 2510
20231125 2514
20231126 2516
20231127 2515
20231128 2516
20231129 2518
20231130 2519
20231201 2518
20231202 2518
20231203 2520
20231204 2521
20231205 2526
20231206 2528
20231207 2527
20231208 2528
20231209 2534
20231210 2538
20231211 2538
20231212 2538
20231213 2543
20231214 2543
20231215 2544
20231216 2548
20231217 2546
20231218 2542
20231219 2544
20231220 2544
20231221 2546
20231222 2542
20231223 2543
20231224 2549
20231225 2549
20231226 2549
20231227 2546
20231230 2550
20231231 2550
20240101 2551
20240102 2559
20240103 2562
20240104 2582
20240105 2568
20240106 2566
20240107 2569
20240108 2572
20240109 2571
20240110 2573
20240111 2600
20240112 2597
20240113 2600
20240114 2599
20240115 2601
20240116 2602
20240117 2600
20240118 2600
20240119 2600
20240120 2600
