20230707 4588
20230709 4589
20230710 4590
20230711 4588
20230712 4588
20230714 4591
20230715 4591
20230730 4592
20230731 4591
20230801 4593
20230802 4596
20230803 4595
20230804 4591
20230805 4593
20230806 4590
20230807 4589
20230808 4588
20230809 4590
20230810 4592
20230811 4595
20230812 4593
20230813 4593
20230815 4594
20230816 4594
20230817 4599
20230818 4600
20230819 4599
20230820 4599
20230821 4600
20230822 4605
20230823 4606
20230824 4607
20230825 4609
20230826 4611
20230827 4612
20230828 4613
20230829 4614
20230830 4611
20230831 4612
20230901 4617
20230902 4618
20230903 4616
20230904 4617
20230905 4618
20230906 4618
20230907 4618
