20230922 4866
20230924 4862
20230925 4862
20230926 4858
20230927 4860
20230928 4865
20230929 4864
20230930 4866
20231001 4872
20231002 4870
20231003 4872
20231005 4885
20231007 4897
20231008 4898
20231009 4899
20231010 4898
20231011 4898
20231012 4899
20231013 4902
20231014 4905
20231015 4911
20231016 4909
20231017 4909
20231018 4911
20231019 4911
20231020 4911
20231021 4912
20231022 4907
20231023 4910
20231024 4905
20231025 4905
20231026 4910
20231027 4911
20231028 4910
20231029 4910
20231030 4910
20231031 4909
20231101 4911
20231102 4919
20231103 4917
20231104 4920
20231105 4925
20231106 4925
20231107 4929
20231108 4929
20231109 4932
20231110 4937
20231111 4937
20231112 4945
20231113 4940
20231114 4941
20231115 4950
20231116 4949
20231117 4957
20231118 4951
20231120 4955
20231121 4957
20231122 4958
20231123 4961
20231124 4966
20231125 4965
20231126 4969
20231127 4967
20231128 4969
20231129 4971
20231130 4970
20231201 4974
