20230707 4
20230709 4
20230710 4
20230711 4
20230712 4
20230714 4
20230715 4
20230730 4
20230731 4
20230801 4
20230802 4
20230803 4
20230804 4
20230805 4
20230806 4
20230807 4
20230808 4
20230809 4
20230810 4
20230811 4
20230812 4
20230813 4
20230815 4
20230816 4
20230817 4
20230818 4
20230819 4
20230820 4
20230821 4
20230822 4
20230823 4
20230824 4
20230825 4
20230826 4
20230827 4
20230828 4
20230829 4
20230830 4
20230831 4
20230901 4
20230902 4
20230903 4
20230904 4
20230905 4
20230906 4
20230907 4
20230908 4
20230909 4
20230910 4
20230911 4
20230912 4
20230913 4
20230914 4
20230915 4
20230916 4
20230917 4
20230918 4
20230919 4
20230920 3
20230921 3
20230922 3
20230923 3
20230924 3
20230925 3
20230926 3
20230927 3
20230928 3
20230929 3
20230930 3
20231001 3
20231002 3
20231003 3
20231005 3
20231007 3
20231008 3
20231009 3
20231010 3
20231011 3
20231012 3
20231013 3
20231014 3
20231015 3
20231016 3
20231017 3
20231018 3
20231019 3
20231020 3
20231021 4
20231022 4
20231023 4
20231024 4
20231025 4
20231026 4
20231027 4
20231028 4
20231029 4
20231030 4
20231031 4
20231101 4
20231102 4
20231103 4
20231104 4
20231105 4
20231106 4
20231107 4
20231108 4
20231109 4
20231110 4
20231111 4
20231112 4
20231113 4
20231114 4
20231115 4
20231116 4
20231117 4
20231118 4
20231120 4
20231121 4
20231122 4
20231123 4
20231124 4
20231125 4
20231126 4
20231127 4
20231128 4
20231129 4
20231130 4
20231201 4
20231202 4
20231203 4
20231204 4
20231205 4
20231206 4
20231207 4
20231208 4
20231209 4
20231210 4
20231211 4
20231212 4
20231213 4
20231214 4
20231215 4
20231216 4
20231217 4
20231218 4
20231219 4
20231220 4
20231221 4
20231222 4
20231223 4
20231224 4
20231225 4
20231226 4
20231227 4
20231230 4
20231231 4
20240101 4
20240102 4
20240103 4
20240104 4
20240105 4
20240106 4
20240107 4
20240108 4
20240109 4
20240110 4
20240111 4
20240112 4
20240113 4
20240114 4
20240115 4
20240116 4
20240117 4
20240118 4
20240119 4
20240120 4
20240121 4
20240122 4
20240124 4
20240125 4
20240126 4
20240127 4
20240128 4
20240129 4
20240130 4
20240131 4
20240201 4
20240202 4
20240203 4
20240204 4
20240205 4
20240206 4
20240207 4
20240208 4
20240209 4
20240210 4
20240211 4
20240212 4
20240213 4
20240214 4
20240215 4
20240216 4
20240217 4
20240218 4
20240219 4
20240220 4
20240221 4
20240222 4
20240223 4
20240224 4
20240225 4
20240226 4
20240227 4
20240228 4
20240229 4
20240301 4
20240302 4
20240303 4
20240304 4
20240305 4
20240306 4
20240307 4
20240308 4
20240309 4
20240310 4
20240311 4
20240312 4
20240313 4
20240314 4
20240315 4
20240316 4
20240317 4
20240318 4
20240319 4
20240320 4
20240321 4
20240322 4
20240323 4
20240324 4
20240325 4
20240326 4
20240327 4
20240328 4
20240329 4
20240330 4
20240331 4
20240401 4
20240402 4
20240403 4
20240404 4
20240405 4
20240406 4
20240407 4
20240408 4
20240409 4
20240410 4
