20230707 241356
20230709 241607
20230710 242109
20230711 242313
20230712 242526
20230713 242946
20230714 243163
20230715 243352
20230730 246999
20230731 247157
20230801 247391
20230802 247920
20230803 248369
20230804 248695
20230805 249015
20230806 249178
20230807 249350
20230808 249732
20230809 250142
20230810 250652
20230811 250980
20230812 251301
20230813 251584
20230815 251910
20230816 252071
20230817 252130
20230818 252335
20230819 252413
20230820 252439
20230821 252261
20230822 252484
20230823 252530
20230824 252559
20230825 253054
20230826 253443
20230827 253588
20230828 253679
20230829 253812
20230830 252511
20230831 252595
20230901 252892
20230902 253001
20230903 253448
20230904 253714
20230905 253984
20230906 254129
20230907 254960
20230908 254584
20230909 254593
20230910 254436
20230911 254344
20230912 254406
20230913 254501
20230914 254580
20230915 252861
20230916 252827
20230917 252716
20230918 252502
20230919 252576
20230920 212498
20230921 212703
