20230707 3067
20230709 3067
20230710 3069
20230709 3067
20230711 3070
20230709 3067
20230712 3069
20230709 3067
20230713 3072
20230709 3067
20230714 3073
20230715 3073
20230730 3055
20230715 3073
20230731 3053
20230801 3053
20230802 3056
20230801 3053
20230803 3059
20230801 3053
20230804 3058
20230801 3053
20230805 3059
20230806 3059
20230807 3061
20230806 3059
20230808 3063
20230806 3059
20230809 3064
20230806 3059
20230810 3066
20230811 3066
20230812 3068
20230813 3068
20230815 3061
20230813 3068
20230816 3062
20230813 3068
20230817 3063
20230813 3068
20230818 3064
20230813 3068
20230819 3066
20230820 3068
20230821 3068
20230822 3072
20230821 3068
20230823 3070
20230821 3068
20230824 3069
20230821 3068
20230825 3073
20230821 3068
20230826 3072
20230821 3068
20230827 3071
20230821 3068
20230828 3070
20230821 3068
20230829 3069
20230821 3068
20230830 3072
20230821 3068
20230831 3073
20230821 3068
20230901 3074
20230821 3068
20230902 3073
20230821 3068
20230903 3076
20230821 3068
20230904 3078
20230821 3068
20230905 3079
20230821 3068
20230906 3085
20230821 3068
20230907 3084
20230821 3068
20230908 3087
20230910 3087
20230911 3088
20230910 3087
20230912 3092
20230914 3092
20230915 3090
20230914 3092
20230916 3091
20230917 3092
20230919 3092
20230920 3042
20230919 3092
20230921 3048
20230919 3092
20230922 3038
20230923 3038
20230924 3041
20230923 3038
20230925 3042
20230923 3038
20230926 3043
20230923 3038
20230927 3045
20230928 3045
20230929 3046
20230928 3045
20230930 3048
20230928 3045
20231001 3051
20230928 3045
20231002 3052
20230928 3045
20231003 3055
20230928 3045
20231005 3059
20230928 3045
20231007 3062
20231008 3062
20231009 3064
20231008 3062
20231010 3066
20231012 3066
20231013 3067
20231014 3067
20231015 3069
20231016 3069
20231017 3071
20231016 3069
20231018 3070
20231016 3069
20231019 3068
20231016 3069
20231020 3070
20231021 3069
20231016 3069
20231022 3070
20231016 3069
20231023 3071
20231016 3069
20231024 3072
20231016 3069
20231025 3073
20231016 3069
20231026 3074
20231016 3069
20231027 3075
20231028 3069
20231016 3069
20231029 3071
20231016 3069
20231030 3070
20231101 3070
20231102 3071
20231101 3070
20231103 3073
20231101 3070
20231104 3072
20231101 3070
20231105 3073
20231101 3070
20231106 3076
20231101 3070
20231107 3080
20231108 3080
20231109 3077
20231110 3080
20231108 3080
20231111 3083
20231108 3080
20231112 3087
20231108 3080
20231113 3088
20231108 3080
20231114 3087
20231108 3080
20231115 3089
20231108 3080
20231116 3094
20231108 3080
20231117 3090
20231108 3080
20231118 3093
20231108 3080
20231120 3099
20231108 3080
20231121 3095
20231108 3080
20231122 3097
20231108 3080
20231123 3104
20231108 3080
20231124 3113
20231108 3080
20231125 3112
20231126 3112
20231127 3120
20231126 3112
20231128 3122
20231126 3112
20231129 3124
20231126 3112
20231130 3126
20231126 3112
20231201 3124
20231126 3112
20231202 3122
20231126 3112
20231203 3121
20231126 3112
20231204 3128
20231126 3112
20231205 3127
20231126 3112
20231206 3125
20231126 3112
20231207 3124
20231126 3112
20231208 3125
20231126 3112
20231209 3128
20231126 3112
20231210 3154
20231126 3112
20231211 3161
20231126 3112
20231212 3163
20231126 3112
20231213 3182
20231126 3112
20231214 3185
20231126 3112
20231215 3188
20231126 3112
20231216 3191
20231126 3112
20231217 3192
20231126 3112
20231218 3191
20231126 3112
20231219 3186
20231126 3112
20231220 3187
20231126 3112
20231221 3185
20231126 3112
20231222 3184
20231126 3112
20231223 3175
20231126 3112
20231224 3174
20231126 3112
20231225 3178
20231126 3112
20231226 3181
20231126 3112
20231227 3183
20231126 3112
20231230 3184
20231126 3112
20231231 3183
20231126 3112
20240101 3180
20240102 3180
20240103 3176
20240104 3180
20240102 3180
20240105 3176
20240102 3180
20240106 3177
20240102 3180
20240107 3174
20240102 3180
20240108 3173
20240102 3180
20240109 3171
20240102 3180
20240110 3170
20240102 3180
20240111 3168
20240102 3180
20240112 3167
20240102 3180
20240113 3172
20240102 3180
20240114 3170
20240102 3180
20240115 3172
20240102 3180
20240116 3176
20240117 3176
20240118 3179
20240119 3179
20240120 3177
20240119 3179
20240121 3176
20240119 3179
20240122 3178
20240119 3179
20240124 3180
20240119 3179
20240125 3185
20240119 3179
20240126 3184
20240119 3179
20240127 3185
20240119 3179
20240128 3188
20240119 3179
20240129 3189
20240119 3179
20240130 3195
20240119 3179
20240131 3201
20240119 3179
20240201 3205
20240119 3179
20240202 3207
20240203 3207
20240204 3206
20240205 3206
20240206 3205
20240207 3205
20240208 3207
20240207 3205
20240209 3202
20240207 3205
20240210 3201
20240211 3201
20240212 3200
20240213 3200
20240214 3203
20240215 3200
20240213 3200
20240216 3202
20240213 3200
20240217 3205
20240213 3200
20240218 3206
20240213 3200
20240219 3204
20240213 3200
20240220 3209
20240213 3200
20240221 3214
20240222 3214
20240223 3213
20240224 3214
20240222 3214
20240225 3213
20240226 3213
20240227 3212
20240228 3213
20240226 3213
20240229 3211
20240226 3213
20240301 3209
20240302 3209
20240303 3211
20240302 3209
20240304 3212
20240302 3209
20240305 3214
20240302 3209
20240306 3215
20240302 3209
20240307 3218
20240302 3209
20240308 3220
20240302 3209
20240309 3219
20240311 3219
20240312 3221
20240311 3219
20240313 3220
20240311 3219
20240314 3221
20240311 3219
20240315 3223
20240316 3219
20240311 3219
20240317 3215
20240318 3215
20240319 3217
20240318 3215
20240320 3218
20240318 3215
20240321 3217
20240318 3215
20240322 3219
20240318 3215
20240323 3224
20240318 3215
20240324 3221
20240318 3215
20240325 3220
20240318 3215
20240326 3218
20240318 3215
20240327 3217
20240328 3215
20240318 3215
20240329 3213
20240318 3215
20240330 3212
20240318 3215
20240331 3211
20240318 3215
20240401 3212
20240318 3215
20240402 3211
20240318 3215
20240403 3216
20240318 3215
20240404 3220
20240405 3220
20240406 3218
20240405 3220
20240407 3215
20240405 3220
20240408 3213
20240405 3220
20240409 3212
20240405 3220
20240410 3216
20240405 3220
20240411 3222
20240405 3220
20240412 3240
20240405 3220
20240413 3250
20240405 3220
20240415 3248
20240405 3220
20240416 3249
20240405 3220
20240417 3241
20240405 3220
20240418 3237
20240405 3220
20240419 3244
20240405 3220
20240420 3243
20240405 3220
20240421 3234
20240405 3220
20240422 3226
20240405 3220
20240423 3225
20240405 3220
20240424 3230
20240405 3220
20240425 3231
20240405 3220
20240426 3234
20240405 3220
20240427 3225
20240405 3220
20240428 3223
20240405 3220
20240429 3222
20240405 3220
20240430 3219
20240501 3219
20240503 3213
20240501 3219
20240504 3211
20240501 3219
20240505 3210
20240501 3219
20240506 3207
20240501 3219
20240507 3206
20240501 3219
20240508 3203
20240501 3219
20240509 3202
20240501 3219
20240510 3203
20240501 3219
20240511 3205
20240512 3205
20240513 3204
20240512 3205
20240514 3213
20240512 3205
20240515 3211
20240516 3211
20240517 3214
20240516 3211
20240518 3215
20240516 3211
20240519 3217
20240516 3211
20240520 3220
20240516 3211
20240521 3223
20240516 3211
20240522 3225
20240516 3211
20240523 3226
20240516 3211
20240524 3231
20240516 3211
20240525 3230
20240516 3211
20240526 3231
20240516 3211
20240527 3233
20240516 3211
20240528 3237
20240516 3211
20240529 3233
20240516 3211
20240530 3231
20240516 3211
20240531 3233
20240516 3211
20240601 3228
20240516 3211
20240602 3229
20240516 3211
20240603 3227
20240516 3211
20240604 3231
20240516 3211
20240605 3232
20240516 3211
20240606 3231
20240516 3211
20240609 3222
20240516 3211
20240611 3234
20240516 3211
20240612 3229
20240613 3229
20240614 3225
20240613 3229
20240615 3224
20240613 3229
20240616 3228
20240613 3229
20240617 3223
20240613 3229
20240618 3224
20240613 3229
20240620 3221
20240613 3229
20240621 3222
20240613 3229
20240622 3224
20240623 3229
20240624 3229
20240626 3228
20240627 3228
20240628 3232
20240630 3232
20240701 3228
20240630 3232
20240702 3226
20240630 3232
20240703 3227
20240630 3232
20240704 3228
20240630 3232
20240705 3229
20240630 3232
20240706 3226
20240630 3232
20240707 3229
20240630 3232
20240708 3230
20240630 3232
20240709 3236
20240710 3236
20240711 3229
20240710 3236
20240712 3219
20240710 3236
20240713 3216
20240710 3236
20240714 3214
20240710 3236
20240715 3213
20240716 3213
20240717 3215
20240718 3215
20240719 3214
20240720 3215
20240718 3215
20240721 3214
20240722 3215
20240718 3215
20240723 3213
20240725 3213
20240726 3217
20240728 3217
20240729 3216
20240728 3217
20240730 3222
20240728 3217
20240731 3224
20240728 3217
20240801 3227
20240728 3217
20240802 3225
20240728 3217
20240803 3228
20240804 3228
20240805 3232
20240806 3232
20240807 3237
20240806 3232
20240808 3246
20240806 3232
20240809 3255
20240806 3232
20240810 3253
20240806 3232
20240811 3252
20240806 3232
20240812 3254
20240806 3232
20240813 3257
20240806 3232
20240814 3259
20240806 3232
20240815 3258
20240806 3232
20240816 3254
20240806 3232
20240817 3253
20240806 3232
20240818 3258
20240806 3232
20240819 3265
20240806 3232
20240820 3286
20240806 3232
20240821 3330
20240806 3232
20240822 3376
20240806 3232
20240823 3301
20240806 3232
20240824 3280
20240806 3232
20240825 3292
20240806 3232
20240826 3295
20240806 3232
20240827 3306
20240806 3232
20240828 3307
20240806 3232
20240829 3281
20240806 3232
20240830 3305
20240806 3232
20240831 3283
20240806 3232
20240901 3296
20240806 3232
20240902 3309
20240806 3232
20240903 3314
20240806 3232
20240904 3312
20240806 3232
20240905 3283
20240806 3232
20240906 3284
20240806 3232
20240907 3288
20240806 3232
20240908 3283
20240806 3232
20240909 3286
20240806 3232
20240910 3287
20240806 3232
20240911 3291
20240806 3232
20240912 3292
20240806 3232
20240913 3290
20240806 3232
20240914 3291
20240806 3232
20240915 3289
20240806 3232
20240916 3293
20240806 3232
20240917 3299
20240806 3232
20240918 3308
20240806 3232
20240919 3303
20240920 3303
20240921 3309
20240920 3303
20240921 3315
20240922 3315
20240925 3245
20240922 3315
20240926 3246
20240922 3315
20240927 3249
20240922 3315
20240928 3247
20240922 3315
20240929 3251
20240922 3315
20240930 3250
20240922 3315
20241001 3252
20241001 3252
