20230707 8776
20230709 8774
20230710 8762
20230711 8764
20230712 8766
20230713 8770
20230714 8773
20230715 8766
20230730 8623
20230731 8626
20230801 8617
20230802 8617
20230803 8612
20230804 8617
20230805 8615
20230806 8624
20230807 8623
20230808 8622
20230809 8627
20230810 8630
20230811 8633
20230812 8639
20230813 8643
20230815 8640
20230816 8652
20230817 8650
20230818 8663
20230819 8658
20230820 8659
20230821 8661
20230822 8666
20230823 8668
20230824 8668
20230825 8669
20230826 8668
20230827 8671
20230828 8677
20230829 8674
20230830 8682
20230831 8705
20230901 8712
20230902 8724
20230903 8741
20230904 8743
20230905 8749
20230906 8751
20230907 8758
20230908 8757
20230909 8759
20230910 8765
20230911 8756
20230912 8755
