20230707 2468013
20230709 2469614
20230710 2470503
20230711 2473955
20230712 2476774
20230713 2479376
20230714 2480988
20230715 2482079
20230730 2496751
20230731 2496362
20230801 2498892
20230802 2501207
20230803 2511238
20230804 2528885
20230805 2533310
20230806 2533043
20230807 2533031
20230808 2540263
20230809 2547883
20230810 2562666
20230811 2565190
20230812 2566704
20230813 2566731
20230815 2572907
20230816 2575960
20230817 2581753
20230818 2584526
20230819 2588043
20230820 2591201
20230821 2590846
20230822 2594669
20230823 2597835
20230824 2599786
20230825 2603982
20230826 2605574
20230827 2605420
20230828 2605783
20230829 2608765
20230830 2612212
20230831 2613589
20230901 2621850
20230902 2638496
20230903 2638836
20230904 2640421
20230905 2643736
20230906 2652947
20230907 2669065
20230908 2684570
20230909 2706660
20230910 2717322
20230911 2718356
20230912 2731718
20230913 2744756
20230914 2751281
20230915 2757147
20230916 2762457
20230917 2763147
20230918 2763294
20230919 2766165
20230920 2686859
20230921 2698617
20230922 2704057
20230923 2708427
20230924 2708141
20230925 2708136
20230926 2717852
20230927 2723243
20230928 2723487
20230929 2728602
20230930 2731954
20231001 2731954
20231002 2730789
20231001 2731954
20231003 2733223
20231001 2731954
20231005 2736658
20231001 2731954
20231007 2741283
20231001 2731954
20231008 2741025
20231001 2731954
20231009 2740441
20231001 2731954
20231010 2743291
20231001 2731954
20231011 2745476
20231001 2731954
20231012 2748595
20231001 2731954
20231013 2748755
20231001 2731954
20231014 2749281
20231001 2731954
20231015 2749064
20231001 2731954
20231016 2749185
20231001 2731954
20231017 2750280
20231001 2731954
20231018 2752649
20231001 2731954
20231019 2754818
20231001 2731954
20231020 2756731
20231001 2731954
20231021 2756829
20231001 2731954
20231022 2756365
20231001 2731954
20231023 2756312
20231001 2731954
20231024 2757782
20231001 2731954
20231025 2759793
20231001 2731954
20231026 2759293
20231001 2731954
20231027 2760725
20231001 2731954
20231028 2761410
20231001 2731954
20231029 2761385
20231001 2731954
20231030 2761246
20231001 2731954
20231031 2763186
20231001 2731954
20231101 2766394
20231001 2731954
20231102 2769047
20231001 2731954
20231103 2772401
20231001 2731954
20231104 2774145
20231001 2731954
20231105 2775330
20231001 2731954
20231106 2776484
20231001 2731954
20231107 2780104
20231001 2731954
20231108 2781828
20231001 2731954
20231109 2784067
20231001 2731954
20231110 2787551
20231001 2731954
20231111 2787676
20231001 2731954
20231112 2787061
20231001 2731954
20231113 2787238
20231001 2731954
20231114 2788736
20231001 2731954
20231115 2804919
20231001 2731954
20231116 2806540
20231001 2731954
20231117 2808704
20231001 2731954
20231118 2810065
20231001 2731954
20231120 2809739
20231001 2731954
20231121 2813715
20231001 2731954
20231122 2816173
20231001 2731954
20231123 2817451
20231001 2731954
20231124 2815883
20231001 2731954
20231125 2812869
20231001 2731954
20231126 2808541
20231001 2731954
20231127 2807959
20231001 2731954
20231128 2813315
20231001 2731954
20231129 2816774
20231001 2731954
20231130 2820310
20231001 2731954
20231201 2822440
20231001 2731954
20231202 2822880
20231001 2731954
20231203 2822300
20231001 2731954
20231204 2821908
20231001 2731954
20231205 2824757
20231001 2731954
20231206 2827334
20231001 2731954
20231207 2829571
20231001 2731954
20231208 2831668
20231001 2731954
20231209 2832059
20231001 2731954
20231210 2831937
20231001 2731954
20231211 2831408
20231001 2731954
20231212 2833722
20231001 2731954
20231213 2834832
20231001 2731954
20231214 2836267
20231001 2731954
20231215 2835182
20231001 2731954
20231216 2835465
20231001 2731954
20231217 2833915
20231001 2731954
20231218 2833837
20231001 2731954
20231219 2835997
20231001 2731954
20231220 2837001
20231001 2731954
20231221 2840285
20231001 2731954
20231222 2841031
20231001 2731954
20231223 2841340
20231001 2731954
20231224 2840176
20231001 2731954
20231225 2842168
20231001 2731954
20231226 2841489
20231001 2731954
20231227 2841497
20231001 2731954
20231230 2849181
20231001 2731954
20231231 2848052
20231001 2731954
20240101 2845790
20231001 2731954
20240102 2844495
20231001 2731954
20240103 2847734
20231001 2731954
20240104 2850928
20231001 2731954
20240105 2853099
20231001 2731954
20240106 2855805
20231001 2731954
20240107 2857280
20231001 2731954
20240108 2856732
20231001 2731954
20240109 2860544
20231001 2731954
20240110 2865901
20231001 2731954
20240111 2870375
20231001 2731954
20240112 2871132
20231001 2731954
20240113 2865851
20231001 2731954
20240114 2866216
20231001 2731954
20240115 2865770
20231001 2731954
20240116 2867562
20231001 2731954
20240117 2872112
20231001 2731954
20240118 2877480
20231001 2731954
20240119 2881900
20231001 2731954
20240120 2888675
20231001 2731954
20240121 2888813
20231001 2731954
20240122 2889161
20231001 2731954
20240124 2900308
20231001 2731954
20240125 2908606
20231001 2731954
20240126 2914472
20231001 2731954
20240127 2916452
20231001 2731954
20240128 2916721
20231001 2731954
20240129 2917175
20231001 2731954
20240130 2925050
20231001 2731954
20240131 2933238
20231001 2731954
20240201 2940620
20231001 2731954
20240202 2945546
20231001 2731954
20240203 2947736
20231001 2731954
20240204 2947715
20231001 2731954
20240205 2948800
20231001 2731954
20240206 2951085
20231001 2731954
20240207 2955484
20231001 2731954
20240208 2959783
20231001 2731954
20240209 2963156
20231001 2731954
20240210 2975377
20231001 2731954
20240211 2974422
20231001 2731954
20240212 2974628
20231001 2731954
20240213 2977635
20231001 2731954
20240214 2987465
20231001 2731954
20240215 2990784
20231001 2731954
20240216 2992098
20231001 2731954
20240217 2993927
20231001 2731954
20240218 2993153
20231001 2731954
20240219 2992867
20231001 2731954
20240220 2993565
20231001 2731954
20240221 2995797
20231001 2731954
20240222 2997864
20231001 2731954
20240223 2999082
20231001 2731954
20240224 3000592
20231001 2731954
20240225 2999891
20231001 2731954
20240226 2999301
20231001 2731954
20240227 3000215
20231001 2731954
20240228 3001116
20231001 2731954
20240229 3002687
20231001 2731954
20240301 3002080
20231001 2731954
20240302 3002826
20231001 2731954
20240303 3003343
20231001 2731954
20240304 3002160
20231001 2731954
20240305 3004601
20231001 2731954
20240306 3005795
20231001 2731954
20240307 3008566
20231001 2731954
20240308 3007236
20231001 2731954
20240309 3007722
20231001 2731954
20240310 3007699
20231001 2731954
20240311 3007118
20231001 2731954
20240312 3009550
20231001 2731954
20240313 3011867
20231001 2731954
20240314 3011963
20231001 2731954
20240315 3014736
20231001 2731954
20240316 3013740
20231001 2731954
20240317 3014501
20231001 2731954
20240318 3013662
20231001 2731954
20240319 3015012
20231001 2731954
20240320 3017394
20231001 2731954
20240321 3018550
20231001 2731954
20240322 3019453
20231001 2731954
20240323 3020961
20231001 2731954
20240324 3019257
20231001 2731954
20240325 3019044
20231001 2731954
20240326 3022245
20231001 2731954
20240327 3022879
20231001 2731954
20240328 3022851
20231001 2731954
20240329 3024161
20231001 2731954
20240330 3024973
20231001 2731954
20240331 3023889
20231001 2731954
20240401 3023302
20231001 2731954
20240402 3022797
20231001 2731954
20240403 3025517
20231001 2731954
20240404 3024877
20231001 2731954
20240405 3018309
20231001 2731954
20240406 3018347
20231001 2731954
20240407 3018198
20231001 2731954
20240408 3017942
20231001 2731954
20240409 3020110
20231001 2731954
20240410 3020348
20231001 2731954
20240411 3020323
20231001 2731954
20240412 3022471
20231001 2731954
20240413 3022006
20231001 2731954
20240415 3017742
20231001 2731954
20240416 3019317
20231001 2731954
20240417 3022392
20231001 2731954
20240418 3023142
20231001 2731954
20240419 3023500
20231001 2731954
20240420 3023802
20231001 2731954
20240421 3023511
20231001 2731954
20240422 3020686
20231001 2731954
20240423 3022972
20231001 2731954
20240424 3023169
20231001 2731954
20240425 3024231
20231001 2731954
20240426 3025410
20231001 2731954
20240427 3024549
20231001 2731954
20240428 3023060
20231001 2731954
20240429 3022108
20231001 2731954
20240430 3022763
20231001 2731954
20240501 3025161
20231001 2731954
20240503 3029252
20231001 2731954
20240504 3028536
20231001 2731954
20240505 3028540
20231001 2731954
20240506 3026665
20231001 2731954
20240507 3029613
20231001 2731954
20240508 3032497
20231001 2731954
20240509 3033724
20231001 2731954
20240510 3035548
20231001 2731954
20240511 3037277
20231001 2731954
20240512 3037455
20231001 2731954
20240513 3035420
20231001 2731954
20240514 3038030
20231001 2731954
20240515 3039410
20231001 2731954
20240516 3041320
20231001 2731954
20240517 3042067
20231001 2731954
20240518 3042900
20231001 2731954
20240519 3042115
20231001 2731954
20240520 3040738
20231001 2731954
20240521 3043917
20231001 2731954
20240522 3044991
20231001 2731954
20240523 3048196
20231001 2731954
20240524 3047796
20231001 2731954
20240525 3050213
20231001 2731954
20240526 3047896
20231001 2731954
20240527 3047690
20231001 2731954
20240528 3050692
20231001 2731954
20240529 3052380
20231001 2731954
20240530 3054608
20231001 2731954
20240531 3055235
20231001 2731954
20240601 3052840
20231001 2731954
20240602 3051609
20231001 2731954
20240603 3051114
20231001 2731954
20240604 3052532
20231001 2731954
20240605 3054698
20231001 2731954
20240606 3056898
20231001 2731954
20240609 3055182
20231001 2731954
20240611 3055880
20231001 2731954
20240612 3056798
20231001 2731954
20240613 3057460
20231001 2731954
20240614 3058704
20231001 2731954
20240615 3059924
20231001 2731954
20240616 3058826
20231001 2731954
20240617 3057385
20231001 2731954
20240618 3059136
20231001 2731954
20240620 3061320
20231001 2731954
20240621 3061995
20231001 2731954
20240622 3062011
20231001 2731954
20240623 3061213
20231001 2731954
20240624 3060723
20231001 2731954
20240626 3062391
20231001 2731954
20240627 3064630
20231001 2731954
20240628 3064196
20231001 2731954
20240629 3065622
20231001 2731954
20240630 3062824
20231001 2731954
20240701 3061100
20231001 2731954
20240702 3062365
20231001 2731954
20240703 3063845
20231001 2731954
20240704 3065428
20231001 2731954
20240705 3067135
20231001 2731954
20240706 3065669
20231001 2731954
20240707 3063951
20231001 2731954
20240708 3063398
20231001 2731954
20240709 3064059
20231001 2731954
20240710 3066071
20231001 2731954
20240711 3067334
20231001 2731954
20240712 3068969
20231001 2731954
20240713 3068837
20231001 2731954
20240714 3068504
20231001 2731954
20240715 3067236
20231001 2731954
20240716 3069585
20231001 2731954
20240717 3071574
20231001 2731954
20240718 3073222
20231001 2731954
20240719 3075019
20231001 2731954
20240720 3076100
20231001 2731954
20240721 3076174
20231001 2731954
20240722 3077506
20231001 2731954
20240723 3080288
20240724 3080288
20240725 3083373
20240724 3080288
20240726 3085961
20240724 3080288
20240727 3087074
20240724 3080288
20240728 3084854
20240724 3080288
20240729 3084392
20240724 3080288
20240730 3086360
20240724 3080288
20240731 3087958
20240724 3080288
20240801 3088584
20240724 3080288
20240802 3088271
20240724 3080288
20240803 3089423
20240724 3080288
20240804 3089580
20240724 3080288
20240805 3089380
20240724 3080288
20240806 3093494
20240724 3080288
20240807 3095154
20240724 3080288
20240808 3096399
20240724 3080288
20240809 3100434
20240724 3080288
20240810 3101787
20240724 3080288
20240811 3101379
20240724 3080288
20240812 3102178
20240724 3080288
20240813 3105028
20240724 3080288
20240814 3106619
20240724 3080288
20240815 3107661
20240724 3080288
20240816 3108885
20240724 3080288
20240817 3104807
20240724 3080288
20240818 3106055
20240724 3080288
20240819 3105500
20240724 3080288
20240820 3105736
20240724 3080288
20240821 3106498
20240724 3080288
20240822 3109233
20240724 3080288
20240823 3111121
20240724 3080288
20240824 3109183
20240724 3080288
20240825 3108990
20240724 3080288
20240826 3108595
20240724 3080288
20240827 3110217
20240724 3080288
20240828 3111447
20240724 3080288
20240829 3114768
20240724 3080288
20240830 3115572
20240724 3080288
20240831 3115175
20240724 3080288
20240901 3114668
20240724 3080288
20240902 3113783
20240724 3080288
20240903 3115266
20240724 3080288
20240904 3117621
20240724 3080288
20240905 3120294
20240724 3080288
20240906 3120765
20240724 3080288
20240907 3122333
20240724 3080288
20240908 3118002
20240724 3080288
20240909 3110558
20240724 3080288
20240910 3100366
20240724 3080288
20240911 3102825
20240724 3080288
20240912 3104876
20240724 3080288
20240913 3105674
20240724 3080288
20240914 3105278
20240724 3080288
20240915 3100218
20240724 3080288
20240916 3091790
20240724 3080288
20240917 3092011
20240724 3080288
20240918 3094719
20240724 3080288
20240919 3094795
20240724 3080288
20240920 3096107
20240724 3080288
20240921 3090128
20240724 3080288
20240921 3091236
20240724 3080288
20240922 3090128
20240724 3080288
20240925 3092540
20240724 3080288
20240926 3092156
20240724 3080288
20240927 3093409
20240724 3080288
20240928 3089604
20240724 3080288
20240929 3087612
20240724 3080288
20240930 3085322
20240930 3085322
