20230707 15605
20230709 15613
20230710 15605
20230711 15616
20230712 15607
20230713 15617
20230714 15613
20230715 15613
20230730 15624
20230731 15637
20230801 15637
20230802 15647
20230803 15650
20230804 15641
20230805 15652
20230806 15648
20230807 15652
20230808 15649
20230809 15652
20230810 15658
20230811 15662
20230812 15668
20230813 15667
20230815 15664
20230816 15666
20230817 15669
20230818 15672
20230819 15677
20230820 15679
20230821 15664
20230822 15651
20230823 15652
20230824 15644
20230825 15636
20230826 15652
20230827 15650
20230828 15657
20230829 15673
20230830 15654
20230831 15655
20230901 15654
20230902 15646
20230903 15656
20230904 15648
20230905 15691
20230906 15685
20230907 15685
20230908 15695
20230909 15693
20230910 15685
