20230710 11354323
20230711 11355410
20230712 11357172
20230713 11358840
20230714 11360001
20230715 11360666
20230718 11360666
20230719 11360572
20230718 11360666
20230730 11365641
20230718 11360666
20230731 11364633
20230718 11360666
20230801 11365070
20230718 11360666
20230802 11366255
20230718 11360666
20230803 11368074
20230718 11360666
20230804 11369819
20230718 11360666
20230805 11370969
20230718 11360666
20230806 11370366
20230718 11360666
20230807 11369114
20230718 11360666
20230808 11371238
20230718 11360666
20230809 11372786
20230718 11360666
20230810 11374892
20230718 11360666
20230811 11376640
20230718 11360666
20230812 11377344
20230718 11360666
20230813 11376538
20230718 11360666
20230815 11377728
20230718 11360666
20230816 11380085
20230718 11360666
20230817 11381832
20230718 11360666
20230818 11383511
20230718 11360666
20230819 11384525
20230718 11360666
20230820 11383763
20230718 11360666
20230821 11382352
20230718 11360666
20230822 11383974
20230718 11360666
20230823 11385326
20230718 11360666
20230824 11387122
20230718 11360666
20230825 11388681
20230718 11360666
20230826 11389636
20230718 11360666
20230827 11389851
20230718 11360666
20230828 11388457
20230718 11360666
20230829 11390193
20230718 11360666
20230830 11391301
20230718 11360666
20230831 11392347
20230718 11360666
20230901 11392087
20230718 11360666
20230902 11392230
20230718 11360666
20230903 11387888
20230904 11387888
20230905 11387199
20230904 11387888
20230906 11387830
20230904 11387888
20230907 11389503
20230904 11387888
20230908 11390310
20230904 11387888
20230909 11390604
20230904 11387888
20230910 11389151
20230904 11387888
20230911 11387967
20230904 11387888
20230912 11389100
20230904 11387888
20230913 11390088
20230904 11387888
20230914 11391326
20230904 11387888
20230915 11391725
20230904 11387888
20230916 11392516
20230904 11387888
20230917 11391216
20230904 11387888
20230918 11389609
20230904 11387888
20230919 11390837
20230904 11387888
20230920 10768243
20230904 11387888
20230921 10770382
20230904 11387888
20230922 10770813
20230904 11387888
20230923 10771239
20230904 11387888
20230924 10770194
20230904 11387888
20230925 10768601
20230926 10768601
20230927 10771934
20230926 10768601
20230928 10773248
20230926 10768601
20230929 10773863
20230926 10768601
20230930 10773652
20230926 10768601
20231001 10771609
20230926 10768601
20231002 10770087
20230926 10768601
20231003 10770747
20230926 10768601
20231005 10773189
20230926 10768601
20231007 10773979
20230926 10768601
20231008 10773530
20230926 10768601
20231009 10772392
20230926 10768601
20231010 10773355
20230926 10768601
20231011 10774431
20230926 10768601
20231012 10775075
20230926 10768601
20231013 10776245
20230926 10768601
20231014 10776834
20230926 10768601
20231015 10775607
20230926 10768601
20231016 10774051
20230926 10768601
20231017 10775661
20230926 10768601
20231018 10777950
20230926 10768601
20231019 10778140
20230926 10768601
20231020 10778885
20230926 10768601
20231021 10779292
20230926 10768601
20231022 10778046
20230926 10768601
20231023 10776509
20230926 10768601
20231024 10777108
20230926 10768601
20231025 10778410
20230926 10768601
20231026 10778751
20230926 10768601
20231027 10780662
20230926 10768601
20231028 10780904
20230926 10768601
20231029 10780013
20230926 10768601
20231030 10778585
20230926 10768601
20231031 10779493
20230926 10768601
20231101 10779400
20230926 10768601
20231102 10780242
20230926 10768601
20231103 10780517
20230926 10768601
20231104 10781199
20230926 10768601
20231105 10780161
20230926 10768601
20231106 10778700
20230926 10768601
20231107 10779288
20230926 10768601
20231108 10780789
20230926 10768601
20231109 10781270
20230926 10768601
20231110 10781764
20230926 10768601
20231111 10781178
20230926 10768601
20231112 10779867
20230926 10768601
20231113 10778325
20230926 10768601
20231114 10778991
20230926 10768601
20231115 10779691
20230926 10768601
20231116 10780413
20230926 10768601
20231117 10781116
20230926 10768601
20231118 10781326
20230926 10768601
20231120 10778356
20230926 10768601
20231121 10778977
20230926 10768601
20231122 10779879
20230926 10768601
20231123 10780150
20230926 10768601
20231124 10778924
20230926 10768601
20231125 10779056
20230926 10768601
20231126 10778444
20230926 10768601
20231127 10776773
20230926 10768601
20231128 10779064
20230926 10768601
20231129 10780136
20230926 10768601
20231130 10779666
20230926 10768601
20231201 10780064
20230926 10768601
20231202 10779853
20230926 10768601
20231203 10778279
20230926 10768601
20231204 10776565
20230926 10768601
20231205 10777889
20230926 10768601
20231206 10778801
20230926 10768601
20231207 10781303
20230926 10768601
20231208 10782448
20230926 10768601
20231209 10781955
20230926 10768601
20231210 10780088
20230926 10768601
20231211 10778428
20230926 10768601
20231212 10778809
20230926 10768601
20231213 10779432
20230926 10768601
20231214 10779995
20230926 10768601
20231215 10779873
20230926 10768601
20231216 10779937
20230926 10768601
20231217 10778434
20230926 10768601
20231218 10776325
20230926 10768601
20231219 10776621
20230926 10768601
20231220 10776038
20230926 10768601
20231221 10775398
20230926 10768601
20231222 10775328
20230926 10768601
20231223 10774476
20230926 10768601
20231224 10772378
20230926 10768601
20231225 10769158
20230926 10768601
20231226 10764505
20230926 10768601
20231227 10762249
20230926 10768601
20231230 10766210
20230926 10768601
20231231 10763763
20230926 10768601
20240101 10762192
20230926 10768601
20240102 10761466
20230926 10768601
20240103 10762526
20230926 10768601
20240104 10764051
20230926 10768601
20240105 10765508
20230926 10768601
20240106 10766972
20230926 10768601
20240107 10763766
20230926 10768601
20240108 10762883
20230926 10768601
20240109 10762063
20230926 10768601
20240110 10764438
20230926 10768601
20240111 10765181
20230926 10768601
20240112 10763072
20230926 10768601
20240113 10763375
20230926 10768601
20240114 10761922
20230926 10768601
20240115 10760689
20230926 10768601
20240116 10761557
20230926 10768601
20240117 10763318
20230926 10768601
20240118 10764172
20230926 10768601
20240119 10764844
20230926 10768601
20240120 10765821
20230926 10768601
20240121 10765371
20230926 10768601
20240122 10764916
20230926 10768601
20240124 10767770
20230926 10768601
20240125 10769185
20230926 10768601
20240126 10770043
20230926 10768601
20240127 10773237
20230926 10768601
20240128 10772198
20230926 10768601
20240129 10771735
20230926 10768601
20240130 10773195
20230926 10768601
20240131 10774838
20230926 10768601
20240201 10775442
20230926 10768601
20240202 10777167
20230926 10768601
20240203 10777393
20230926 10768601
20240204 10777545
20230926 10768601
20240205 10778714
20230926 10768601
20240206 10782400
20230926 10768601
20240207 10785574
20230926 10768601
20240208 10789324
20230926 10768601
20240209 10791033
20230926 10768601
20240210 10792063
20230926 10768601
20240211 10792002
20230926 10768601
20240212 10791680
20230926 10768601
20240213 10793079
20230926 10768601
20240214 10794648
20230926 10768601
20240215 10795303
20230926 10768601
20240216 10795534
20230926 10768601
20240217 10795479
20230926 10768601
20240218 10794937
20230926 10768601
20240219 10794229
20230926 10768601
20240220 10795503
20230926 10768601
20240221 10797394
20230926 10768601
20240222 10799442
20230926 10768601
20240223 10799841
20230926 10768601
20240224 10800008
20230926 10768601
20240225 10800840
20230926 10768601
20240226 10799511
20230926 10768601
20240227 10800679
20230926 10768601
20240228 10802002
20230926 10768601
20240229 10801646
20230926 10768601
20240301 10802752
20230926 10768601
20240302 10803391
20230926 10768601
20240303 10802773
20230926 10768601
20240304 10802071
20230926 10768601
20240305 10802283
20230926 10768601
20240306 10803766
20230926 10768601
20240307 10805589
20230926 10768601
20240308 10806429
20230926 10768601
20240309 10806830
20230926 10768601
20240310 10805079
20230926 10768601
20240311 10803803
20230926 10768601
20240312 10804815
20230926 10768601
20240313 10804465
20230926 10768601
20240314 10805240
20230926 10768601
20240315 10806505
20230926 10768601
20240316 10806341
20230926 10768601
20240317 10805593
20230926 10768601
20240318 10804066
20230926 10768601
20240319 10804547
20230926 10768601
20240320 10806469
20230926 10768601
20240321 10808193
20230926 10768601
20240322 10809180
20230926 10768601
20240323 10809723
20230926 10768601
20240324 10808513
20230926 10768601
20240325 10807131
20230926 10768601
20240326 10809577
20230926 10768601
20240327 10811304
20230926 10768601
20240328 10812793
20230926 10768601
20240329 10814630
20230926 10768601
20240330 10815952
20230926 10768601
20240331 10814001
20230926 10768601
20240401 10815731
20230926 10768601
20240402 10820716
20230926 10768601
20240403 10824377
20230926 10768601
20240404 10825669
20230926 10768601
20240405 10827066
20230926 10768601
20240406 10827269
20230926 10768601
20240407 10826169
20230926 10768601
20240408 10825342
20230926 10768601
20240409 10826489
20230926 10768601
20240410 10828641
20230926 10768601
20240411 10830626
20230926 10768601
20240412 10833991
20230926 10768601
20240413 10834881
20230926 10768601
20240415 10833088
20230926 10768601
20240416 10834369
20230926 10768601
20240417 10836432
20230926 10768601
20240418 10837694
20230926 10768601
20240419 10839333
20230926 10768601
20240420 10839542
20230926 10768601
20240421 10839004
20230926 10768601
20240422 10838122
20230926 10768601
20240423 10839853
20230926 10768601
20240424 10841802
20230926 10768601
20240425 10844630
20230926 10768601
20240426 10845623
20230926 10768601
20240427 10846660
20230926 10768601
20240428 10845750
20230926 10768601
20240429 10844465
20230926 10768601
20240430 10847254
20230926 10768601
20240501 10852720
20230926 10768601
20240503 10864615
20230926 10768601
20240504 10869140
20230926 10768601
20240505 10871585
20230926 10768601
20240506 10870182
20230926 10768601
20240507 10871532
20230926 10768601
20240508 10873727
20230926 10768601
20240509 10875629
20230926 10768601
20240510 10876379
20230926 10768601
20240511 10877340
20230926 10768601
20240512 10875542
20230926 10768601
20240513 10873996
20230926 10768601
20240514 10874796
20230926 10768601
20240515 10876878
20230926 10768601
20240516 10878800
20230926 10768601
20240517 10880299
20230926 10768601
20240518 10881082
20230926 10768601
20240519 10879102
20230926 10768601
20240520 10877818
20230926 10768601
20240521 10878449
20230926 10768601
20240522 10879948
20230926 10768601
20240523 10881983
20230926 10768601
20240524 10882930
20230926 10768601
20240525 10883281
20230926 10768601
20240526 10883557
20230926 10768601
20240527 10882433
20230926 10768601
20240528 10883546
20230926 10768601
20240529 10884908
20230926 10768601
20240530 10887177
20230926 10768601
20240531 10887761
20230926 10768601
20240601 10888120
20230926 10768601
20240602 10887638
20230926 10768601
20240603 10886197
20230926 10768601
20240604 10887651
20230926 10768601
20240605 10889237
20230926 10768601
20240606 10891186
20240609 10891186
20240611 10890772
20240609 10891186
20240612 10892135
20240609 10891186
20240613 10893619
20240609 10891186
20240614 10895046
20240609 10891186
20240615 10895002
20240609 10891186
20240616 10891293
20240609 10891186
20240617 10889140
20240609 10891186
20240618 10887894
20240609 10891186
20240620 10889804
20240609 10891186
20240621 10890881
20240609 10891186
20240622 10891774
20240609 10891186
20240623 10890290
20240609 10891186
20240624 10888991
20240609 10891186
20240626 10891931
20240609 10891186
20240627 10893340
20240609 10891186
20240628 10894350
20240609 10891186
20240629 10893470
20240609 10891186
20240630 10891578
20240609 10891186
20240701 10889913
20240609 10891186
20240702 10890685
20240609 10891186
20240703 10892693
20240609 10891186
20240704 10894091
20240609 10891186
20240705 10894969
20240609 10891186
20240706 10894380
20240609 10891186
20240707 10892762
20240609 10891186
20240708 10891925
20240609 10891186
20240709 10892864
20240609 10891186
20240710 10894795
20240609 10891186
20240711 10896735
20240609 10891186
20240712 10897855
20240609 10891186
20240713 10899124
20240609 10891186
20240714 10896919
20240609 10891186
20240715 10895895
20240609 10891186
20240716 10897535
20240609 10891186
20240717 10898441
20240609 10891186
20240718 10899925
20240609 10891186
20240719 10900567
20240609 10891186
20240720 10900666
20240609 10891186
20240721 10899468
20240609 10891186
20240722 10898064
20240609 10891186
20240723 10899479
20240609 10891186
20240724 10901576
20240609 10891186
20240725 10902951
20240609 10891186
20240726 10905145
20240609 10891186
20240727 10906239
20240609 10891186
20240728 10904588
20240609 10891186
20240729 10903815
20240609 10891186
20240730 10905521
20240609 10891186
20240731 10906036
20240609 10891186
20240801 10908213
20240609 10891186
20240802 10909836
20240609 10891186
20240803 10910687
20240609 10891186
20240804 10910046
20240609 10891186
20240805 10909470
20240609 10891186
20240806 10910330
20240609 10891186
20240807 10911808
20240609 10891186
20240808 10913854
20240609 10891186
20240809 10915927
20240609 10891186
20240810 10917002
20240609 10891186
20240811 10916465
20240609 10891186
20240812 10915891
20240609 10891186
20240813 10917004
20240609 10891186
20240814 10918646
20240609 10891186
20240815 10920114
20240609 10891186
20240816 10922007
20240609 10891186
20240817 10923126
20240609 10891186
20240818 10922896
20240609 10891186
20240819 10921346
20240609 10891186
20240820 10923020
20240609 10891186
20240821 10925396
20240609 10891186
20240822 10927350
20240609 10891186
20240823 10928948
20240609 10891186
20240824 10930947
20240609 10891186
20240825 10929580
20240609 10891186
20240826 10930506
20240609 10891186
20240827 10931957
20240609 10891186
20240828 10934653
20240609 10891186
20240829 10936411
20240609 10891186
20240830 10937581
20240609 10891186
20240831 10937413
20240609 10891186
20240901 10936765
20240609 10891186
20240902 10936229
20240609 10891186
20240903 10936725
20240609 10891186
20240904 10938798
20240609 10891186
20240905 10940981
20240609 10891186
20240906 10942776
20240609 10891186
20240907 10943938
20240609 10891186
20240908 10943006
20240609 10891186
20240909 10942465
20240609 10891186
20240910 10943762
20240609 10891186
20240911 10945441
20240609 10891186
20240912 10946458
20240609 10891186
20240913 10947665
20240609 10891186
20240914 10948367
20240609 10891186
20240915 10947551
20240609 10891186
20240916 10946245
20240609 10891186
20240917 10947730
20240609 10891186
20240918 10949814
20240609 10891186
20240919 10952081
20240609 10891186
20240920 10954001
20240609 10891186
20240921 10952586
20240609 10891186
20240921 10953786
20240609 10891186
20240922 10952586
20240609 10891186
20240925 10956079
20240609 10891186
20240926 10957935
20240609 10891186
20240927 10958458
20240609 10891186
20240928 10959468
20240609 10891186
20240929 10958485
20240609 10891186
20240930 10956936
20240609 10891186
20241001 10958352
20240609 10891186
20241002 10960808
20241002 10960808
