20230707 1786
20230709 1786
20230710 1780
20230711 1776
20230712 1778
20230713 1786
20230714 1800
20230715 1803
20230730 1821
20230731 1822
20230801 1822
20230802 1822
20230803 1823
20230804 1824
20230805 1821
20230806 1828
20230807 1828
20230808 1830
20230809 1831
20230810 1834
20230811 1833
20230812 1834
20230813 1835
20230815 1822
20230816 1824
20230817 1823
20230818 1822
20230819 1820
20230820 1820
20230821 1817
20230822 1819
20230823 1819
20230824 1820
20230825 1817
20230826 1818
20230827 1816
20230828 1814
20230829 1816
20230830 1816
20230831 1816
20230901 1823
20230902 1825
20230903 1825
20230904 1827
20230905 1824
