20230707 18
20230709 18
20230710 18
20230711 18
20230712 18
20230714 18
20230715 18
20230730 18
20230731 18
20230801 18
20230802 18
20230803 18
20230804 18
20230805 18
20230806 18
20230807 18
20230808 18
20230809 18
20230810 18
20230811 18
20230812 18
20230813 18
20230815 18
20230816 18
20230817 18
20230818 18
20230819 18
20230820 18
20230821 18
20230822 18
20230823 18
20230824 18
20230825 18
20230826 18
20230827 18
20230828 18
20230829 18
20230830 18
20230831 18
20230901 18
20230902 18
20230903 18
20230904 18
20230905 18
20230906 18
20230907 18
20230908 18
20230909 18
20230910 18
20230911 18
20230912 18
20230913 18
20230914 18
20230915 18
20230916 18
20230917 18
20230918 18
20230919 18
20230920 17
20230921 17
20230922 17
20230923 17
20230924 17
20230925 17
20230926 17
20230927 17
20230928 17
20230929 17
20230930 17
20231001 17
20231002 17
20231003 17
20231005 17
20231007 17
20231008 17
20231009 17
20231010 17
20231011 17
20231012 17
20231013 17
20231014 17
20231015 17
20231016 17
20231017 17
20231018 17
20231019 17
20231020 17
20231021 17
20231022 17
20231023 17
20231024 17
20231025 17
20231026 17
20231027 17
20231028 17
20231029 17
20231030 17
20231031 17
20231101 17
20231102 17
20231103 17
20231104 17
20231105 17
20231106 17
20231107 17
20231108 17
20231109 17
20231110 17
20231111 17
20231112 17
20231113 17
20231114 17
20231115 17
20231116 17
20231117 17
20231118 17
20231120 17
