20230707 89609
20230709 89581
20230710 89486
20230711 89490
20230712 89508
20230713 89562
20230714 89614
20230715 89620
20230730 90094
20230731 90098
20230801 90119
20230802 90164
20230803 90196
20230804 90216
20230805 90262
20230806 90296
20230807 90324
20230808 90368
20230809 90430
20230810 90467
20230811 90512
20230812 90483
20230813 90477
20230815 90521
20230816 90560
20230817 90573
20230818 90645
20230819 90672
20230820 90670
20230821 90685
20230822 90751
20230823 90820
20230824 90805
20230825 90809
20230826 90832
20230827 90843
20230828 90855
20230829 90876
20230830 90961
20230831 91022
20230901 91075
20230902 91131
20230903 91115
20230904 91142
20230905 91220
20230906 91301
20230907 91321
20230908 91389
20230909 91456
20230910 91456
20230911 91457
20230910 91456
20230912 91483
20230910 91456
20230913 91496
20230910 91456
20230914 91541
20230910 91456
20230915 91567
20230910 91456
20230916 91609
20230910 91456
20230917 91610
20230910 91456
20230918 91639
20230910 91456
20230919 91686
20230910 91456
20230920 64293
20230910 91456
20230921 64430
20230910 91456
20230922 64446
20230910 91456
20230923 64477
20230910 91456
20230924 64511
20230910 91456
20230925 64515
20230910 91456
20230926 64504
20230910 91456
20230927 64568
20230910 91456
20230928 64603
20230910 91456
20230929 64583
20230910 91456
20230930 64577
20231001 64577
20231002 64590
20231001 64577
20231003 64942
20231001 64577
20231005 64881
20231001 64577
20231007 64988
20231001 64577
20231008 64991
20231001 64577
20231009 64980
20231001 64577
20231010 65019
20231001 64577
20231011 65039
20231001 64577
20231012 65078
20231001 64577
20231013 65118
20231001 64577
20231014 65049
20231001 64577
20231015 65065
20231001 64577
20231016 65061
20231001 64577
20231017 64948
20231001 64577
20231018 64730
20231001 64577
20231019 64777
20231001 64577
20231020 64812
20231001 64577
20231021 64837
20231001 64577
20231022 64854
20231001 64577
20231023 64860
20231001 64577
20231024 64878
20231001 64577
20231025 64913
20231001 64577
20231026 64939
20231001 64577
20231027 64972
20231001 64577
20231028 65005
20231001 64577
20231029 65013
20231001 64577
20231030 65017
20231001 64577
20231031 65034
20231001 64577
20231101 65036
20231001 64577
20231102 65053
20231001 64577
20231103 65091
20231001 64577
20231104 65126
20231001 64577
20231105 65113
20231001 64577
20231106 65133
20231001 64577
20231107 65156
20231001 64577
20231108 65175
20231001 64577
20231109 65220
20231001 64577
20231110 65233
20231001 64577
20231111 65247
20231001 64577
20231112 65289
20231001 64577
20231113 65308
20231001 64577
20231114 65345
20231001 64577
20231115 65376
20231001 64577
20231116 65395
20231001 64577
20231117 65406
20231001 64577
20231118 65448
20231001 64577
20231120 65477
20231001 64577
20231121 65578
20231001 64577
20231122 65601
20231001 64577
20231123 65642
20231001 64577
20231124 65634
20231001 64577
20231125 65671
20231001 64577
20231126 65656
20231001 64577
20231127 65653
20231001 64577
20231128 65689
20231001 64577
20231129 65743
20231001 64577
20231130 65739
20231001 64577
20231201 65790
20231001 64577
20231202 65761
20231001 64577
20231203 65755
20231001 64577
20231204 65811
20231001 64577
20231205 65846
20231001 64577
20231206 65878
20231001 64577
20231207 65916
20231001 64577
20231208 65954
20231001 64577
20231209 65956
20231001 64577
20231210 65977
20231001 64577
20231211 65981
20231001 64577
20231212 66004
20231001 64577
20231213 66024
20231001 64577
20231214 66040
20231215 66040
20231216 66064
20231215 66040
20231217 66075
20231215 66040
20231218 66082
20231215 66040
20231219 66101
20231215 66040
20231220 66102
20231215 66040
20231221 66117
20231215 66040
20231222 66158
20231215 66040
20231223 66182
20231215 66040
20231224 66188
20231215 66040
20231225 66200
20231215 66040
20231226 66207
20231215 66040
20231227 66198
20231215 66040
20231230 66266
20231215 66040
20231231 66281
20231215 66040
20240101 66289
20231215 66040
20240102 66311
20231215 66040
20240103 66351
20231215 66040
20240104 66388
20231215 66040
20240105 66408
20231215 66040
20240106 66359
20231215 66040
20240107 66389
20231215 66040
20240108 66413
20231215 66040
20240109 66452
20231215 66040
20240110 66505
20231215 66040
20240111 66538
20231215 66040
20240112 66581
20231215 66040
20240113 66602
20231215 66040
20240114 66609
20231215 66040
20240115 66614
20231215 66040
20240116 66648
20231215 66040
20240117 66662
20231215 66040
20240118 66681
20231215 66040
20240119 66697
20231215 66040
20240120 66711
20231215 66040
20240121 66732
20231215 66040
20240122 66753
20231215 66040
20240124 66822
20231215 66040
20240125 66865
20231215 66040
20240126 66878
20231215 66040
20240127 66915
20231215 66040
20240128 66921
20231215 66040
20240129 66922
20231215 66040
20240130 66945
20231215 66040
20240131 66981
20231215 66040
20240201 67026
20231215 66040
20240202 67061
20231215 66040
20240203 67071
20231215 66040
20240204 67075
20231215 66040
20240205 67081
20231215 66040
20240206 67133
20231215 66040
20240207 67163
20231215 66040
20240208 67220
20231215 66040
20240209 67241
20231215 66040
20240210 67275
20231215 66040
20240211 67281
20231215 66040
20240212 67314
20231215 66040
20240213 67383
20231215 66040
20240214 67423
20231215 66040
20240215 67466
20231215 66040
20240216 67500
20231215 66040
20240217 67501
20231215 66040
20240218 67507
20231215 66040
20240219 67517
20231215 66040
20240220 67554
20231215 66040
20240221 67602
20231215 66040
20240222 67626
20231215 66040
20240223 67657
20231215 66040
20240224 67667
20231215 66040
20240225 67690
20231215 66040
20240226 67714
20231215 66040
20240227 67757
20231215 66040
20240228 67793
20231215 66040
20240229 67826
20231215 66040
20240301 67872
20231215 66040
20240302 67923
20231215 66040
20240303 67935
20231215 66040
20240304 67942
20231215 66040
20240305 67965
20231215 66040
20240306 67999
20231215 66040
20240307 68103
20231215 66040
20240308 68167
20231215 66040
20240309 68158
20231215 66040
20240310 68145
20231215 66040
20240311 68141
20231215 66040
20240312 68214
20231215 66040
20240313 68251
20231215 66040
20240314 68269
20231215 66040
20240315 68289
20231215 66040
20240316 68245
20231215 66040
20240317 68249
20231215 66040
20240318 68237
20231215 66040
20240319 68265
20231215 66040
20240320 68291
20231215 66040
20240321 68342
20231215 66040
20240322 68364
20231215 66040
20240323 68408
20231215 66040
20240324 68423
20231215 66040
20240325 68477
20231215 66040
20240326 68534
20231215 66040
20240327 68573
20231215 66040
20240328 68606
20231215 66040
20240329 68594
20231215 66040
20240330 68643
20231215 66040
20240331 68645
20231215 66040
20240401 68649
20231215 66040
20240402 68669
20231215 66040
20240403 68753
20231215 66040
20240404 68783
20231215 66040
20240405 68851
20231215 66040
20240406 68886
20231215 66040
20240407 68909
20231215 66040
20240408 68885
20231215 66040
20240409 68891
20231215 66040
20240410 68931
20231215 66040
20240411 68969
20231215 66040
20240412 69014
20231215 66040
20240413 69022
20231215 66040
20240415 69026
20231215 66040
20240416 69050
20231215 66040
20240417 69062
20231215 66040
20240418 69121
20231215 66040
20240419 69149
20231215 66040
20240420 69177
20231215 66040
20240421 69175
20231215 66040
20240422 69223
20231215 66040
20240423 69276
20231215 66040
20240424 69309
20231215 66040
20240425 69347
20231215 66040
20240426 69361
20231215 66040
20240427 69386
20231215 66040
20240428 69397
20231215 66040
20240429 69417
20231215 66040
20240430 69450
20231215 66040
20240501 69502
20231215 66040
20240503 69574
20231215 66040
20240504 69588
20231215 66040
20240505 69609
20231215 66040
20240506 69644
20231215 66040
20240507 69679
20231215 66040
20240508 69696
20231215 66040
20240509 69716
20231215 66040
20240510 69755
20231215 66040
20240511 69773
20231215 66040
20240512 69789
20231215 66040
20240513 69777
20231215 66040
20240514 69813
20231215 66040
20240515 69847
20231215 66040
20240516 69877
20231215 66040
20240517 69943
20231215 66040
20240518 69977
20231215 66040
20240519 69984
20231215 66040
20240520 69996
20231215 66040
20240521 70026
20231215 66040
20240522 70063
20231215 66040
20240523 70108
20231215 66040
20240524 70155
20231215 66040
20240525 70143
20231215 66040
20240526 70145
20231215 66040
20240527 70147
20231215 66040
20240528 69809
20231215 66040
20240529 69814
20231215 66040
20240530 69847
20231215 66040
20240531 69875
20231215 66040
20240601 69877
20231215 66040
20240602 69903
20231215 66040
20240603 69911
20231215 66040
20240604 69940
20231215 66040
20240605 69963
20231215 66040
20240606 69981
20231215 66040
20240609 70041
20231215 66040
20240611 70086
20231215 66040
20240612 70119
20231215 66040
20240613 70138
20231215 66040
20240614 70187
20231215 66040
20240615 70212
20231215 66040
20240616 70219
20231215 66040
20240617 70228
20231215 66040
20240618 70252
20231215 66040
20240620 70297
20231215 66040
20240621 70324
20231215 66040
20240622 70354
20231215 66040
20240623 70328
20231215 66040
20240624 70336
20231215 66040
20240626 70359
20231215 66040
20240627 70373
20231215 66040
20240628 70423
20231215 66040
20240629 70449
20231215 66040
20240630 70456
20231215 66040
20240701 70449
20231215 66040
20240702 70463
20231215 66040
20240703 70488
20231215 66040
20240704 70502
20231215 66040
20240705 70525
20231215 66040
20240706 70550
20231215 66040
20240707 70552
20231215 66040
20240708 70561
20231215 66040
20240709 70579
20231215 66040
20240710 70602
20231215 66040
20240711 70636
20231215 66040
20240712 70649
20231215 66040
20240713 70671
20231215 66040
20240714 70667
20231215 66040
20240715 70698
20231215 66040
20240716 70717
20231215 66040
20240717 70755
20231215 66040
20240718 70805
20231215 66040
20240719 70826
20231215 66040
20240720 70831
20231215 66040
20240721 70808
20231215 66040
20240722 70810
20231215 66040
20240723 70833
20240724 70833
20240725 70826
20240724 70833
20240726 70840
20240724 70833
20240727 70828
20240724 70833
20240728 70829
20240724 70833
20240729 70823
20240724 70833
20240730 70845
20240724 70833
20240731 70882
20240724 70833
20240801 70939
20240724 70833
20240802 70950
20240724 70833
20240803 70962
20240724 70833
20240804 70961
20240724 70833
20240805 70954
20240724 70833
20240806 70959
20240724 70833
20240807 70972
20240724 70833
20240808 70971
20240724 70833
20240809 70977
20240724 70833
20240810 70995
20240724 70833
20240811 70998
20240724 70833
20240812 70967
20240724 70833
20240813 70981
20240724 70833
20240814 70991
20240724 70833
20240815 70999
20240724 70833
20240816 71025
20240724 70833
20240817 71018
20240724 70833
20240818 71015
20240724 70833
20240819 70998
20240724 70833
20240820 71005
20240724 70833
20240821 71033
20240724 70833
20240822 71050
20240724 70833
20240823 71049
20240724 70833
20240824 71047
20240724 70833
20240825 71055
20240724 70833
20240826 71066
20240724 70833
20240827 71091
20240724 70833
20240828 71111
20240724 70833
20240829 71123
20240724 70833
20240830 71151
20240724 70833
20240831 71176
20240724 70833
20240901 71188
20240724 70833
20240902 71191
20240724 70833
20240903 71214
20240724 70833
20240904 71250
20240724 70833
20240905 71287
20240724 70833
20240906 71334
20240724 70833
20240907 71321
20240724 70833
20240908 71327
20240724 70833
20240909 71313
20240724 70833
20240910 71346
20240724 70833
20240911 71398
20240724 70833
20240912 71431
20240724 70833
20240913 71412
20240724 70833
20240914 71434
20240724 70833
20240915 71400
20240724 70833
20240916 71402
20240724 70833
20240917 71439
20240724 70833
20240918 71450
20240724 70833
20240919 71451
20240724 70833
20240920 71456
20240724 70833
20240921 71376
20240724 70833
20240921 71454
20240724 70833
20240922 71376
20240724 70833
20240925 71476
20240724 70833
20240926 71509
20240724 70833
20240927 71649
20240724 70833
20240928 71625
20240724 70833
20240929 71628
20240724 70833
20240930 71630
20240930 71630
