20230922 14187
20230924 14198
20230925 14207
20230926 14209
20230927 14209
20230928 14210
20230929 14220
20230930 14224
20231001 14228
20231002 14234
20231003 14234
20231005 14237
20231007 14249
20231008 14250
20231009 14256
20231010 14259
20231011 14261
20231012 14261
20231013 14270
20231014 14273
20231015 14272
20231016 14275
20231017 14275
20231018 14304
20231019 14304
20231020 14305
20231021 14309
20231022 14315
20231023 14317
20231024 14323
20231025 14324
20231026 14324
20231027 14326
20231028 14333
20231029 14338
20231030 14342
20231031 14344
20231101 14348
20231102 14349
20231103 14349
20231104 14376
20231105 14389
20231106 14391
20231107 14391
20231108 14391
20231109 14393
20231110 14393
20231111 14392
20231112 14400
20231113 14400
20231114 14414
20231115 14421
20231116 14424
20231117 14427
20231118 14429
20231120 14440
20231121 14447
20231122 14447
20231123 14446
20231124 14446
20231125 14449
20231126 14451
20231127 14454
20231128 14454
