20230707 75096
20230709 75061
20230710 74990
20230711 74971
20230712 74791
20230713 74774
20230714 74759
20230715 74708
20230730 74185
20230731 74130
20230801 74114
20230802 74114
20230803 74095
20230802 74114
20230804 74065
20230802 74114
20230805 74062
20230802 74114
20230806 74032
20230802 74114
20230807 74013
20230802 74114
20230808 74003
20230802 74114
20230809 73989
20230802 74114
20230810 73992
20230802 74114
20230811 74007
20230802 74114
20230812 74006
20230802 74114
20230813 73980
20230802 74114
20230815 73953
20230802 74114
20230816 73956
20230802 74114
20230817 73914
20230802 74114
20230818 73909
20230802 74114
20230819 73914
20230820 73914
20230821 73902
20230820 73914
20230822 73885
20230820 73914
20230823 73822
20230820 73914
20230824 73828
20230820 73914
20230825 73807
20230820 73914
20230826 73798
20230820 73914
20230827 73784
20230820 73914
20230828 73828
20230829 73828
20230830 73824
20230829 73828
20230831 73795
20230829 73828
20230901 73810
20230902 73810
20230903 73784
20230902 73810
20230904 73772
20230902 73810
20230905 73735
20230902 73810
20230906 73748
20230902 73810
20230907 73755
20230902 73810
20230908 73763
20230902 73810
20230909 73730
20230902 73810
20230910 73704
20230902 73810
20230911 73648
20230902 73810
20230912 73604
20230902 73810
20230913 73553
20230902 73810
20230914 73523
20230902 73810
20230915 73499
20230902 73810
20230916 73448
20230902 73810
20230917 73390
20230902 73810
20230918 73340
20230902 73810
20230919 73306
20230902 73810
20230920 51149
20230902 73810
20230921 51098
20230902 73810
20230922 51086
20230902 73810
20230923 51072
20230926 51072
20230927 50982
20230926 51072
20230928 50951
20230926 51072
20230929 50937
20230926 51072
20230930 50912
20230926 51072
20231001 50902
20231002 50902
20231003 50864
20231002 50902
20231005 50821
20231002 50902
20231007 50797
20231002 50902
20231008 50784
20231009 50784
20231010 50734
20231009 50784
20231011 50697
20231009 50784
20231012 50667
20231009 50784
20231013 50643
20231009 50784
20231014 50635
20231015 50635
20231016 50613
20231015 50635
20231017 50562
20231015 50635
20231018 50530
20231015 50635
20231019 50507
20231015 50635
20231020 50481
20231015 50635
20231021 50467
20231015 50635
20231022 50473
20231015 50635
20231023 50450
20231015 50635
20231024 50433
20231015 50635
20231025 50409
20231015 50635
20231026 50395
20231027 50395
20231028 50385
20231027 50395
20231029 50342
20231027 50395
20231030 50309
20231027 50395
20231031 50288
20231027 50395
20231101 50264
20231027 50395
20231102 50246
20231027 50395
20231103 50238
20231027 50395
20231104 50226
20231027 50395
20231105 50209
20231027 50395
20231106 50195
20231027 50395
20231107 50166
20231027 50395
20231108 50139
20231027 50395
20231109 50109
20231027 50395
20231110 50053
20231027 50395
20231111 50027
20231115 50027
20231116 49911
20231115 50027
20231117 49894
20231115 50027
20231118 49865
20231115 50027
20231120 49771
20231115 50027
20231121 49697
20231115 50027
20231122 49655
20231115 50027
20231123 49606
20231115 50027
20231124 49567
20231115 50027
20231125 49546
20231115 50027
20231126 49526
20231115 50027
20231127 49500
20231115 50027
20231128 49481
20231115 50027
20231129 49463
20231115 50027
20231130 49430
20231115 50027
20231201 49404
20231115 50027
20231202 49391
20231115 50027
20231203 49379
20231115 50027
20231204 49365
20231115 50027
20231205 49339
20231115 50027
20231206 49306
20231115 50027
20231207 49296
20231115 50027
20231208 49300
20231115 50027
20231209 49295
20231115 50027
20231210 49292
20231115 50027
20231211 49268
20231115 50027
20231212 49254
20231115 50027
20231213 49242
20231115 50027
20231214 49221
20231115 50027
20231215 49187
20231115 50027
20231216 49164
20231115 50027
20231217 49127
20231115 50027
20231218 49096
20231115 50027
20231219 49092
20231115 50027
20231220 49044
20231115 50027
20231221 49019
20231115 50027
20231222 48999
20231115 50027
20231223 48976
20231115 50027
20231224 48954
20231115 50027
20231225 48922
20231115 50027
20231226 48907
20231115 50027
20231227 48870
20231115 50027
20231230 48799
20231115 50027
20231231 48762
20231115 50027
20240101 48735
20231115 50027
20240102 48726
20231115 50027
20240103 48705
20231115 50027
20240104 48681
20231115 50027
20240105 48647
20231115 50027
20240106 48617
20231115 50027
20240107 48584
20231115 50027
20240108 48554
20231115 50027
20240109 48535
20240110 48535
20240111 48452
20240110 48535
20240112 48427
20240110 48535
20240113 48412
20240110 48535
20240114 48405
20240110 48535
20240115 48361
20240110 48535
20240116 48338
20240110 48535
20240117 48310
20240118 48310
20240119 48302
20240118 48310
20240120 48280
20240118 48310
20240121 48270
20240118 48310
20240122 48249
20240118 48310
20240124 48211
20240118 48310
20240125 48204
20240129 48204
20240130 48157
20240129 48204
20240131 48145
20240129 48204
20240201 48141
20240129 48204
20240202 48130
20240129 48204
20240203 48131
20240129 48204
20240204 48114
20240129 48204
20240205 48089
20240129 48204
20240206 48067
20240129 48204
20240207 48059
20240129 48204
20240208 48036
20240129 48204
20240209 48026
20240129 48204
20240210 48003
20240129 48204
20240211 47986
20240129 48204
20240212 47969
20240129 48204
20240213 47949
20240129 48204
20240214 47918
20240129 48204
20240215 47901
20240129 48204
20240216 47867
20240129 48204
20240217 47845
20240129 48204
20240218 47843
20240129 48204
20240219 47801
20240129 48204
20240220 47782
20240129 48204
20240221 47763
20240129 48204
20240222 47742
20240129 48204
20240223 47723
20240129 48204
20240224 47703
20240129 48204
20240225 47676
20240129 48204
20240226 47650
20240129 48204
20240227 47615
20240129 48204
20240228 47583
20240129 48204
20240229 47564
20240129 48204
20240301 47551
20240129 48204
20240302 47543
20240129 48204
20240303 47516
20240129 48204
20240304 47497
20240129 48204
20240305 47472
20240129 48204
20240306 47466
20240129 48204
20240307 47464
20240129 48204
20240308 47442
20240129 48204
20240309 47427
20240129 48204
20240310 47404
20240129 48204
20240311 47381
20240129 48204
20240312 47361
20240129 48204
20240313 47340
20240129 48204
20240314 47311
20240129 48204
20240315 47293
20240129 48204
20240316 47264
20240129 48204
20240317 47246
20240129 48204
20240318 47217
20240129 48204
20240319 47198
20240129 48204
20240320 47180
20240129 48204
20240321 47165
20240129 48204
20240322 47144
20240129 48204
20240323 47119
20240129 48204
20240324 47086
20240129 48204
20240325 47059
20240129 48204
20240326 47045
20240129 48204
20240327 47017
20240129 48204
20240328 46984
20240129 48204
20240329 46967
20240129 48204
20240330 46937
20240129 48204
20240331 46921
20240129 48204
20240401 46909
20240129 48204
20240402 46874
20240129 48204
20240403 46860
20240129 48204
20240404 46838
20240129 48204
20240405 46805
20240129 48204
20240406 46790
20240407 46790
20240408 46750
20240407 46790
20240409 46727
20240407 46790
20240410 46700
20240407 46790
20240411 46647
20240407 46790
20240412 46612
20240407 46790
20240413 46623
20240407 46790
20240415 46581
20240407 46790
20240416 46543
20240407 46790
20240417 46510
20240407 46790
20240418 46457
20240407 46790
20240419 46437
20240407 46790
20240420 46390
20240407 46790
20240421 46356
20240407 46790
20240422 46331
20240407 46790
20240423 46304
20240407 46790
20240424 46279
20240407 46790
20240425 46238
20240407 46790
20240426 46213
20240407 46790
20240427 46203
20240407 46790
20240428 46172
20240407 46790
20240429 46153
20240407 46790
20240430 46111
20240407 46790
20240501 46084
20240407 46790
20240503 46036
20240407 46790
20240504 46007
20240407 46790
20240505 46000
20240407 46790
20240506 45979
20240407 46790
20240507 45967
20240407 46790
20240508 45954
20240407 46790
20240509 45928
20240407 46790
20240510 45894
20240407 46790
20240511 45866
20240407 46790
20240512 45679
20240407 46790
20240513 45546
20240407 46790
20240514 45494
20240407 46790
20240515 45431
20240407 46790
20240516 45357
20240517 45357
20240518 45324
20240517 45357
20240519 45297
20240517 45357
20240520 45274
20240517 45357
20240521 45253
20240517 45357
20240522 45221
20240517 45357
20240523 45196
20240517 45357
20240524 45171
20240517 45357
20240525 45390
20240517 45357
20240526 45371
20240517 45357
20240527 45341
20240517 45357
20240528 45306
20240517 45357
20240529 45273
20240517 45357
20240530 45252
20240517 45357
20240531 45222
20240601 45222
20240602 45178
20240601 45222
20240603 45164
20240601 45222
20240604 45134
20240605 45134
20240606 45252
20240605 45134
20240609 45494
20240605 45134
20240611 45734
20240605 45134
20240612 45757
20240605 45134
20240613 45839
20240605 45134
20240614 45852
20240605 45134
20240615 45843
20240616 45843
20240617 45767
20240616 45843
20240618 45755
20240616 45843
20240620 45549
20240616 45843
20240621 45558
20240616 45843
20240622 45550
20240616 45843
20240623 45539
20240616 45843
20240624 45535
20240616 45843
20240626 45495
20240616 45843
20240627 45484
20240616 45843
20240628 45460
20240616 45843
20240629 45440
20240616 45843
20240630 45348
20240616 45843
20240701 45332
20240616 45843
20240702 45313
20240616 45843
20240703 45305
20240616 45843
20240704 45285
20240616 45843
20240705 45273
20240616 45843
20240706 45276
20240616 45843
20240707 45264
20240616 45843
20240708 45242
20240616 45843
20240709 45248
20240616 45843
20240710 45245
20240616 45843
20240711 45248
20240616 45843
20240712 45243
20240616 45843
20240713 45231
20240616 45843
20240714 45236
20240616 45843
20240715 45222
20240616 45843
20240716 45224
20240616 45843
20240717 45231
20240616 45843
20240718 45229
20240616 45843
20240719 45230
20240616 45843
20240720 45248
20240616 45843
20240721 45244
20240616 45843
20240722 45230
20240616 45843
20240723 45222
20240724 45222
20240725 45215
20240724 45222
20240726 45187
20240724 45222
20240727 45191
20240724 45222
20240728 45170
20240724 45222
20240729 45174
20240724 45222
20240730 45163
20240724 45222
20240731 45162
20240724 45222
20240801 45150
20240724 45222
20240802 45136
20240724 45222
20240803 45126
20240724 45222
20240804 45114
20240724 45222
20240805 45111
20240808 45111
20240809 45092
20240808 45111
20240810 45087
20240808 45111
20240811 45075
20240808 45111
20240812 45063
20240808 45111
20240813 45074
20240808 45111
20240814 45077
20240815 45077
20240816 45054
20240817 45054
20240818 45037
20240817 45054
20240819 45030
20240817 45054
20240820 45055
20240907 45055
20240908 44902
20240907 45055
20240909 44892
20240907 45055
20240910 44885
20240907 45055
20240911 44874
20240907 45055
20240912 44878
20240913 44878
20240914 44885
20240915 44878
20240913 44878
20240916 44876
20240917 44876
20240918 44882
20240917 44876
20240919 44865
20240917 44876
20240920 44866
20240917 44876
20240921 44881
20240917 44876
20240921 44885
20240922 44885
20240925 44884
20240922 44885
20240926 44876
20240922 44885
20240927 44884
20240922 44885
20240928 44911
20240922 44885
20240929 44892
20240922 44885
20240930 44886
20240922 44885
20241001 44879
20241001 44879
