20230707 3
20230919 3
20230920 2
20231107 2
20231108 3
20240624 3
20240626 3
20240627 3
20240628 3
20240629 3
20240630 3
20240701 3
20240702 3
20240703 3
20240704 3
20240705 3
20240706 3
20240707 3
20240708 3
20240709 3
20240710 3
20240711 3
20240712 3
20240713 3
20240714 3
20240715 3
20240716 3
20240717 3
20240718 3
20240719 3
20240720 3
20240721 3
20240722 3
20240723 3
20240724 3
20240725 3
20240726 3
20240727 3
20240728 3
20240729 3
20240730 3
20240731 3
20240801 3
20240802 3
20240803 3
20240804 3
20240805 3
20240806 3
20240807 3
20240808 3
20240809 3
20240810 3
20240811 3
20240812 3
20240813 3
20240814 3
20240815 3
20240816 3
20240817 3
20240818 3
20240819 3
20240820 3
20240821 3
20240822 3
20240823 3
20240824 3
20240825 3
20240826 3
20240827 3
20240828 3
20240829 3
