20230707 24063
20230709 24052
20230710 24019
20230711 24020
20230712 24009
20230713 24015
20230714 24025
20230715 24012
20230730 23989
20230731 23980
20230801 23984
20230802 23979
20230803 23974
20230804 23966
20230805 23968
20230806 23954
20230807 23959
20230808 23968
20230809 23970
20230810 23973
20230811 23971
20230812 23959
20230813 23952
20230815 23946
20230816 23951
20230817 23962
20230818 23960
20230819 23958
20230820 23952
20230821 23958
20230822 23960
20230823 23968
20230824 23966
20230825 23968
20230826 23965
20230827 23962
20230828 23963
20230829 23953
20230830 23958
20230831 23966
20230901 23963
20230902 23972
20230903 23970
20230904 23975
20230905 23988
20230906 24002
20230907 24001
20230908 24002
20230909 24005
20230910 24001
20230911 23996
20230912 23995
20230913 23985
20230914 23988
20230915 23998
20230916 23999
20230917 23998
20230918 23995
20230919 23996
20230920 19862
20230921 19870
20230922 19864
20230923 19858
20230924 19855
20230925 19843
20230926 19844
20230927 19852
20230928 19848
20230929 19846
20230930 19843
20231001 19839
20231002 19829
20231003 19828
20231005 19856
20231007 19862
20231008 19865
20231009 19861
20231010 19862
20231011 19856
20231012 19859
20231013 19857
20231014 19854
20231015 19845
20231016 19836
20231017 19823
20231018 19827
