20230707 7586
20230709 7584
20230710 7585
20230711 7596
20230712 7595
20230713 7601
20230714 7602
20230715 7605
20230730 7590
20230731 7593
20230801 7595
20230802 7602
20230803 7601
20230804 7601
20230805 7605
20230804 7601
20230806 7604
20230804 7601
20230807 7597
20230804 7601
20230808 7598
20230804 7601
20230809 7592
20230804 7601
20230810 7595
20230811 7601
20230804 7601
20230812 7600
20230813 7600
20230815 7599
20230813 7600
20230816 7593
20230813 7600
20230817 7591
20230813 7600
20230818 7590
20230813 7600
20230819 7587
20230813 7600
20230820 7590
20230813 7600
20230821 7585
20230813 7600
20230822 7582
20230813 7600
20230823 7576
20230813 7600
20230824 7575
20230813 7600
20230825 7579
20230813 7600
20230826 7577
20230830 7577
20230831 7582
20230830 7577
20230901 7587
20230830 7577
20230902 7589
20230830 7577
20230903 7586
20230830 7577
20230904 7585
20230830 7577
20230905 7587
20230830 7577
20230906 7592
20230830 7577
20230907 7589
20230830 7577
20230908 7591
20230830 7577
20230909 7592
20230830 7577
20230910 7591
20230830 7577
20230911 7586
20230830 7577
20230912 7592
20230830 7577
20230913 7593
20230830 7577
20230914 7592
20230830 7577
20230915 7599
20230830 7577
20230916 7598
20230830 7577
20230917 7593
20230830 7577
20230918 7595
20230919 7595
20230920 7099
20230919 7595
20230921 7092
20230919 7595
20230922 7098
20230919 7595
20230923 7097
20230924 7097
20230925 7094
20230924 7097
20230926 7095
20230924 7097
20230927 7092
20230928 7092
20230929 7084
20230928 7092
20230930 7086
20230928 7092
20231001 7082
20230928 7092
20231002 7084
20230928 7092
20231003 7077
20231005 7077
20231007 7076
20231005 7077
20231008 7078
20231005 7077
20231009 7073
20231005 7077
20231010 7072
20231005 7077
20231011 7076
20231005 7077
20231012 7074
20231005 7077
20231013 7069
20231005 7077
20231014 7063
20231005 7077
20231015 7061
20231005 7077
20231016 7058
20231005 7077
20231017 7056
20231005 7077
20231018 7059
20231005 7077
20231019 7057
20231022 7057
20231023 7058
20231022 7057
20231024 7056
20231025 7057
20231022 7057
20231026 7062
20231022 7057
20231027 7064
20231022 7057
20231028 7063
20231022 7057
20231029 7065
20231022 7057
20231030 7064
20231022 7057
20231031 7070
20231101 7070
20231102 7069
20231101 7070
20231103 7072
20231105 7072
20231106 7071
20231105 7072
20231107 7069
20231105 7072
20231108 7073
20231105 7072
20231109 7081
20231105 7072
20231110 7079
20231105 7072
20231111 7080
20231105 7072
20231112 7082
20231105 7072
20231113 7084
20231105 7072
20231114 7085
20231105 7072
20231115 7082
20231116 7082
20231117 7086
20231118 7082
20231116 7082
20231120 7080
20231121 7082
20231116 7082
20231122 7074
20231116 7082
20231123 7067
20231116 7082
20231124 7065
20231116 7082
20231125 7061
20231116 7082
20231126 7059
20231127 7059
20231128 7056
20231127 7059
20231129 7165
20231127 7059
20231130 7168
20231201 7168
20231202 7174
20231201 7168
20231203 7175
20231201 7168
20231204 7174
20231201 7168
20231205 7176
20231201 7168
20231206 7177
20231208 7177
20231209 7176
20231208 7177
20231210 7178
20231208 7177
20231211 7181
20231213 7181
20231214 7186
20231213 7181
20231215 7190
20231213 7181
20231216 7194
20231213 7181
20231217 7195
20231213 7181
20231218 7192
20231213 7181
20231219 7190
20231213 7181
20231220 7192
20231213 7181
20231221 7193
20231213 7181
20231222 7194
20231213 7181
20231223 7171
20231213 7181
20231224 7172
20231213 7181
20231225 7167
20231213 7181
20231226 7163
20231213 7181
20231227 7161
20231213 7181
20231230 7166
20231213 7181
20231231 7164
20231213 7181
20240101 7165
20240102 7165
20240103 7166
20240102 7165
20240104 7168
20240102 7165
20240105 7166
20240102 7165
20240106 7186
20240102 7165
20240107 7188
20240102 7165
20240108 7194
20240102 7165
20240109 7193
20240102 7165
20240110 7190
20240102 7165
20240111 7217
20240102 7165
20240112 7218
20240102 7165
20240113 7227
20240102 7165
20240114 7228
20240102 7165
20240115 7227
20240102 7165
20240116 7233
20240102 7165
20240117 7239
20240102 7165
20240118 7246
20240102 7165
20240119 7247
20240120 7247
20240121 7251
20240120 7247
20240122 7249
20240120 7247
20240124 7251
20240120 7247
20240125 7254
20240126 7254
20240127 7258
20240126 7254
20240128 7259
20240126 7254
20240129 7261
20240130 7261
20240131 7263
20240201 7261
20240130 7261
20240202 7267
20240130 7261
20240203 7274
20240130 7261
20240204 7277
20240205 7277
20240206 7280
20240205 7277
20240207 7285
20240205 7277
20240208 7293
20240205 7277
20240209 7292
20240210 7292
20240211 7294
20240210 7292
20240212 7300
20240210 7292
20240213 7307
20240214 7307
20240215 7311
20240214 7307
20240216 7303
20240214 7307
20240217 7283
20240214 7307
20240218 7280
20240214 7307
20240219 7279
20240214 7307
20240220 7278
20240214 7307
20240221 7277
20240214 7307
20240222 7286
20240214 7307
20240223 7293
20240214 7307
20240224 7294
20240214 7307
20240225 7292
20240214 7307
20240226 7277
20240214 7307
20240227 7281
20240214 7307
20240228 7285
20240214 7307
20240229 7291
20240214 7307
20240301 7295
20240214 7307
20240302 7294
20240214 7307
20240303 7293
20240214 7307
20240304 7290
20240214 7307
20240305 7288
20240214 7307
20240306 7290
20240214 7307
20240307 7289
20240214 7307
20240308 7291
20240214 7307
20240309 7294
20240214 7307
20240310 7296
20240214 7307
20240311 7289
20240214 7307
20240312 7290
20240214 7307
20240313 7293
20240214 7307
20240314 7289
20240214 7307
20240315 7287
20240214 7307
20240316 7293
20240214 7307
20240317 7294
20240214 7307
20240318 7290
20240214 7307
20240319 7292
20240214 7307
20240320 7288
20240214 7307
20240321 7283
20240214 7307
20240322 7285
20240214 7307
20240323 7289
20240214 7307
20240324 7290
20240325 7290
20240326 7289
20240325 7290
20240327 7292
20240328 7292
20240329 7288
20240328 7292
20240330 7284
20240328 7292
20240331 7297
20240328 7292
20240401 7301
20240328 7292
20240402 7300
20240328 7292
20240403 7303
20240328 7292
20240404 7307
20240328 7292
20240405 7304
20240328 7292
20240406 7306
20240328 7292
20240407 7307
20240328 7292
20240408 7308
20240328 7292
20240409 7311
20240410 7311
20240411 7309
20240410 7311
20240412 7307
20240410 7311
20240413 7309
20240415 7309
20240416 7308
20240415 7309
20240417 7306
20240415 7309
20240418 7300
20240415 7309
20240419 7304
20240420 7309
20240421 7309
20240422 7311
20240421 7309
20240423 7313
20240421 7309
20240424 7310
20240421 7309
20240425 7308
20240426 7309
20240421 7309
20240427 7310
20240421 7309
20240428 7316
20240421 7309
20240429 7323
20240421 7309
20240430 7324
20240421 7309
20240501 7326
20240421 7309
20240503 7328
20240421 7309
20240504 7326
20240421 7309
20240505 7324
20240506 7324
20240507 7321
20240506 7324
20240508 7329
20240506 7324
20240509 7328
20240506 7324
20240510 7319
20240506 7324
20240511 7317
20240506 7324
20240512 7316
20240506 7324
20240513 7319
20240506 7324
20240514 7320
20240506 7324
20240515 7317
20240506 7324
20240516 7318
20240506 7324
20240517 7326
20240518 7326
20240519 7324
20240518 7326
20240520 7322
20240518 7326
20240521 7327
20240522 7327
20240523 7331
20240522 7327
20240524 7332
20240522 7327
20240525 7337
20240522 7327
20240526 7340
20240522 7327
20240527 7337
20240522 7327
20240528 7334
20240530 7334
20240531 7335
20240530 7334
20240601 7340
20240530 7334
20240602 7342
20240603 7342
20240604 7344
20240603 7342
20240605 7347
20240603 7342
20240606 7350
20240603 7342
20240609 7335
20240603 7342
20240611 7322
20240603 7342
20240612 7315
20240603 7342
20240613 7310
20240603 7342
20240614 7311
20240603 7342
20240615 7308
20240603 7342
20240616 7305
20240603 7342
20240617 7301
20240603 7342
20240618 7298
20240603 7342
20240620 7306
20240603 7342
20240621 7308
20240603 7342
20240622 7311
20240603 7342
20240623 7315
20240603 7342
20240624 7318
20240603 7342
20240626 7321
20240603 7342
20240627 7318
20240603 7342
20240628 7316
20240603 7342
20240629 7314
20240603 7342
20240630 7306
20240603 7342
20240701 7304
20240702 7304
20240703 7302
20240702 7304
20240704 7305
20240702 7304
20240705 7306
20240702 7304
20240706 7305
20240702 7304
20240707 7303
20240702 7304
20240708 7301
20240709 7304
20240702 7304
20240710 7306
20240702 7304
20240711 7307
20240702 7304
20240712 7308
20240702 7304
20240713 7307
20240702 7304
20240714 7305
20240702 7304
20240715 7302
20240716 7304
20240702 7304
20240717 7307
20240702 7304
20240718 7310
20240702 7304
20240719 7312
20240720 7312
20240721 7311
20240720 7312
20240722 7316
20240720 7312
20240723 7317
20240724 7317
20240725 7325
20240724 7317
20240726 7327
20240724 7317
20240727 7325
20240728 7325
20240729 7328
20240728 7325
20240730 7327
20240731 7325
20240728 7325
20240801 7324
20240728 7325
20240802 7326
20240728 7325
20240803 7322
20240728 7325
20240804 7313
20240728 7325
20240805 7312
20240728 7325
20240806 7306
20240728 7325
20240807 7269
20240728 7325
20240808 7263
20240728 7325
20240809 7262
20240728 7325
20240810 7265
20240728 7325
20240811 7260
20240728 7325
20240812 7249
20240728 7325
20240813 7250
20240728 7325
20240814 7117
20240728 7325
20240815 7105
20240728 7325
20240816 7059
20240728 7325
20240817 7060
20240728 7325
20240818 7059
20240728 7325
20240819 7056
20240728 7325
20240820 7055
20240728 7325
20240821 7051
20240728 7325
20240822 7063
20240728 7325
20240823 7071
20240728 7325
20240824 7085
20240728 7325
20240825 7082
20240728 7325
20240826 7077
20240728 7325
20240827 7076
20240828 7076
20240829 7070
20240828 7076
20240830 7071
20240828 7076
20240831 7069
20240828 7076
20240901 7068
20240828 7076
20240902 7063
20240828 7076
20240903 7066
20240828 7076
20240904 7071
20240828 7076
20240905 7075
20240828 7076
20240906 7078
20240828 7076
20240907 7084
20240828 7076
20240908 7085
20240828 7076
20240909 7088
20240828 7076
20240910 7089
20240828 7076
20240911 7095
20240912 7095
20240913 7097
20240912 7095
20240914 7113
20240912 7095
20240915 7111
20240912 7095
20240916 7113
20240917 7113
20240918 7110
20240917 7113
20240919 7119
20240917 7113
20240920 7120
20240917 7113
20240921 7122
20240917 7113
20240921 7124
20240922 7124
20240925 7135
20240922 7124
20240926 7215
20240922 7124
20240927 7223
20240922 7124
20240928 7222
20240922 7124
20240929 7229
20240922 7124
20240930 7233
20240922 7124
20241001 7238
20241001 7238
