20230707 14667
20230709 14659
20230710 14654
20230711 14657
20230712 14662
20230713 14669
20230714 14680
20230715 14683
20230730 14672
20230731 14672
20230801 14677
20230731 14672
20230802 14684
20230731 14672
20230803 14690
20230731 14672
20230804 14685
20230731 14672
20230805 14686
20230731 14672
20230806 14683
20230807 14683
20230808 14757
20230807 14683
20230809 14754
20230807 14683
20230810 14757
20230807 14683
20230811 14759
20230807 14683
20230812 14756
20230807 14683
20230813 14759
20230807 14683
20230815 14765
20230807 14683
20230816 14778
20230807 14683
20230817 14787
20230807 14683
20230818 14791
20230807 14683
20230819 14788
20230807 14683
20230820 14786
20230807 14683
20230821 14785
20230807 14683
20230822 14780
20230807 14683
20230823 14775
20230807 14683
20230824 14771
20230825 14771
20230826 14780
20230825 14771
20230827 14775
20230825 14771
20230828 14770
20230825 14771
20230829 14777
20230825 14771
20230830 14776
20230825 14771
20230831 14773
20230825 14771
20230901 14782
20230825 14771
20230902 14779
20230825 14771
20230903 14777
20230825 14771
20230904 14767
20230825 14771
20230905 14765
20230906 14771
20230825 14771
20230907 14785
20230825 14771
20230908 14776
20230825 14771
20230909 14785
20230825 14771
20230910 14784
20230825 14771
20230911 14782
20230825 14771
20230912 14789
20230825 14771
20230913 14790
20230825 14771
20230914 14794
20230825 14771
20230915 14789
20230825 14771
20230916 14786
20230825 14771
20230917 14801
20230825 14771
20230918 14798
20230919 14798
20230920 13486
20230919 14798
20230921 13475
20230919 14798
20230922 13480
20230919 14798
20230923 13484
20230919 14798
20230924 13476
20230919 14798
20230925 13462
20230919 14798
20230926 13458
20230919 14798
20230927 13461
20230928 13461
20230929 13457
20230930 13457
20231001 13443
20230930 13457
20231002 13426
20230930 13457
20231003 13424
20230930 13457
20231005 13432
20230930 13457
20231007 13437
20231008 13437
20231009 13432
20231008 13437
20231010 13421
20231008 13437
20231011 13423
20231008 13437
20231012 13421
20231008 13437
20231013 13419
20231008 13437
20231014 13420
20231008 13437
20231015 13409
20231008 13437
20231016 13392
20231008 13437
20231017 13383
20231008 13437
20231018 13387
20231008 13437
20231019 13390
20231008 13437
20231020 13393
20231021 13393
20231022 13380
20231021 13393
20231023 13382
20231021 13393
20231024 13389
20231021 13393
20231025 13394
20231021 13393
20231026 13391
20231021 13393
20231027 13394
20231021 13393
20231028 13405
20231021 13393
20231029 13407
20231021 13393
20231030 13417
20231021 13393
20231031 13414
20231021 13393
20231101 13431
20231021 13393
20231102 13430
20231021 13393
20231103 13431
20231021 13393
20231104 13434
20231021 13393
20231105 13436
20231021 13393
20231106 13434
20231021 13393
20231107 13437
20231021 13393
20231108 13439
20231021 13393
20231109 13435
20231021 13393
20231110 13443
20231021 13393
20231111 13438
20231021 13393
20231112 13431
20231113 13431
20231114 13428
20231113 13431
20231115 13432
20231113 13431
20231116 13445
20231113 13431
20231117 13447
20231113 13431
20231118 13438
20231113 13431
20231120 13429
20231113 13431
20231121 13425
20231113 13431
20231122 13424
20231113 13431
20231123 13421
20231113 13431
20231124 13419
20231113 13431
20231125 13418
20231113 13431
20231126 13410
20231113 13431
20231127 13402
20231113 13431
20231128 13400
20231113 13431
20231129 13407
20231113 13431
20231130 13406
20231113 13431
20231201 13409
20231113 13431
20231202 13421
20231113 13431
20231203 13415
20231113 13431
20231204 13407
20231113 13431
20231205 13401
20231206 13401
20231207 13395
20231206 13401
20231208 13389
20231206 13401
20231209 13384
20231206 13401
20231210 13382
20231206 13401
20231211 13389
20231206 13401
20231212 13386
20231206 13401
20231213 13389
20231206 13401
20231214 13402
20231206 13401
20231215 13406
20231206 13401
20231216 13411
20231206 13401
20231217 13410
20231206 13401
20231218 13408
20231206 13401
20231219 13402
20231220 13401
20231206 13401
20231221 13393
20231206 13401
20231222 13407
20231206 13401
20231223 13400
20231206 13401
20231224 13393
20231206 13401
20231225 13385
20231206 13401
20231226 13382
20231206 13401
20231227 13373
20231206 13401
20231230 13383
20231206 13401
20231231 13382
20231206 13401
20240101 13375
20240102 13375
20240103 13381
20240102 13375
20240104 13383
20240102 13375
20240105 13395
20240102 13375
20240106 13413
20240102 13375
20240107 13411
20240102 13375
20240108 13404
20240102 13375
20240109 13412
20240102 13375
20240110 13434
20240102 13375
20240111 13467
20240102 13375
20240112 13475
20240102 13375
20240113 13484
20240102 13375
20240114 13480
20240102 13375
20240115 13474
20240102 13375
20240116 13480
20240102 13375
20240117 13488
20240102 13375
20240118 13490
20240102 13375
20240119 13504
20240102 13375
20240120 13505
20240102 13375
20240121 13507
20240102 13375
20240122 13506
20240102 13375
20240124 13514
20240102 13375
20240125 13513
20240102 13375
20240126 13509
20240102 13375
20240127 13513
20240102 13375
20240128 13504
20240102 13375
20240129 13510
20240102 13375
20240130 13515
20240102 13375
20240131 13531
20240102 13375
20240201 13534
20240102 13375
20240202 13539
20240102 13375
20240203 13546
20240102 13375
20240204 13548
20240102 13375
20240205 13545
20240102 13375
20240206 13556
20240102 13375
20240207 13567
20240102 13375
20240208 13568
20240102 13375
20240209 13570
20240102 13375
20240210 13572
20240211 13572
20240212 13581
20240211 13572
20240213 13594
20240211 13572
20240214 13601
20240211 13572
20240215 13614
20240211 13572
20240216 13624
20240211 13572
20240217 13629
20240211 13572
20240218 13624
20240211 13572
20240219 13628
20240211 13572
20240220 13633
20240211 13572
20240221 13639
20240211 13572
20240222 13653
20240211 13572
20240223 13661
20240211 13572
20240224 13666
20240211 13572
20240225 13665
20240211 13572
20240226 13667
20240211 13572
20240227 13674
20240211 13572
20240228 13683
20240211 13572
20240229 13694
20240211 13572
20240301 13695
20240211 13572
20240302 13703
20240211 13572
20240303 13705
20240211 13572
20240304 13709
20240211 13572
20240305 13710
20240211 13572
20240306 13718
20240211 13572
20240307 13735
20240211 13572
20240308 13733
20240211 13572
20240309 13747
20240211 13572
20240310 13739
20240211 13572
20240311 13732
20240211 13572
20240312 13740
20240211 13572
20240313 13738
20240211 13572
20240314 13748
20240211 13572
20240315 13756
20240211 13572
20240316 13752
20240211 13572
20240317 13749
20240211 13572
20240318 13740
20240211 13572
20240319 13748
20240211 13572
20240320 13754
20240211 13572
20240321 13760
20240211 13572
20240322 13757
20240211 13572
20240323 13760
20240211 13572
20240324 13764
20240211 13572
20240325 13760
20240211 13572
20240326 13767
20240211 13572
20240327 13775
20240211 13572
20240328 13784
20240211 13572
20240329 13793
20240211 13572
20240330 13782
20240331 13782
20240401 13786
20240402 13786
20240403 13794
20240402 13786
20240404 13795
20240402 13786
20240405 13800
20240402 13786
20240406 13813
20240402 13786
20240407 13812
20240402 13786
20240408 13796
20240402 13786
20240409 13803
20240402 13786
20240410 13800
20240402 13786
20240411 13805
20240402 13786
20240412 13813
20240402 13786
20240413 13818
20240402 13786
20240415 13816
20240402 13786
20240416 13826
20240402 13786
20240417 13833
20240402 13786
20240418 13838
20240402 13786
20240419 13842
20240402 13786
20240420 13858
20240421 13858
20240422 13845
20240421 13858
20240423 13843
20240424 13858
20240421 13858
20240425 13861
20240421 13858
20240426 13853
20240427 13853
20240428 13856
20240427 13853
20240429 13860
20240427 13853
20240430 13863
20240427 13853
20240501 13865
20240427 13853
20240503 13883
20240427 13853
20240504 13890
20240427 13853
20240505 13896
20240507 13896
20240508 13899
20240507 13896
20240509 13903
20240507 13896
20240510 13918
20240507 13896
20240511 13921
20240507 13896
20240512 13924
20240507 13896
20240513 13932
20240507 13896
20240514 13937
20240507 13896
20240515 13944
20240516 13944
20240517 13953
20240516 13944
20240518 13964
20240516 13944
20240519 13965
20240516 13944
20240520 13964
20240516 13944
20240521 13970
20240516 13944
20240522 13975
20240516 13944
20240523 13979
20240516 13944
20240524 13985
20240516 13944
20240525 13980
20240516 13944
20240526 13975
20240516 13944
20240527 13966
20240516 13944
20240528 13969
20240516 13944
20240529 13978
20240516 13944
20240530 13984
20240516 13944
20240531 13991
20240516 13944
20240601 13997
20240516 13944
20240602 13998
20240516 13944
20240603 13994
20240516 13944
20240604 13992
20240516 13944
20240605 13990
20240516 13944
20240606 13999
20240516 13944
20240609 14000
20240516 13944
20240611 13995
20240516 13944
20240612 13987
20240516 13944
20240613 13991
20240516 13944
20240614 13993
20240516 13944
20240615 13994
20240516 13944
20240616 13988
20240617 13988
20240618 13992
20240617 13988
20240620 14007
20240617 13988
20240621 14017
20240617 13988
20240622 14023
20240617 13988
20240623 14017
20240617 13988
20240624 14018
20240617 13988
20240626 14027
20240617 13988
20240627 14036
20240617 13988
20240628 14044
20240617 13988
20240629 14048
20240617 13988
20240630 14044
20240617 13988
20240701 14040
20240617 13988
20240702 14043
20240617 13988
20240703 14038
20240617 13988
20240704 14042
20240617 13988
20240705 14049
20240617 13988
20240706 14039
20240617 13988
20240707 14036
20240708 14036
20240709 14040
20240708 14036
20240710 14047
20240708 14036
20240711 14048
20240708 14036
20240712 14064
20240708 14036
20240713 14066
20240708 14036
20240714 14057
20240708 14036
20240715 14048
20240708 14036
20240716 14047
20240708 14036
20240717 14053
20240708 14036
20240718 14056
20240708 14036
20240719 14058
20240708 14036
20240720 14057
20240721 14057
20240722 14050
20240721 14057
20240723 14060
20240724 14060
20240725 14072
20240724 14060
20240726 14071
20240724 14060
20240727 14067
20240724 14060
20240728 14056
20240729 14056
20240730 14058
20240731 14058
20240801 14059
20240731 14058
20240802 14054
20240731 14058
20240803 14051
20240731 14058
20240804 14044
20240731 14058
20240805 14035
20240731 14058
20240806 14039
20240731 14058
20240807 14041
20240731 14058
20240808 14042
20240731 14058
20240809 14039
20240731 14058
20240810 14036
20240731 14058
20240811 14035
20240731 14058
20240812 14030
20240731 14058
20240813 14039
20240731 14058
20240814 14034
20240815 14034
20240816 14040
20240815 14034
20240817 14041
20240815 14034
20240818 13972
20240815 14034
20240819 13967
20240815 14034
20240820 13970
20240815 14034
20240821 13991
20240822 13991
20240823 14051
20240822 13991
20240824 14054
20240822 13991
20240825 14049
20240822 13991
20240826 14051
20240822 13991
20240827 14053
20240822 13991
20240828 14068
20240822 13991
20240829 14071
20240830 14071
20240831 14066
20240830 14071
20240901 14096
20240830 14071
20240902 14097
20240830 14071
20240903 14098
20240830 14071
20240904 14108
20240830 14071
20240905 14117
20240830 14071
20240906 14118
20240830 14071
20240907 14120
20240908 14120
20240909 14117
20240908 14120
20240910 14126
20240908 14120
20240911 14138
20240908 14120
20240912 14151
20240908 14120
20240913 14154
20240908 14120
20240914 14161
20240908 14120
20240915 14166
20240908 14120
20240916 14163
20240908 14120
20240917 14173
20240908 14120
20240918 14182
20240908 14120
20240919 14126
20240908 14120
20240920 14131
20240908 14120
20240921 14123
20240908 14120
20240921 14131
20240908 14120
20240922 14123
20240908 14120
20240925 14140
20240908 14120
20240926 14145
20240908 14120
20240927 14146
20240908 14120
20240928 14159
20240928 14159
