20230707 21698
20230709 21702
20230710 21686
20230711 21689
20230712 21690
20230713 21697
20230714 21686
20230715 21667
20230730 21666
20230731 21683
20230801 21691
20230802 21712
20230803 21722
20230804 21723
20230805 21721
20230806 21717
20230807 21705
20230808 21719
20230809 21731
20230810 21725
20230811 21712
20230812 21709
20230813 21709
20230815 21702
20230816 21710
20230817 21716
20230818 21710
20230819 21714
20230820 21712
20230821 21715
20230822 21716
20230823 21716
20230824 21727
20230825 21727
20230826 21738
20230827 21742
20230828 21738
20230829 21746
20230830 21756
20230831 21759
20230901 21767
20230902 21753
20230903 21753
