20230809 142834
20230810 142849
20230811 142862
20230812 142996
20230813 143029
20230815 142943
20230816 142894
20230817 142890
20230818 142898
20230819 143038
20230820 143080
20230821 143088
20230822 142989
20230823 142920
20230824 142859
20230825 142906
20230826 143026
20230827 143087
20230828 143096
20230829 143008
20230830 142925
20230831 142938
20230901 142952
20230902 143094
20230903 143159
20230904 143177
20230905 143103
20230906 143043
20230907 142970
20230908 142972
20230909 143102
20230910 143136
20230911 143149
20230912 143052
20230913 142943
20230914 142910
20230915 142876
20230916 143008
20230917 143037
20230918 143032
20230919 142908
20230920 142857
20230921 142849
20230922 142915
20230923 143040
20230924 143089
20230925 143103
20230926 143018
20230927 142881
20230928 142799
20230929 142752
20230930 142872
20231001 142821
20231002 142701
20231003 142649
20231005 142543
20231007 142566
20231008 142634
20231009 142624
20231010 142528
20231011 142481
20231012 142479
20231013 142502
20231014 142602
20231015 142615
20231016 142631
20231017 142541
20231018 142472
20231019 142416
20231020 142444
20231021 142431
20231022 142484
20231023 142501
20231024 142357
20231025 142294
20231026 142229
20231027 142273
20231028 142387
20231029 142434
20231030 142444
20231031 142342
20231101 142246
20231102 142297
20231103 142241
20231104 142378
20231105 142406
20231105 142406
20231106 142407
20231107 142322
20231108 142259
20231109 142185
20231110 142207
20231111 142317
20231112 142353
20231113 142381
20231114 142287
20231115 142230
20231116 142240
20231117 142258
20231118 142389
20231120 142445
20231121 142349
20231122 142309
20231123 142319
20231124 142305
20231125 142421
20231126 142471
20231127 142510
20231128 142397
20231129 142332
20231130 142397
20231201 142452
20231202 142542
20231203 142685
20231204 142713
20231205 142618
20231206 142582
20231207 142629
20231208 142670
20231209 142716
20231210 142757
20231210 142757
20231211 142772
20231212 142680
20231213 142602
20231214 142621
20231215 142628
20231216 142736
20231217 142767
20231218 142773
20231219 142667
20231220 142580
20231221 142594
20231222 142655
20231223 142738
20231224 142761
20231225 142762
20231226 142580
20231227 142620
20231230 142763
20231231 142790
20240101 142816
20240102 142607
20240103 142625
20240104 142624
20240105 142623
20240106 142745
20240107 142785
20240108 142810
20240109 142726
20240110 142675
20240111 142630
20240112 142654
20240113 142783
20240114 142842
20240115 142876
20240116 142799
20240117 142724
20240118 142726
20240119 142734
20240120 142878
20240121 142930
20240122 142948
20240123 142891
20240124 142807
20240125 142816
20240126 142926
20240127 143053
20240128 143130
20240129 143168
20240130 143102
20240131 143030
20240201 143054
20240202 143091
20240203 143228
20240204 143273
20240205 143282
20240206 143196
20240207 143117
20240208 143138
20240209 143134
20240210 143221
20240211 143275
20240212 143291
20240213 143198
20240214 143093
20240215 143042
20240216 143106
20240217 143224
20240218 143267
20240219 143287
20240220 143192
20240221 143097
20240222 143090
20240223 143107
20240224 143192
20240225 143221
20240226 143231
20240227 143131
20240228 143059
20240229 143066
20240301 143149
20240302 143259
20240303 143285
20240304 143297
20240305 143178
20240306 143108
20240307 143121
20240308 143157
20240309 143254
20240310 143281
20240311 143276
20240312 143191
20240313 143136
20240314 143172
20240315 143167
20240316 143268
20240317 143311
20240318 143316
20240319 143203
20240320 143124
