20230707 14002
20230709 14002
20230710 13998
20230711 14006
20230712 14004
20230713 14009
20230714 14008
20230715 14014
20230730 13946
20230731 13952
20230801 13948
20230802 13954
20230803 13963
20230804 13962
20230805 13969
20230806 13967
20230807 13963
20230808 13963
20230809 13975
20230810 13978
20230811 13979
20230812 13990
20230813 13986
20230815 13985
20230816 13992
20230817 13998
20230818 13998
20230819 14000
20230820 13999
20230821 13999
20230822 14006
20230823 14020
20230824 14017
20230825 14020
20230826 14025
20230827 14029
20230828 14035
20230829 14044
20230830 14051
