20230922 1968
20230925 1968
20230926 1969
20230927 1970
20230929 1970
20230930 1971
20231001 1974
20231003 1974
20231005 1975
20231007 1977
20231008 1979
20231009 1979
20231010 1981
20231011 1981
20231012 1984
20231013 1986
20231014 1985
20231015 1988
20231017 1988
20231018 1991
20231023 1991
20231024 1996
20231029 1996
20231030 1994
20231031 1992
20231101 1993
20231102 1994
20231103 1994
20231104 1995
20231105 1995
20231106 1994
20231107 1995
20231113 1995
20231114 1997
20231116 1997
20231117 1999
20231118 1998
20231120 2002
20231123 2002
20231124 2004
20231125 2004
20231126 2008
20231127 2009
20231128 2006
20231129 2008
20231130 2006
20231201 2007
20231202 2009
20231203 2006
20231204 2006
20231205 2004
20231206 2007
20231207 2009
20231208 2011
20231209 2014
20231210 2013
20231211 2014
20231212 2015
20231214 2015
20231215 2016
20231218 2016
20231219 2019
20231220 2022
20231222 2022
20231223 2023
20231224 2022
20231227 2022
20231230 2023
20231231 2021
20240101 2021
20240102 2022
20240103 2023
20240104 2022
20240105 2024
20240106 2022
20240111 2022
20240112 2023
20240117 2023
20240118 2019
20240119 2009
20240120 2020
20240121 2020
20240122 2025
20240124 2026
20240126 2026
20240127 2028
20240129 2028
20240130 2024
20240202 2024
20240203 2025
20240204 2025
20240205 2028
20240212 2028
20240213 2027
20240217 2027
20240218 2028
20240219 2028
20240220 2029
20240301 2029
20240302 2030
20240303 2030
20240304 2029
20240305 2030
20240307 2030
20240308 2032
20240309 2033
20240310 2033
20240311 2034
20240312 2036
20240313 2036
20240314 2037
20240315 2038
20240323 2038
20240324 2039
20240325 2040
20240328 2040
20240329 2043
20240330 2044
20240331 2044
20240401 2045
20240402 2046
20240404 2046
20240405 2047
20240406 2046
20240407 2047
20240408 2047
20240409 2045
20240410 2045
20240411 2044
20240412 2045
20240413 2045
20240415 2047
20240417 2047
20240418 2046
20240427 2046
20240428 2048
20240429 2050
20240430 2051
20240508 2051
20240509 2049
20240510 2050
20240511 2053
20240515 2053
20240516 2054
20240518 2054
20240519 2055
20240520 2055
20240521 2056
20240524 2056
20240525 2057
20240526 2057
20240527 2059
20240528 2062
20240603 2062
20240604 2063
20240605 2063
20240606 2064
20240609 2064
20240611 2066
20240612 2068
20240614 2068
20240615 2069
20240616 2070
20240618 2070
20240620 2071
20240622 2071
20240623 2072
20240624 2072
20240626 2073
20240627 2072
20240630 2072
20240701 2071
20240705 2071
20240706 2069
20240707 2069
20240708 2066
20240709 2068
20240711 2068
20240712 2070
20240714 2070
20240715 2071
20240721 2071
20240722 2074
20240723 2074
20240724 2075
20240727 2075
20240728 2076
20240729 2077
20240808 2077
20240809 2078
20240811 2078
20240812 2079
20240813 2079
20240814 2080
20240821 2080
20240822 2081
20240824 2081
20240825 2082
20240826 2083
20240827 2083
20240828 2085
20240829 2085
20240830 2084
20240831 2084
20240901 2082
20240902 2084
20240904 2084
20240905 2085
20240908 2085
20240909 2087
20240910 2087
20240911 2088
20240916 2088
20240917 2089
20240919 2089
20240920 2088
20240921 2089
20240922 2091
20240925 2093
20241003 2093
20241004 2094
20241005 2096
20241007 2096
20241008 2099
20241009 2100
20241010 2093
20241011 2094
20241012 2095
20241013 2095
20241014 2096
20241019 2096
20241020 2098
20241022 2098
20241023 2099
20241024 2098
20241025 2099
20241026 2100
20241027 2099
20241028 2098
20241029 2099
20241030 2099
20241031 2100
20241101 2100
20241102 2102
20241103 2102
20241104 2103
20241106 2103
20241107 2101
20241108 2100
20241115 2100
20241116 2099
20241117 2099
20241118 2100
20241123 2100
20241124 2101
20241125 2101
20241126 2103
20241127 2103
20241128 2100
20241129 2099
20241201 2099
20241202 2100
20241208 2100
20241209 2101
20241219 2101
20241220 2102
20241229 2102
20241230 2103
20250110 2103
20250111 2104
20250116 2104
20250117 2105
20250119 2105
20250120 2106
20250121 2106
20250122 2107
20250123 2107
20250124 2109
20250125 2110
20250127 2110
20250128 2111
20250129 2111
20250130 2112
20250131 2113
20250201 2114
20250202 2117
20250208 2117
20250210 2118
20250211 2121
20250213 2121
20250214 2123
20250215 2125
20250216 2126
20250221 2126
20250222 2127
20250223 2129
20250224 2128
20250225 2129
20250226 2129
20250227 2130
20250302 2130
20250303 2131
20250305 2131
20250306 2132
20250307 2132
20250308 2133
20250310 2133
20250311 2134
20250314 2134
20250315 2135
20250316 2135
20250317 2139
20250318 2139
20250319 2140
20250322 2140
20250323 2141
20250324 2142
20250326 2143
20250328 2143
20250329 2144
20250330 2146
20250331 2146
20250401 2147
20250403 2147
20250404 2143
20250405 2144
20250406 2144
20250407 2146
20250410 2146
20250411 2147
20250412 2149
20250414 2149
20250415 2150
20250416 2151
20250418 2151
20250419 2152
20250424 2152
20250425 2144
20250426 2145
20250427 2147
20250429 2147
20250430 2148
20250501 2148
20250502 2147
20250503 2146
20250506 2146
20250507 2147
20250508 2144
20250509 2143
20250510 2142
20250514 2142
20250515 2143
20250518 2143
20250519 2144
20250522 2144
20250523 2146
20250524 2148
20250525 2149
20250526 2148
20250528 2148
20250529 2149
20250530 2143
20250602 2143
20250603 2144
20250605 2144
20250606 2147
20250607 2147
20250608 2148
20250613 2148
20250614 2149
20250616 2149
20250617 2150
20250618 2150
20250619 2151
20250620 2152
20250621 2153
20250622 2154
20250626 2154
20250627 2155
20250628 2149
20250629 2147
20250630 2148
20250703 2148
20250704 2155
20250705 2166
20250706 2166
20250707 2168
20250708 2168
20250709 2169
20250710 2171
20250711 2172
20250712 2170
20250713 2170
20250714 2168
20250715 2168
20250716 2169
20250717 2170
20250718 2171
20250719 2171
20250720 2172
20250722 2173
20250723 2173
20250724 2175
20250727 2175
20250728 2174
20250730 2174
20250731 2173
20250801 2173
20250802 2174
20250803 2175
20250807 2175
20250808 2174
20250810 2174
20250811 2176
20250814 2176
20250815 2175
20250816 2178
20250817 2178
20250818 2180
20250821 2180
20250822 2181
20250823 2183
20250825 2183
20250826 2184
20250828 2184
20250829 2182
20250830 2183
20250831 2182
20250901 2182
20250902 2183
20250903 2183
20250904 2155
20250905 2158
20250906 2158
20250907 2160
20250908 2161
20250910 2161
20250911 2163
20250913 2163
20250914 2162
20250922 2162
20250923 2163
20250925 2163
20250926 2162
20250927 2163
20250928 2164
20250929 2153
20250930 2154
20251001 2154
20251002 2157
20251003 2157
20251004 2156
20251005 2158
20251006 2159
20251009 2159
20251010 2158
20251011 2159
20251015 2159
20251016 2160
20251017 2163
20251018 2163
20251019 2164
20251020 2172
20251021 2173
20251023 2173
20251024 2174
20251025 2174
20251026 2175
20251027 2176
20251028 2178
20251029 2178
20251030 2179
20251031 2174
20251102 2174
20251103 2175
20251106 2175
20251107 2177
20251108 2175
20251109 2175
20251110 2176
20251111 2178
20251112 2178
20251113 2185
20251114 2186
20251115 2186
20251116 2185
20251117 2185
20251118 2186
20251119 2186
20251120 2187
20251121 2187
20251122 2186
20251123 2186
20251124 2187
20251125 2189
20251127 2189
20251128 2191
20251129 2192
20251130 2195
20251204 2195
20251206 2196
20251207 2196
20251208 2195
20251210 2195
20251212 2194
20251213 2194
20251214 2193
20251217 2194
20260103 2188
20260104 2188
20260105 2187
20260108 2187
20260109 2189
20260110 2191
20260111 2190
20260115 2190
20260116 2191
20260121 2191
20260123 2193
20260124 2186
20260125 2189
20260126 2191
20260128 2191
20260130 2189
20260203 2189
