20230707 45
20230715 45
20230730 46
20230823 46
20230824 47
20230919 47
20230920 45
20230921 52
20231116 52
20231117 54
20231213 54
20231214 55
20231215 55
20231216 56
20240326 56
20240327 57
20240415 57
20240416 60
20240418 60
20240419 61
20240420 62
20240510 62
20240511 63
20240524 63
20240525 64
20240604 64
20240605 65
20240624 65
20240626 65
20240627 65
20240628 65
20240629 65
20240630 65
20240701 65
20240702 65
20240703 65
20240704 65
20240705 65
20240706 65
20240707 65
20240708 65
20240709 65
20240710 65
20240711 65
20240712 65
20240713 65
20240714 65
20240715 65
20240716 65
20240717 65
20240718 65
20240719 65
20240720 65
20240721 65
20240722 65
20240723 65
20240724 65
20240725 65
20240726 65
20240727 65
20240728 65
20240729 65
20240730 65
20240731 65
20240801 65
20240802 65
20240803 65
20240804 65
20240805 65
20240806 65
20240807 65
20240808 65
20240809 65
20240810 65
20240811 65
20240812 65
20240813 65
20240814 66
20240815 66
20240816 66
20240817 66
20240818 66
20240819 66
20240820 66
20240821 66
