20230922 2674
20230924 2677
20230925 2677
20230926 2678
20230927 2678
20230928 2678
20230929 2678
20230930 2680
20231001 2680
20231002 2682
20231003 2683
20231005 2683
20231007 2686
20231008 2686
20231009 2687
20231010 2687
20231011 2688
20231012 2688
20231013 2688
20231014 2689
20231015 2690
20231016 2690
20231017 2690
20231018 2690
20231019 2690
20231020 2691
20231021 2691
20231022 2692
20231023 2692
20231024 2695
20231025 2695
20231026 2695
20231027 2696
20231028 2696
20231029 2696
20231030 2697
20231031 2697
