20230503 3
20230519 861
20230707 1936
20230709 1947
20230710 1953
20230711 1954
20230712 1956
20230713 1958
20230714 1963
20230715 1965
20230730 2025
20230731 2027
20230801 2027
20230802 2031
20230803 2038
20230804 2038
20230805 2051
20230806 2051
20230807 2058
20230808 2064
20230809 2070
20230810 2078
20230811 2084
20230812 2089
20230813 2089
20230815 2098
20230816 2102
20230817 2103
20230818 2113
20230819 2116
20230820 2116
20230821 2120
20230822 2130
20230823 2134
20230824 2135
20230825 2146
20230826 2153
20230827 2153
20230828 2152
20230829 2152
20230830 2165
20230831 2171
20230901 2175
20230902 2177
20230903 2175
20230904 2183
20230905 2191
20230906 2193
20230907 2202
20230908 2200
20230909 2200
20230910 2198
20230911 2198
20230912 2201
20230913 2203
20230914 2203
20230915 2205
20230916 2215
20230917 2214
20230918 2215
20230919 2218
20230920 1527
20230921 1527
20230922 1529
20230923 1532
20230924 1532
20230925 1532
20230926 1532
20230927 1532
20230928 1534
20230929 1534
20230930 1534
20231001 1546
20231002 1546
20231003 1546
20231005 1553
20231007 1555
20231008 1556
20231009 1556
20231010 1557
20231011 1557
20231012 1558
20231013 1560
20231014 1560
20231015 1560
20231016 1563
20231017 1566
20231018 1569
20231019 1569
20231020 1570
20231021 1572
20231022 1572
20231023 1577
20231024 1578
20231025 1578
20231026 1578
20231027 1581
20231028 1582
20231029 1586
20231030 1586
20231031 1586
20231101 1586
20231102 1591
20231103 1593
20231104 1595
20231105 1598
20231106 1598
20231107 1600
20231108 1600
20231109 1603
20231110 1607
20231111 1609
20231112 1609
20231113 1609
20231114 1609
20231115 1609
20231116 1618
20231117 1620
20231118 1623
20231120 1626
20231121 1626
20231122 1626
20231123 1629
20231124 1632
20231125 1633
20231126 1636
20231127 1636
20231128 1638
20231129 1640
20231130 1641
20231201 1641
20231202 1644
20231203 1650
20231204 1651
20231205 1656
20231206 1659
20231207 1662
20231208 1665
20231209 1666
20231210 1667
20231211 1678
20231212 1682
20231213 1684
20231214 1688
20231215 1689
20231216 1690
20231217 1693
20231218 1693
20231219 1695
20231220 1697
20231221 1699
20231222 1704
20231223 1709
20231224 1709
20231225 1719
20231226 1722
20231227 1723
20231230 1722
20231231 1723
20240101 1723
20240102 1726
20240103 1727
20240104 1729
20240105 1731
20240106 1786
20240107 1786
20240108 1786
20240109 1786
20240110 1786
20240111 1791
20240112 1791
20240113 1791
20240114 1792
