20230707 42
20230709 42
20230710 42
20230711 42
20230712 42
20230714 42
20230715 42
20230730 42
20230731 42
20230801 42
20230802 42
20230803 42
20230804 42
20230805 42
20230806 42
20230807 42
20230808 42
20230809 42
20230810 42
20230811 42
20230812 42
20230813 42
20230815 42
20230816 42
20230817 42
20230818 42
20230819 42
20230820 42
20230821 42
20230822 42
20230823 42
20230824 42
20230825 42
20230826 42
20230827 42
20230828 42
20230829 42
20230830 42
20230831 42
20230901 42
20230902 42
20230903 42
20230904 42
20230905 42
20230906 42
20230907 42
20230908 42
20230909 42
20230910 42
20230911 42
20230912 42
20230913 42
20230914 42
20230915 42
20230916 42
20230917 42
20230918 42
20230919 42
20230920 40
20230921 40
20230922 40
20230923 40
20230924 40
20230925 40
20230926 40
20230927 40
20230928 40
20230929 40
20230930 40
20231001 40
20231002 40
20231003 40
20231005 40
20231007 40
20231008 40
20231009 40
20231010 40
20231011 40
20231012 40
20231013 41
20231014 41
20231015 41
20231016 41
20231017 41
20231018 41
20231019 41
20231020 41
20231021 41
20231022 41
20231023 41
20231024 41
20231025 41
20231026 41
20231027 41
20231028 41
20231029 41
20231030 41
20231031 41
20231101 41
20231102 41
20231103 41
20231104 41
20231105 41
20231106 41
20231107 41
20231108 41
20231109 41
20231110 41
20231111 41
20231112 41
20231113 41
20231114 41
20231115 41
20231116 41
20231117 41
20231118 41
20231120 41
20231121 41
20231122 41
20231123 41
20231124 41
20231125 41
20231126 41
20231127 41
20231128 41
20231129 41
20231130 41
20231201 41
20231202 41
20231203 41
20231204 41
20231205 41
20231206 41
20231207 41
20231208 41
20231209 41
20231210 41
20231211 41
20231212 41
20231213 41
20231214 41
20231215 41
