20230707 23762
20230709 23753
20230710 23743
20230711 23741
20230712 23736
20230713 23734
20230714 23735
20230715 23741
20230730 23737
20230731 23735
20230801 23746
20230802 23766
20230803 23758
20230804 23768
20230805 23766
20230806 23757
20230807 23754
20230808 23761
20230809 23760
20230810 23753
20230811 23756
20230812 23748
20230813 23734
20230815 23734
20230816 23730
20230817 23710
20230818 23702
20230819 23704
20230820 23707
20230821 23716
20230822 23703
20230823 23705
20230824 23715
20230825 23719
20230826 23723
20230827 23735
20230828 23736
20230829 23735
20230830 23736
20230831 23740
20230901 23742
20230902 23747
20230903 23735
20230904 23733
20230905 23748
20230906 23748
20230907 23769
20230908 23769
20230909 23764
20230910 23766
20230911 23762
20230912 23767
20230913 23769
20230914 23779
20230915 23798
20230916 23784
20230917 23778
20230918 23775
20230919 23782
20230920 21749
20230921 21740
20230922 21738
