20230707 44138
20230709 44133
20230710 44134
20230711 44125
20230712 44120
20230713 44115
20230714 44132
20230715 44125
20230730 44049
20230731 44043
20230801 44037
20230802 44052
20230803 44050
20230804 44053
20230805 44051
20230806 44052
20230807 44051
20230808 44048
20230809 44049
20230810 44045
20230811 44049
20230812 44047
20230813 44039
20230815 44028
20230816 44030
20230817 44029
20230818 44037
20230819 44042
20230820 44040
20230821 44025
20230822 44021
20230823 44012
20230824 43993
20230825 43991
20230826 43998
20230827 43993
20230828 43993
20230829 43993
20230830 43972
20230831 43974
20230901 43954
20230902 43951
20230903 43935
20230904 43927
20230905 43928
20230906 43925
20230907 43915
