20230707 1039
20230709 1039
20230710 1039
20230711 1039
20230712 1039
20230714 1039
20230715 1039
20230730 1035
20230731 1035
20230801 1035
20230802 1035
20230803 1036
20230804 1035
20230805 1035
20230806 1035
20230807 1035
20230808 1035
20230809 1034
20230810 1034
20230811 1034
20230812 1033
20230813 1033
20230815 1032
20230816 1032
20230817 1035
20230818 1035
20230819 1035
20230820 1035
20230821 1035
20230822 1033
20230823 1033
20230824 1033
20230825 1033
20230826 1033
20230827 1033
20230828 1033
20230829 1033
20230830 1032
20230831 1032
20230901 1030
20230902 1029
20230903 1029
20230904 1028
20230905 1027
20230906 1026
20230907 1026
20230908 1026
20230909 1029
20230910 1029
20230911 1029
20230912 1029
20230913 1029
20230914 1029
20230915 1029
20230916 1028
20230917 1026
20230918 1026
20230919 1027
20230920 1019
20230921 1019
20230922 1019
20230923 1019
20230924 1019
20230925 1020
20230926 1019
20230927 1019
20230928 1018
20230929 1018
20230930 1019
20231001 1019
20231002 1018
20231003 1017
20231005 1018
20231007 1018
20231008 1015
20231009 1014
20231010 1014
20231011 1014
20231012 1015
20231013 1014
20231014 1014
20231015 1014
20231016 1013
20231017 1012
20231018 1013
20231019 1014
20231020 1014
20231021 1013
20231022 1013
20231023 1012
20231024 1013
20231025 1013
20231026 1014
20231027 1011
20231028 1011
20231029 1011
20231030 1011
20231031 1011
20231101 1014
20231102 1014
20231103 1014
20231104 1014
20231105 1014
20231106 1014
20231107 1016
20231108 1015
20231109 1014
20231110 1015
20231111 1015
20231112 1015
20231113 1015
20231114 1014
20231115 1012
20231116 1012
20231117 1012
20231118 1012
20231120 1012
20231121 1011
20231122 1011
20231123 1012
20231124 1012
20231125 1012
20231126 1012
20231127 1013
20231128 1008
20231129 1008
20231130 1008
20231201 1009
20231202 1007
20231203 1007
20231204 1007
