20230707 50024
20230709 50104
20230710 50200
20230711 50288
20230712 50215
20230713 50228
20230714 50190
20230715 50111
20230730 50051
20230731 50101
20230801 50092
20230802 50147
20230803 50145
20230804 49700
20230805 49666
20230806 49671
20230807 49722
20230808 49741
20230809 49774
20230810 49754
20230811 49821
20230812 49851
20230813 49856
20230815 50023
20230816 50107
20230817 50208
20230818 50328
20230819 50381
20230820 50509
20230821 50557
20230822 50678
20230823 50816
20230824 50877
20230825 51194
20230826 51368
20230827 51536
20230828 51638
20230829 51766
20230830 51902
20230831 51843
20230901 51927
20230902 51998
20230903 52014
20230904 52011
20230905 52121
20230906 52102
20230907 52165
20230908 52252
20230909 52239
20230910 52156
20230911 52547
20230912 52555
20230913 52501
20230914 52608
20230915 52636
20230916 52582
20230917 52657
20230918 52688
20230919 52712
20230920 52712
20230921 52785
20230922 52801
20230923 52841
20230924 52950
20230925 53070
20230926 53179
20230927 53204
20230928 53252
20230929 53239
20230930 53319
20231001 53423
20231002 53470
20231003 53477
20231005 53324
20231007 53435
20231008 53627
20231009 53716
20231010 53981
20231011 54061
20231012 54113
20231013 54340
20231014 54600
20231015 54660
20231016 54768
20231017 54878
20231018 54973
20231019 54876
20231020 55012
20231021 55000
20231022 55080
20231023 55156
20231024 55186
20231025 55255
20231026 55427
20231027 55523
20231028 55671
20231029 55839
20231030 55863
20231031 56033
20231101 56067
20231102 55958
20231103 56007
20231104 56214
20231105 56304
20231106 56415
20231107 56469
20231108 56480
20231109 56602
20231110 56605
20231111 56614
20231112 56681
20231113 56720
20231114 56833
20231115 56823
20231116 56844
20231117 56924
20231118 57144
20231120 57254
20231121 57228
20231122 57217
20231123 57424
20231124 57523
20231125 57799
20231126 57987
20231127 58128
20231128 58235
20231129 58349
20231130 58645
20231201 58804
20231202 58892
20231203 58929
20231204 59092
20231205 59169
20231206 59250
20231207 59183
20231208 59312
20231209 59352
20231210 59560
20231211 59580
20231212 59656
20231213 59809
20231214 60147
20231215 60199
20231216 60426
20231217 60443
20231218 60502
20231219 60565
20231220 60645
20231221 60550
20231222 60582
20231223 60747
20231224 60920
20231225 60947
20231226 60868
