20230707 43
20230919 43
20230920 42
20240624 42
20240626 42
20240627 42
20240628 42
20240629 42
20240630 42
20240701 42
20240702 42
20240703 42
20240704 42
20240705 42
20240706 42
20240707 42
20240708 42
20240709 42
20240710 42
20240711 42
20240712 42
20240713 42
20240714 42
20240715 42
20240716 42
20240717 42
20240718 42
20240719 43
20240720 43
20240721 43
20240722 43
20240723 43
20240724 43
20240725 43
20240726 43
20240727 43
20240728 43
20240729 43
20240730 43
20240731 43
20240801 43
20240802 43
20240803 43
20240804 43
20240805 43
20240806 43
20240807 43
20240808 43
20240809 43
20240810 43
20240811 43
20240812 43
20240813 43
20240814 43
20240815 43
20240816 43
20240817 43
20240818 43
20240819 43
20240820 43
20240821 43
20240822 43
20240823 43
20240824 43
20240825 43
20240826 43
20240827 43
20240828 43
20240829 43
20240830 43
20240831 43
20240901 43
20240902 43
20240903 43
20240904 43
20240905 43
20240906 43
20240907 43
20240908 43
20240909 43
20240910 43
