20230707 10544
20230709 10543
20230710 10541
20230711 10536
20230712 10530
20230713 10532
20230714 10532
20230715 10534
20230714 10532
20230730 10449
20230714 10532
20230731 10442
20230714 10532
20230801 10448
20230714 10532
20230802 10451
20230714 10532
20230803 10449
20230714 10532
20230804 10438
20230805 10438
20230806 10432
20230805 10438
20230807 10435
20230805 10438
20230808 10437
20230805 10438
20230809 10425
20230805 10438
20230810 10429
20230811 10438
20230805 10438
20230812 10436
20230805 10438
20230813 10431
20230805 10438
20230815 10411
20230805 10438
20230816 10418
20230805 10438
20230817 10420
20230805 10438
20230818 10424
20230805 10438
20230819 10427
20230805 10438
20230820 10430
20230805 10438
20230821 10435
20230805 10438
20230822 10429
20230805 10438
20230823 10434
20230805 10438
20230824 10436
20230805 10438
20230825 10444
20230805 10438
20230826 10449
20230805 10438
20230827 10450
20230805 10438
20230828 10456
20230805 10438
20230829 10445
20230805 10438
20230830 10441
20230831 10438
20230805 10438
20230901 10439
20230902 10438
20230805 10438
20230903 10428
20230805 10438
20230904 10425
20230805 10438
20230905 10401
20230805 10438
20230906 10415
20230805 10438
20230907 10413
20230805 10438
20230908 10414
20230805 10438
20230909 10413
20230910 10413
20230911 10409
20230910 10413
20230912 10402
20230910 10413
20230913 10403
20230910 10413
20230914 10397
20230910 10413
20230915 10392
20230910 10413
20230916 10386
20230910 10413
20230917 10390
20230910 10413
20230918 10392
20230919 10392
20230920 9201
20230919 10392
20230921 9205
20230919 10392
20230922 9206
20230919 10392
20230923 9205
20230919 10392
20230924 9201
20230919 10392
20230925 9200
20230919 10392
20230926 9195
20230919 10392
20230927 9194
20230928 9194
20230929 9195
20230928 9194
20230930 9196
20230928 9194
20231001 9190
20230928 9194
20231002 9184
20230928 9194
20231003 9183
20230928 9194
20231005 9187
20230928 9194
20231007 9188
20230928 9194
20231008 9193
20230928 9194
20231009 9190
20230928 9194
20231010 9196
20230928 9194
20231011 9193
20230928 9194
20231012 9197
20231013 9194
20230928 9194
20231014 9200
20231015 9194
20230928 9194
20231016 9191
20230928 9194
20231017 9198
20230928 9194
20231018 9196
20230928 9194
20231019 9199
20231020 9199
20231021 9194
20231020 9199
20231022 9193
20231020 9199
20231023 9192
20231020 9199
20231024 9193
20231020 9199
20231025 9190
20231020 9199
20231026 9196
20231020 9199
20231027 9191
20231020 9199
20231028 9184
20231020 9199
20231029 9185
20231030 9185
20231031 9179
20231030 9185
20231101 9279
20231030 9185
20231102 9231
20231030 9185
20231103 9175
20231030 9185
20231104 9172
20231030 9185
20231105 9170
20231030 9185
20231106 9167
20231030 9185
20231107 9171
20231030 9185
20231108 9175
20231030 9185
20231109 9176
20231030 9185
20231110 9173
20231030 9185
20231111 9171
20231030 9185
20231112 9166
20231030 9185
20231113 9167
20231030 9185
20231114 9165
20231030 9185
20231115 9163
20231030 9185
20231116 9159
20231030 9185
20231117 9170
20231118 9170
20231120 9156
20231118 9170
20231121 9148
20231118 9170
20231122 9142
20231118 9170
20231123 9148
20231118 9170
20231124 9150
20231125 9150
20231126 9146
20231125 9150
20231127 9147
20231125 9150
20231128 9143
20231125 9150
20231129 9145
20231125 9150
20231130 9148
20231125 9150
20231201 9146
20231125 9150
20231202 9144
20231125 9150
20231203 9143
20231204 9143
20231205 9141
20231204 9143
20231206 9153
20231204 9143
20231207 9151
20231204 9143
20231208 9152
20231204 9143
20231209 9148
20231210 9143
20231204 9143
20231211 9142
20231212 9142
20231213 9141
20231212 9142
20231214 9137
20231215 9142
20231212 9142
20231216 9141
20231212 9142
20231217 9139
20231212 9142
20231218 9134
20231212 9142
20231219 9127
20231212 9142
20231220 9131
20231212 9142
20231221 9134
20231212 9142
20231222 9136
20231212 9142
20231223 9132
20231212 9142
20231224 9136
20231212 9142
20231225 9126
20231212 9142
20231226 9123
20231212 9142
20231227 9110
20231212 9142
20231230 9108
20231212 9142
20231231 9102
20231212 9142
20240101 9103
20231212 9142
20240102 9101
20231212 9142
20240103 9100
20231212 9142
20240104 9102
20231212 9142
20240105 9098
20231212 9142
20240106 9106
20231212 9142
20240107 9102
20231212 9142
20240108 9106
20231212 9142
20240109 9099
20231212 9142
20240110 9098
20231212 9142
20240111 9134
20231212 9142
20240112 9135
20231212 9142
20240113 9133
20231212 9142
20240114 9132
20240115 9132
20240116 9110
20240115 9132
20240117 9090
20240115 9132
20240118 9083
20240115 9132
20240119 9055
20240115 9132
20240120 9041
20240115 9132
20240121 9070
20240115 9132
20240122 9100
20240115 9132
20240124 9092
20240115 9132
20240125 9089
20240115 9132
20240126 9093
20240115 9132
20240127 9091
20240115 9132
20240128 9093
20240130 9093
20240131 9092
20240130 9093
20240201 9090
20240130 9093
20240202 9095
20240130 9093
20240203 9090
20240130 9093
20240204 9089
20240130 9093
20240205 9082
20240130 9093
20240206 9081
20240130 9093
20240207 9078
20240130 9093
20240208 9067
20240130 9093
20240209 9063
20240130 9093
20240210 9056
20240130 9093
20240211 9062
20240130 9093
20240212 9059
20240130 9093
20240213 9061
20240130 9093
20240214 9059
20240130 9093
20240215 9053
20240130 9093
20240216 9051
20240130 9093
20240217 9036
20240130 9093
20240218 9013
20240130 9093
20240219 8993
20240130 9093
20240220 8955
20240130 9093
20240221 8928
20240222 8928
20240223 8922
20240222 8928
20240224 8918
20240222 8928
20240225 8914
20240222 8928
20240226 8907
20240222 8928
20240227 8904
20240222 8928
20240228 8903
20240222 8928
20240229 8901
20240222 8928
20240301 8904
20240222 8928
20240302 8907
20240303 8907
20240304 8906
20240303 8907
20240305 8896
20240303 8907
20240306 8884
20240303 8907
20240307 8886
20240303 8907
20240308 8881
20240303 8907
20240309 8880
20240303 8907
20240310 8871
20240303 8907
20240311 8865
20240303 8907
20240312 8864
20240303 8907
20240313 8865
20240303 8907
20240314 8869
20240315 8869
20240316 8862
20240315 8869
20240317 8856
20240318 8856
20240319 8855
20240318 8856
20240320 8852
20240321 8856
20240318 8856
20240322 8847
20240323 8847
20240324 8845
20240323 8847
20240325 8842
20240323 8847
20240326 8840
20240323 8847
20240327 8836
20240328 8836
20240329 8838
20240330 8838
20240331 8831
20240330 8838
20240401 8829
20240330 8838
20240402 8822
20240330 8838
20240403 8823
20240330 8838
20240404 8827
20240330 8838
20240405 8824
20240330 8838
20240406 8825
20240330 8838
20240407 8817
20240330 8838
20240408 8818
20240330 8838
20240409 8817
20240330 8838
20240410 8819
20240330 8838
20240411 8820
20240412 8820
20240413 8816
20240412 8820
20240415 8804
20240412 8820
20240416 8805
20240412 8820
20240417 8809
20240412 8820
20240418 8803
20240412 8820
20240419 8798
20240412 8820
20240420 8796
20240412 8820
20240421 8802
20240412 8820
20240422 8797
20240412 8820
20240423 8796
20240412 8820
20240424 8792
20240412 8820
20240425 8789
20240412 8820
20240426 8785
20240412 8820
20240427 8786
20240428 8786
20240429 8778
20240428 8786
20240430 8775
20240428 8786
20240501 8769
20240428 8786
20240503 8763
20240428 8786
20240504 8766
20240428 8786
20240505 8763
20240428 8786
20240506 8765
20240428 8786
20240507 8766
20240428 8786
20240508 8767
20240428 8786
20240509 8770
20240428 8786
20240510 8765
20240428 8786
20240511 8762
20240428 8786
20240512 8761
20240428 8786
20240513 8764
20240428 8786
20240514 8762
20240515 8762
20240516 8758
20240515 8762
20240517 8754
20240515 8762
20240518 8756
20240515 8762
20240519 8754
20240515 8762
20240520 8749
20240515 8762
20240521 8743
20240515 8762
20240522 8746
20240515 8762
20240523 8739
20240515 8762
20240524 8742
20240515 8762
20240525 8736
20240515 8762
20240526 8731
20240527 8731
20240528 8726
20240527 8731
20240529 8720
20240527 8731
20240530 8714
20240527 8731
20240531 8712
20240527 8731
20240601 8705
20240527 8731
20240602 8702
20240527 8731
20240603 8697
20240527 8731
20240604 8693
20240605 8693
20240606 8689
20240605 8693
20240609 8684
20240605 8693
20240611 8687
20240605 8693
20240612 8679
20240605 8693
20240613 8673
20240605 8693
20240614 8667
20240605 8693
20240615 8663
20240605 8693
20240616 8654
20240605 8693
20240617 8656
20240605 8693
20240618 8649
20240605 8693
20240620 8656
20240605 8693
20240621 8657
20240605 8693
20240622 8653
20240605 8693
20240623 8647
20240605 8693
20240624 8644
20240605 8693
20240626 8650
20240605 8693
20240627 8649
20240628 8649
20240629 8648
20240628 8649
20240630 8647
20240628 8649
20240701 8651
20240628 8649
20240702 8650
20240628 8649
20240703 8647
20240628 8649
20240704 8645
20240628 8649
20240705 8646
20240628 8649
20240706 8645
20240628 8649
20240707 8644
20240628 8649
20240708 8645
20240628 8649
20240709 8642
20240628 8649
20240710 8638
20240628 8649
20240711 8637
20240628 8649
20240712 8636
20240628 8649
20240713 8635
20240714 8635
20240715 8631
20240714 8635
20240716 8629
20240714 8635
20240717 8627
20240714 8635
20240718 8632
20240714 8635
20240719 8634
20240714 8635
20240720 8618
20240714 8635
20240721 8613
20240714 8635
20240722 8610
20240714 8635
20240723 8609
20240724 8609
20240725 8599
20240724 8609
20240726 8593
20240724 8609
20240727 8594
20240724 8609
20240728 8591
20240729 8591
20240730 8536
20240729 8591
20240731 8534
20240729 8591
20240801 8532
20240729 8591
20240802 8531
20240729 8591
20240803 8534
20240806 8534
20240807 8537
20240808 8534
20240806 8534
20240809 8533
20240810 8534
20240806 8534
20240811 8528
20240806 8534
20240812 8527
20240806 8534
20240813 8536
20240806 8534
20240814 8545
20240806 8534
20240815 8547
20240806 8534
20240816 8543
20240806 8534
20240817 8536
20240818 8534
20240819 8534
20240820 8528
20240819 8534
20240821 8526
20240819 8534
20240822 8527
20240819 8534
20240823 8531
20240825 8531
20240826 8528
20240825 8531
20240827 8521
20240825 8531
20240828 8516
20240825 8531
20240829 8511
20240825 8531
20240830 8514
20240825 8531
20240831 8511
20240825 8531
20240901 8521
20240825 8531
20240902 8553
20240825 8531
20240903 8558
20240825 8531
20240904 8509
20240825 8531
20240905 8518
20240825 8531
20240906 8523
20240909 8523
20240910 8519
20240909 8523
20240911 8520
20240909 8523
20240912 8518
20240909 8523
20240913 8517
20240909 8523
20240914 8522
20240909 8523
20240915 8526
20240909 8523
20240916 8524
20240909 8523
20240917 8527
20240909 8523
20240918 8525
20240909 8523
20240919 8520
20240909 8523
20240920 8515
20240909 8523
20240921 8512
20240909 8523
20240921 8513
20240909 8523
20240922 8512
20240909 8523
20240925 8524
20240909 8523
20240926 8526
20240909 8523
20240927 8521
20240909 8523
20240928 8535
20240929 8535
