20230707 6
20230709 6
20230710 6
20230711 6
20230712 6
20230714 6
20230715 6
20230730 6
20230731 6
20230801 6
20230802 6
20230803 6
20230804 6
20230805 6
20230806 6
20230807 6
20230808 6
20230809 6
20230810 6
20230811 6
20230812 6
20230813 6
20230815 6
20230816 6
20230817 6
20230818 6
20230819 6
20230820 6
20230821 6
20230822 6
20230823 6
20230824 6
20230825 6
20230826 6
20230827 6
20230828 6
20230829 6
20230830 6
20230831 6
20230901 6
20230902 6
20230903 6
20230904 6
20230905 6
20230906 6
20230907 6
20230908 6
20230909 6
20230910 6
20230911 6
20230912 6
20230913 6
20230914 6
20230915 6
20230916 6
20230917 6
20230918 6
20230919 6
20230920 3
20230921 3
20230922 3
20230923 3
20230924 3
20230925 3
20230926 3
20230927 3
20230928 3
20230929 3
20230930 3
20231001 3
20231002 3
20231003 3
20231005 3
20231007 3
20231008 3
20231009 3
20231010 3
20231011 3
20231012 3
20231013 3
20231014 3
20231015 3
20231016 3
20231017 3
20231018 3
20231019 3
20231020 3
20231021 3
20231022 3
20231023 3
20231024 3
