20230707 5526
20230709 5531
20230710 5527
20230711 5525
20230712 5524
20230714 5527
20230715 5525
20230730 5569
20230731 5586
20230801 5593
20230802 5597
20230803 5601
20230804 5601
20230805 5602
20230806 5602
20230807 5603
20230808 5604
20230809 5601
20230810 5605
20230811 5606
20230812 5607
20230813 5608
20230815 5598
20230816 5603
20230817 5619
20230818 5615
20230819 5616
20230820 5620
20230821 5615
20230822 5617
20230823 5617
20230824 5620
20230825 5618
20230826 5615
20230827 5610
20230828 5613
20230829 5610
20230830 5609
20230831 5605
20230901 5606
20230902 5605
20230903 5604
20230904 5599
20230905 5600
20230906 5607
20230907 5604
20230908 5600
20230909 5601
20230910 5598
20230911 5597
20230912 5595
20230913 5600
20230914 5601
20230915 5607
20230916 5599
20230917 5603
20230918 5603
20230919 5604
20230920 5447
20230921 5447
20230922 5445
20230923 5447
20230924 5447
20230925 5446
20230926 5436
20230927 5437
20230928 5437
20230929 5438
20230930 5436
20231001 5442
20231002 5451
20231003 5472
20231005 5476
20231007 5481
20231008 5487
20231009 5507
20231010 5516
20231011 5524
20231012 5522
20231013 5524
20231014 5520
20231015 5518
20231016 5513
20231017 5506
20231018 5513
20231019 5508
20231020 5508
20231021 5510
20231022 5511
20231023 5512
20231024 5508
20231025 5507
20231026 5511
20231027 5513
20231028 5514
20231029 5515
20231030 5517
20231031 5514
20231101 5512
20231102 5516
20231103 5518
20231104 5523
20231105 5515
20231106 5512
20231107 5514
20231108 5514
20231109 5512
20231110 5507
20231111 5493
20231112 5492
20231113 5487
20231114 5482
20231115 5482
20231116 5484
20231117 5488
20231118 5490
20231120 5487
