20230707 8791
20230709 8785
20230710 8771
20230711 8772
20230712 8771
20230713 8775
20230714 8771
20230715 8764
20230730 8848
20230731 8869
20230801 8872
20230802 8883
20230803 8887
20230804 8898
20230805 8902
20230806 8905
20230807 8903
20230808 8896
20230809 8903
20230810 8903
20230811 8905
20230810 8903
20230812 8899
20230810 8903
20230813 8894
20230810 8903
20230815 8913
20230810 8903
20230816 8917
20230810 8903
20230817 8928
20230810 8903
20230818 8930
20230810 8903
20230819 8935
20230810 8903
20230820 8934
20230810 8903
20230821 8935
20230810 8903
20230822 8932
20230810 8903
20230823 8933
20230810 8903
20230824 8936
20230810 8903
20230825 8938
20230810 8903
20230826 8935
20230810 8903
20230827 8931
20230810 8903
20230828 8937
20230810 8903
20230829 8944
20230810 8903
20230830 8949
20230810 8903
20230831 8954
20230810 8903
20230901 8956
20230810 8903
20230902 8959
20230810 8903
20230903 8962
20230810 8903
20230904 8969
20230905 8969
20230906 8973
20230905 8969
20230907 8966
20230905 8969
20230908 8959
20230905 8969
20230909 8957
20230905 8969
20230910 8949
20230911 8949
20230912 8952
20230911 8949
20230913 8948
20230914 8949
20230911 8949
20230915 8951
20230911 8949
20230916 8946
20230911 8949
20230917 8938
20230911 8949
20230918 8933
20230911 8949
20230919 8930
20230911 8949
20230920 8134
20230911 8949
20230921 8130
20230911 8949
20230922 8134
20230911 8949
20230923 8133
20230911 8949
20230924 8134
20230911 8949
20230925 8130
20230911 8949
20230926 8125
20230911 8949
20230927 8128
20230911 8949
20230928 8129
20230929 8129
20230930 8125
20230929 8129
20231001 8124
20230929 8129
20231002 8128
20230929 8129
20231003 8126
20230929 8129
20231005 8128
20230929 8129
20231007 8131
20230929 8129
20231008 8134
20230929 8129
20231009 8139
20230929 8129
20231010 8144
20230929 8129
20231011 8146
20231012 8146
20231013 8145
20231012 8146
20231014 8143
20231015 8143
20231016 8140
20231017 8143
20231015 8143
20231018 8145
20231015 8143
20231019 8144
20231015 8143
20231020 8139
20231015 8143
20231021 8132
20231015 8143
20231022 8130
20231015 8143
20231023 8137
20231015 8143
20231024 8136
20231015 8143
20231025 8135
20231015 8143
20231026 8136
20231015 8143
20231027 8137
20231015 8143
20231028 8135
20231015 8143
20231029 8133
20231015 8143
20231030 8131
20231015 8143
20231031 8124
20231101 8124
20231102 8114
20231101 8124
20231103 8115
20231101 8124
20231104 8113
20231101 8124
20231105 8108
20231101 8124
20231106 8104
20231107 8104
20231108 8108
20231107 8104
20231109 8100
20231107 8104
20231110 8099
20231107 8104
20231111 8098
20231107 8104
20231112 8093
20231107 8104
20231113 8094
20231107 8104
20231114 8087
20231107 8104
20231115 8081
20231107 8104
20231116 8076
20231107 8104
20231117 8116
20231107 8104
20231118 8117
20231107 8104
20231120 8108
20231121 8108
20231122 8105
20231121 8108
20231123 8111
20231121 8108
20231124 8120
20231121 8108
20231125 8118
20231126 8118
20231127 8112
20231126 8118
20231128 8109
20231126 8118
20231129 8112
20231126 8118
20231130 8111
20231126 8118
20231201 8103
20231126 8118
20231202 8098
20231126 8118
20231203 8097
20231126 8118
20231204 8098
20231126 8118
20231205 8102
20231126 8118
20231206 8093
20231207 8093
20231208 8091
20231207 8093
20231209 8082
20231207 8093
20231210 8080
20231207 8093
20231211 8076
20231213 8076
20231214 8071
20231213 8076
20231215 8070
20231216 8070
20231217 8068
20231216 8070
20231218 8066
20231216 8070
20231219 8062
20231216 8070
20231220 8065
20231221 8065
20231222 8084
20231221 8065
20231223 8082
20231221 8065
20231224 8088
20231225 8088
20231226 8080
20231225 8088
20231227 8079
20231225 8088
20231230 8077
20231225 8088
20231231 8076
20231225 8088
20240101 8067
20231225 8088
20240102 8073
20231225 8088
20240103 8070
20231225 8088
20240104 8063
20231225 8088
20240105 8069
20231225 8088
20240106 8087
20231225 8088
20240107 8093
20231225 8088
20240108 8071
20231225 8088
20240109 8067
20231225 8088
20240110 8069
20231225 8088
20240111 8100
20231225 8088
20240112 8102
20231225 8088
20240113 8096
20231225 8088
20240114 8092
20231225 8088
20240115 8084
20240116 8084
20240117 8080
20240116 8084
20240118 8089
20240116 8084
20240119 8091
20240116 8084
20240120 8088
20240116 8084
20240121 8086
20240116 8084
20240122 8076
20240116 8084
20240124 8067
20240116 8084
20240125 8068
20240116 8084
20240126 8060
20240116 8084
20240127 8059
20240116 8084
20240128 8064
20240116 8084
20240129 8065
20240116 8084
20240130 8069
20240116 8084
20240131 8068
20240116 8084
20240201 8072
20240116 8084
20240202 8073
20240116 8084
20240203 8077
20240206 8077
20240207 8081
20240208 8077
20240206 8077
20240209 8071
20240206 8077
20240210 8070
20240206 8077
20240211 8067
20240206 8077
20240212 8059
20240206 8077
20240213 8058
20240206 8077
20240214 8064
20240216 8064
20240217 8069
20240216 8064
20240218 8068
20240216 8064
20240219 8062
20240220 8062
20240221 8055
20240222 8055
20240223 8057
20240222 8055
20240224 8052
20240222 8055
20240225 8049
20240222 8055
20240226 8041
20240222 8055
20240227 8035
20240222 8055
20240228 8040
20240222 8055
20240229 8036
20240222 8055
20240301 8038
20240222 8055
20240302 8037
20240222 8055
20240303 8036
20240222 8055
20240304 8035
20240222 8055
20240305 8046
20240222 8055
20240306 8053
20240222 8055
20240307 8052
20240308 8052
20240309 8051
20240308 8052
20240310 8055
20240308 8052
20240311 8056
20240308 8052
20240312 8057
20240308 8052
20240313 8055
20240308 8052
20240314 8049
20240308 8052
20240315 8051
20240308 8052
20240316 8048
20240308 8052
20240317 8049
20240308 8052
20240318 8048
20240308 8052
20240319 8047
20240308 8052
20240320 8048
20240308 8052
20240321 8043
20240323 8043
20240324 8045
20240323 8043
20240325 8034
20240323 8043
20240326 8027
20240323 8043
20240327 8029
20240323 8043
20240328 8022
20240329 8022
20240330 8017
20240329 8022
20240331 8019
20240329 8022
20240401 8018
20240329 8022
20240402 8012
20240403 8012
20240404 8008
20240403 8012
20240405 8000
20240403 8012
20240406 7996
20240403 8012
20240407 7998
20240403 8012
20240408 7991
20240403 8012
20240409 7987
20240403 8012
20240410 7984
20240403 8012
20240411 7980
20240403 8012
20240412 7986
20240403 8012
20240413 7982
20240403 8012
20240415 7976
20240403 8012
20240416 7978
20240403 8012
20240417 7981
20240403 8012
20240418 7980
20240403 8012
20240419 7982
20240403 8012
20240420 7985
20240403 8012
20240421 7980
20240403 8012
20240422 7978
20240403 8012
20240423 7980
20240403 8012
20240424 7985
20240403 8012
20240425 7991
20240403 8012
20240426 7994
20240403 8012
20240427 7995
20240403 8012
20240428 7988
20240403 8012
20240429 7990
20240403 8012
20240430 7999
20240403 8012
20240501 8005
20240403 8012
20240503 7998
20240504 7998
20240505 8001
20240504 7998
20240506 8002
20240504 7998
20240507 8009
20240504 7998
20240508 8015
20240504 7998
20240509 8019
20240504 7998
20240510 8020
20240504 7998
20240511 8017
20240504 7998
20240512 8021
20240504 7998
20240513 8022
20240514 8022
20240515 8024
20240514 8022
20240516 8019
20240514 8022
20240517 8016
20240514 8022
20240518 8015
20240514 8022
20240519 8012
20240514 8022
20240520 8011
20240514 8022
20240521 8012
20240522 8012
20240523 8018
20240522 8012
20240524 8015
20240522 8012
20240525 8017
20240522 8012
20240526 8020
20240522 8012
20240527 8018
20240522 8012
20240528 8017
20240522 8012
20240529 8015
20240522 8012
20240530 8016
20240522 8012
20240531 8018
20240522 8012
20240601 8019
20240522 8012
20240602 8013
20240522 8012
20240603 8014
20240522 8012
20240604 8020
20240522 8012
20240605 8024
20240522 8012
20240606 8017
20240522 8012
20240609 7998
20240522 8012
20240611 7995
20240522 8012
20240612 7997
20240522 8012
20240613 8000
20240522 8012
20240614 8002
20240615 8002
20240616 8003
20240615 8002
20240617 7994
20240615 8002
20240618 7995
20240615 8002
20240620 7988
20240615 8002
20240621 7993
20240622 7993
20240623 7992
20240622 7993
20240624 7990
20240622 7993
20240626 7999
20240622 7993
20240627 8001
20240622 7993
20240628 8004
20240622 7993
20240629 8005
20240630 8005
20240701 8001
20240630 8005
20240702 7999
20240630 8005
20240703 8000
20240630 8005
20240704 7999
20240630 8005
20240705 7998
20240630 8005
20240706 7996
20240630 8005
20240707 7997
20240708 7997
20240709 7995
20240710 7997
20240708 7997
20240711 7993
20240708 7997
20240712 7992
20240708 7997
20240713 7989
20240708 7997
20240714 7984
20240708 7997
20240715 7985
20240708 7997
20240716 7986
20240708 7997
20240717 7989
20240708 7997
20240718 7994
20240708 7997
20240719 7995
20240708 7997
20240720 7993
20240708 7997
20240721 7994
20240708 7997
20240722 8001
20240708 7997
20240723 8002
20240724 8002
20240725 8006
20240724 8002
20240726 8004
20240724 8002
20240727 8007
20240724 8002
20240728 8006
20240724 8002
20240729 8003
20240724 8002
20240730 8000
20240724 8002
20240731 8005
20240724 8002
20240801 8010
20240724 8002
20240802 8012
20240724 8002
20240803 8006
20240724 8002
20240804 8003
20240724 8002
20240805 7996
20240724 8002
20240806 7999
20240724 8002
20240807 7991
20240724 8002
20240808 7999
20240724 8002
20240809 7970
20240810 7970
20240811 7982
20240810 7970
20240812 7980
20240810 7970
20240813 7968
20240810 7970
20240814 7980
20240810 7970
20240815 7986
20240810 7970
20240816 7984
20240810 7970
20240817 7991
20240810 7970
20240818 7988
20240810 7970
20240819 7991
20240810 7970
20240820 7994
20240810 7970
20240821 7997
20240810 7970
20240822 8010
20240810 7970
20240823 8013
20240810 7970
20240824 8010
20240810 7970
20240825 8008
20240810 7970
20240826 8014
20240810 7970
20240827 8006
20240828 8006
20240829 8010
20240828 8006
20240830 8013
20240828 8006
20240831 8011
20240828 8006
20240901 8008
20240828 8006
20240902 8015
20240828 8006
20240903 8012
20240904 8012
20240905 8020
20240904 8012
20240906 8028
20240904 8012
20240907 8027
20240904 8012
20240908 8040
20240904 8012
20240909 8028
20240904 8012
20240910 8011
20240904 8012
20240911 7994
20240904 8012
20240912 8002
20240904 8012
20240913 8003
20240904 8012
20240914 8000
20240904 8012
20240915 8007
20240904 8012
20240916 8001
20240904 8012
20240917 8007
20240918 8012
20240904 8012
20240919 8019
20240904 8012
20240920 8024
20240904 8012
20240921 8026
20240904 8012
20240921 8038
20240922 8038
20240925 8017
20240922 8038
20240926 8022
20240926 8022
