20230922 122276
20230924 122540
20230925 122676
20230926 122766
20230927 122863
20230928 122952
20230929 123045
20230930 123170
20231001 123180
20231002 123278
20231003 123351
20231005 123560
20231007 123775
20231008 123876
20231009 123957
20231010 124046
20231011 124118
20231012 124209
20231013 123267
20231014 121887
20231015 122069
20231016 122122
20231017 122122
20231018 122373
20231019 122373
20231020 122669
20231021 122750
20231022 122958
20231023 123046
20231024 123084
20231025 123140
20231026 123213
