20230707 2519567
20230710 2517750
20230711 2517750
20230712 2518879
20230713 2519382
20230714 2519508
20230715 2520066
20230716 2520222
20230717 2519149
20230718 2519937
20230719 2519978
20230720 2519978
20230721 2520647
20230722 2520647
20230723 2520109
20230724 2519851
20230725 2520401
20230726 2521144
20230727 2521669
20230728 2522075
20230729 2522161
20230730 2521754
20230731 2521097
20230801 2521157
20230802 2522259
20230803 2523011
20230804 2523336
20230805 2523310
20230806 2522897
20230807 2522667
20230808 2523669
20230809 2524563
20230810 2524906
20230811 2524800
20230812 2524425
20230813 2524005
20230815 2525567
20230816 2525952
20230817 2524898
20230818 2525081
20230819 2524903
20230820 2524013
20230821 2523270
20230822 2523756
20230823 2524338
20230824 2525031
20230825 2525028
20230826 2525173
20230827 2524043
