20230707 12207
20230709 12206
20230710 12208
20230711 12212
20230712 12215
20230713 12217
20230714 12224
20230715 12220
20230730 12307
20230731 12316
20230801 12318
20230802 12319
20230803 12317
20230804 12317
20230805 12318
20230806 12316
20230807 12318
20230808 12323
20230809 12325
20230810 12325
20230811 12333
20230812 12345
20230813 12342
20230815 12355
20230816 12353
20230817 12353
20230818 12358
20230819 12353
20230820 12361
20230821 12368
20230822 12380
20230823 12391
20230824 12393
20230825 12383
20230826 12391
20230827 12398
20230828 12402
20230829 12414
20230830 12417
20230831 12425
20230901 12422
20230902 12413
20230903 12412
20230904 12422
20230905 12431
20230906 12448
20230907 12448
20230908 12441
20230909 12433
20230910 12434
20230911 12434
20230912 12440
20230913 12445
20230914 12442
