20230707 3011
20230709 3010
20230710 3008
20230711 3008
20230712 3009
20230713 3011
20230714 3013
20230715 3012
20230730 3056
20230731 3072
20230801 3081
20230802 3086
20230803 3088
20230804 3091
20230805 3090
20230806 3089
20230807 3090
20230808 3090
20230809 3100
20230810 3101
20230811 3102
20230812 3100
20230813 3100
20230815 3099
20230816 3099
20230817 3107
20230818 3105
20230819 3106
20230820 3102
20230821 3104
20230822 3104
20230823 3097
20230824 3093
20230825 3094
20230826 3096
20230827 3096
20230828 3098
20230829 3097
20230830 3099
20230831 3104
20230901 3103
20230902 3102
20230903 3101
20230904 3097
20230905 3097
20230906 3099
20230907 3099
20230908 3100
20230909 3099
20230910 3099
20230911 3097
20230912 3095
20230913 3096
20230914 3095
20230915 3097
20230916 3098
20230917 3099
20230918 3094
20230919 3091
20230920 2849
20230921 2872
20230922 2873
20230923 2873
20230924 2872
20230925 2871
20230926 2870
20230927 2868
20230928 2869
20230929 2866
20230930 2862
20231001 2862
20231002 2867
20231003 2876
20231005 2882
20231007 2883
20231008 2887
20231009 2896
20231010 2895
20231011 2901
20231012 2901
20231013 2900
20231014 2901
20231015 2893
20231016 2890
20231017 2888
20231018 2889
20231019 2892
20231020 2891
20231021 2886
20231022 2885
20231023 2881
20231024 2883
20231025 2884
20231026 2886
20231027 2887
20231028 2886
20231029 2887
20231030 2888
20231031 2887
20231101 2888
20231102 2888
20231103 2891
20231104 2895
20231105 2896
20231106 2895
20231107 2895
20231108 2898
20231109 2899
20231110 2900
20231111 2898
20231112 2899
20231113 2899
20231114 2898
20231115 2895
20231116 2896
20231117 2900
20231118 2903
20231120 2900
20231121 2899
20231122 2900
20231123 2912
20231124 2916
20231125 2913
20231126 2913
20231127 2914
20231128 2914
20231129 2913
20231130 2916
20231201 2921
20231202 2923
20231203 2921
20231204 2920
20231205 2919
20231206 2920
20231207 2921
20231208 2923
20231209 2923
20231210 2925
20231211 2925
20231212 2926
20231213 2927
20231214 2926
20231215 2929
20231216 2932
20231217 2931
20231218 2931
20231219 2928
20231220 2927
20231221 2931
20231222 2921
20231223 2919
20231224 2918
20231225 2918
20231226 2912
20231227 2905
20231230 2914
20231231 2915
20240101 2915
20240102 2913
20240103 2915
20240104 2914
20240105 2914
20240106 2938
20240107 2940
20240108 2943
20240109 2945
20240110 2945
20240111 2971
20240112 2972
20240113 2973
20240114 2976
20240115 2974
20240116 2972
20240117 2974
20240118 2974
20240119 2975
20240120 2978
20240121 2978
20240122 2979
20240124 2980
20240125 2981
20240126 2981
20240127 2982
20240128 2980
20240129 2980
20240130 2980
20240131 2981
20240201 2982
20240202 2980
20240203 2978
20240204 2979
20240205 2979
20240206 2985
20240207 2986
20240208 2986
20240209 2985
20240210 2985
20240211 2987
20240212 2987
20240213 2989
20240214 2989
20240215 2990
20240216 2991
20240217 2991
20240218 2999
20240219 3000
20240220 2999
20240221 3000
20240222 2999
20240223 2999
20240224 3000
20240225 2999
20240226 3001
20240227 3001
20240228 2999
20240229 2996
20240301 2999
20240302 2989
20240303 2990
20240304 2988
20240305 2989
20240306 2989
20240307 2990
20240308 2992
20240309 2991
20240310 2992
20240311 2993
20240312 2994
20240313 2992
20240314 2995
20240315 2994
20240316 2994
20240317 2995
20240318 2990
20240319 2984
20240320 2977
20240321 2975
20240322 2974
20240323 2975
20240324 2975
20240325 2971
20240326 2967
20240327 2966
20240328 2966
20240329 2970
20240330 2973
20240331 2973
20240401 2971
20240402 2971
20240403 2969
20240404 2968
20240405 2966
20240406 2969
20240407 2969
20240408 2968
20240409 2967
20240410 2969
20240411 2970
20240412 2969
20240413 2969
20240415 2969
20240416 2968
20240417 2968
20240418 2967
20240419 2965
20240420 2966
20240421 2965
20240422 2964
20240423 2962
20240424 2952
20240425 2943
20240426 2941
20240427 2942
20240428 2941
20240429 2942
20240430 2941
20240501 2938
20240503 2939
20240504 2938
20240505 2937
20240506 2938
20240507 2943
20240508 2944
20240509 2946
20240510 2948
20240511 2944
20240512 2944
20240513 2947
20240514 2947
20240515 2947
20240516 2949
20240517 2947
20240518 2945
20240519 2932
20240520 2930
20240521 2928
