20230922 770
20230929 770
20230930 772
20231010 772
20231011 773
20231013 773
20231014 772
20231021 772
20231022 773
20231028 773
20231029 774
20231104 774
20231105 775
20231118 775
20231120 777
20231129 777
20231130 780
20231201 780
20231202 781
20231203 782
20231206 782
20231207 783
20231209 783
20231210 784
20231223 784
20231224 785
20240111 785
20240112 784
20240118 784
20240119 785
20240120 784
20240205 784
20240206 785
20240217 785
20240218 786
20240228 786
20240229 776
20240301 776
20240302 777
20240306 777
20240307 778
20240319 778
20240320 779
20240321 778
20240322 778
20240323 779
20240324 779
20240325 780
20240405 780
20240406 782
20240407 782
20240408 783
20240409 784
20240410 785
20240411 785
20240412 786
20240417 786
20240418 787
20240420 787
20240421 786
20240427 786
20240428 787
20240504 787
20240505 788
20240507 788
20240508 789
20240510 789
20240511 790
20240512 793
20240513 793
20240514 795
20240516 795
20240517 796
20240518 796
20240519 797
20240520 797
20240521 795
20240531 795
20240601 796
20240617 796
20240618 795
20240621 795
20240622 791
20240623 791
20240624 797
20240628 797
20240629 798
20240719 798
20240720 799
20240721 800
20240808 800
20240809 801
20240813 801
20240814 800
20240818 800
20240819 798
20240820 797
20240905 797
20240906 796
20241031 796
20241101 794
20241102 792
20241108 792
20241109 793
20241115 793
20241116 792
20241117 792
20241118 793
20241127 793
20241128 792
20241130 792
20241201 793
20241208 793
20241209 794
20241214 794
20241215 795
20250109 795
20250110 790
20250122 790
20250123 791
20250124 792
20250206 792
20250207 793
20250208 794
20250212 794
20250213 793
20250217 793
20250218 794
20250221 794
20250222 793
20250223 794
20250307 794
20250308 795
20250316 795
20250317 794
20250320 794
20250321 795
20250322 794
20250326 794
20250327 795
20250328 796
20250402 796
20250403 795
20250405 795
20250406 796
20250410 796
20250411 797
20250412 798
20250413 796
20250415 796
20250416 797
20250418 797
20250419 798
20250501 798
20250502 797
20250522 797
20250523 796
20250529 796
20250530 797
20250610 797
20250611 798
20250612 795
20250618 795
20250619 794
20250622 794
20250623 793
20250625 793
20250626 794
20250627 794
20250628 793
20250629 795
20250702 795
20250703 796
20250704 798
20250713 798
20250714 799
20250716 799
20250717 800
20250720 800
20250722 801
20250723 801
20250724 799
20250813 799
20250814 797
20250824 797
20250825 796
20250828 796
20250829 797
20250830 797
20250831 796
20250904 796
20250905 795
20250909 795
20250910 791
20250917 791
20250918 792
20250920 792
20250921 788
20250923 788
20250924 787
20250927 787
20250928 786
20251019 786
20251020 785
20251107 785
20251108 786
20251109 784
20251119 784
20251120 785
20251129 785
20251130 784
20251203 784
20251204 785
20251206 786
20251207 785
20251208 786
20251214 786
20251217 787
20260103 792
20260104 793
20260109 793
20260110 794
20260124 794
20260125 793
20260131 793
20260201 792
20260204 792
20260205 791
20260212 791
20260213 792
20260214 792
20260215 791
20260218 791
20260219 792
20260303 792
