20230707 3603
20230709 3602
20230710 3602
20230711 3606
20230712 3610
20230713 3611
20230714 3613
20230715 3612
20230730 3641
20230731 3641
20230801 3647
20230802 3644
20230803 3649
20230804 3654
20230805 3657
20230806 3655
20230807 3656
20230808 3715
20230809 3715
20230810 3716
20230811 3714
20230812 3729
20230813 3730
20230815 3750
20230816 3739
20230817 3736
20230818 3737
20230819 3734
20230820 3734
20230821 3731
20230822 3728
20230823 3725
20230824 3727
20230825 3726
20230826 3727
20230827 3725
20230828 3726
20230829 3729
20230830 3731
20230831 3729
20230901 3720
20230902 3723
20230903 3720
20230904 3722
20230905 3725
20230906 3727
20230907 3724
20230908 3729
20230909 3729
20230910 3730
20230911 3731
20230912 3728
20230913 3724
20230914 3724
20230915 3722
20230916 3725
20230917 3726
20230918 3726
20230919 3732
20230920 3688
20230921 3696
20230922 3701
20230923 3699
20230924 3699
20230925 3700
20230926 3700
20230927 3705
20230928 3705
20230929 3702
20230930 3705
20231001 3704
20231002 3699
20231003 3699
20231005 3706
20231007 3705
20231008 3704
20231009 3708
20231010 3708
20231011 3711
20231012 3712
20231013 3717
20231014 3726
20231015 3727
20231016 3729
20231017 3731
20231018 3732
20231019 3731
20231020 3731
20231021 3728
20231022 3729
20231023 3729
20231024 3731
20231025 3729
20231026 3731
20231027 3732
20231028 3735
20231029 3736
20231030 3736
20231031 3735
20231101 3824
20231102 3833
20231103 3827
20231104 3833
20231105 3835
20231106 3835
20231107 3838
20231108 3838
20231109 3834
20231110 3839
20231111 3837
20231112 3838
20231113 3836
20231114 3838
20231115 3842
20231116 3840
20231117 3841
20231118 3847
20231120 3848
20231121 3847
20231122 3850
20231123 3865
20231124 3875
20231125 3882
20231126 3886
20231127 3891
20231128 3895
20231129 3895
20231130 3897
20231201 3899
20231202 3897
20231203 3900
20231204 3902
20231205 3902
20231206 3900
20231207 3900
20231208 3900
20231209 3898
20231210 3894
20231211 3892
20231212 3895
20231213 3896
20231214 3895
20231215 3898
20231216 3912
20231217 3913
20231218 3917
20231219 3916
20231220 3912
20231221 3911
20231222 3916
20231223 3917
20231224 3920
20231225 3913
20231226 3915
20231227 3908
20231230 3924
20231231 3923
20240101 3921
20240102 3921
20240103 3924
20240104 3925
20240105 3927
20240106 3945
20240107 3950
20240108 3952
20240109 3952
20240110 3954
20240111 3977
20240112 3982
20240113 3988
20240114 3989
20240115 3988
20240116 3987
20240117 3991
20240118 3992
20240119 3992
20240120 3995
20240121 3999
20240122 3986
20240124 3994
20240125 3993
20240126 3996
20240127 3999
20240128 4002
20240129 4000
20240130 3993
20240131 3989
20240201 3992
20240202 3995
20240203 3998
20240204 3999
20240205 4000
20240206 3995
20240207 4001
20240208 4003
20240209 4007
20240210 4003
20240211 4002
20240212 3998
20240213 3995
20240214 3996
20240215 3998
20240216 3996
20240217 3994
20240218 3992
20240219 3997
20240220 4001
20240221 4006
20240222 4010
20240223 4015
20240224 4020
20240225 4023
20240226 4024
20240227 4030
20240228 4034
20240229 4037
20240301 4038
20240302 4038
20240303 4032
20240304 4033
20240305 4034
20240306 4032
20240307 4033
20240308 4028
20240309 4027
20240310 4027
20240311 4023
20240312 4018
20240313 4018
20240314 4021
20240315 4022
