20230707 15
20230709 15
20230710 15
20230711 15
20230712 15
20230714 15
20230715 15
20230730 15
20230731 15
20230801 15
20230802 15
20230803 15
20230804 15
20230805 15
20230806 15
20230807 15
20230808 15
20230809 15
20230810 15
20230811 15
20230812 15
20230813 15
20230815 15
20230816 15
20230817 15
20230818 15
20230819 15
20230820 15
20230821 15
20230822 15
20230823 15
20230824 15
20230825 15
20230826 15
20230827 15
20230828 15
20230829 15
20230830 15
20230831 15
20230901 15
20230902 15
20230903 15
20230904 15
20230905 15
20230906 15
20230907 15
20230908 15
20230909 15
20230910 15
20230911 15
20230912 15
20230913 15
20230914 15
20230915 15
20230916 15
20230917 15
20230918 15
20230919 15
20230920 9
20230921 9
20230922 9
20230923 9
20230924 9
20230925 9
20230926 9
20230927 9
20230928 9
20230929 9
20230930 9
20231001 9
20231002 9
20231003 9
20231005 9
20231007 9
20231008 9
20231009 9
20231010 9
20231011 10
20231012 10
20231013 10
20231014 10
20231015 10
20231016 10
20231017 10
20231018 10
20231019 10
20231020 10
20231021 10
20231022 10
20231023 10
20231024 10
20231025 10
20231026 10
20231027 10
20231028 10
20231029 10
20231030 10
20231031 10
20231101 10
20231102 10
20231103 10
20231104 10
20231105 10
20231106 10
20231107 10
20231108 10
20231109 10
20231110 10
20231111 10
20231112 10
20231113 10
20231114 10
20231115 10
20231116 10
20231117 10
20231118 10
20231120 10
20231121 10
20231122 10
20231123 10
20231124 10
20231125 10
20231126 10
20231127 10
20231128 10
20231129 10
20231130 10
20231201 10
20231202 10
20231203 10
20231204 10
20231205 10
20231206 10
20231207 10
20231208 10
20231209 10
20231210 10
20231211 10
20231212 10
20231213 10
20231214 10
20231215 10
20231216 10
20231217 10
20231218 10
20231219 10
20231220 10
20231221 10
20231222 10
20231223 10
20231224 10
20231225 10
20231226 10
20231227 10
20231230 10
20231231 10
20240101 10
20240102 10
20240103 10
20240104 10
20240105 10
20240106 10
20240107 10
20240108 10
20240109 10
20240110 10
20240111 10
20240112 10
20240113 10
20240114 10
20240115 10
20240116 10
20240117 10
20240118 10
20240119 10
20240120 10
20240121 10
20240122 10
20240124 10
20240125 10
20240126 10
20240127 10
20240128 10
20240129 10
20240130 10
20240131 10
20240201 10
20240202 10
20240203 10
20240204 10
20240205 10
20240206 10
20240207 10
20240208 10
20240209 10
20240210 10
20240211 10
20240212 10
20240213 10
20240214 10
20240215 10
20240216 10
20240217 10
20240218 10
20240219 10
20240220 10
20240221 10
20240222 10
