20230707 8521
20230709 8520
20230710 8519
20230711 8511
20230712 8514
20230713 8519
20230714 8518
20230715 8514
20230730 8478
20230731 8479
20230801 8477
20230802 8477
20230803 8475
20230804 8477
20230802 8477
20230805 8476
20230806 8476
20230807 8475
20230806 8476
20230808 8478
20230809 8476
20230810 8476
20230811 8477
20230812 8476
20230810 8476
20230813 8475
20230817 8475
20230818 8478
20230817 8475
20230819 8477
20230817 8475
20230820 8478
20230817 8475
20230821 8477
20230817 8475
20230822 8478
20230817 8475
20230823 8477
20230824 8477
20230825 8479
20230826 8479
20230827 8477
20230826 8479
20230828 8476
20230826 8479
20230829 8473
20230830 8473
20230831 8471
20230830 8473
20230901 8422
20230830 8473
20230902 8411
20230904 8411
20230905 8412
20230906 8411
20230904 8411
20230907 8412
20230904 8411
20230908 8413
20230909 8413
20230910 8410
20230909 8413
20230911 8411
20230909 8413
20230912 8414
20230913 8414
20230914 8413
20230913 8414
20230915 8410
20230913 8414
20230916 8409
20230913 8414
20230917 8405
20230913 8414
20230918 8403
20230919 8403
20230920 8293
20230919 8403
20230921 8296
20230919 8403
20230922 8292
20230923 8292
20230924 8291
20230925 8291
20230926 8292
20230925 8291
20230927 8305
20230925 8291
20230928 8304
20230925 8291
20230929 8303
20230925 8291
20230930 8306
20230925 8291
20231001 8303
20230925 8291
20231002 8300
20231003 8300
20231005 8306
20231003 8300
20231007 8303
20231003 8300
20231008 8304
20231003 8300
20231009 8288
20231003 8300
20231010 8295
20231003 8300
20231011 8293
20231003 8300
20231012 8287
20231013 8287
20231014 8290
20231013 8287
20231015 8289
20231016 8289
20231017 8280
20231018 8280
20231019 8281
20231018 8280
20231020 8282
20231018 8280
20231021 8284
20231018 8280
20231022 8279
20231018 8280
20231023 8278
20231018 8280
20231024 8271
20231018 8280
20231025 8269
20231018 8280
20231026 8266
20231018 8280
20231027 8268
20231018 8280
20231028 8272
20231018 8280
20231029 8271
20231018 8280
20231030 8270
20231018 8280
20231031 8271
20231102 8271
20231103 8275
20231104 8275
20231105 8274
20231106 8275
20231104 8275
20231107 8281
20231104 8275
20231108 8280
20231104 8275
20231109 8281
20231104 8275
20231110 8291
20231104 8275
20231111 8289
20231104 8275
20231112 8290
20231104 8275
20231113 8289
20231104 8275
20231114 8291
20231104 8275
20231115 8288
20231104 8275
20231116 8292
20231104 8275
20231117 8267
20231104 8275
20231118 8265
20231104 8275
20231120 8261
20231104 8275
20231121 8262
20231122 8262
20231123 8265
20231122 8262
20231124 8269
20231125 8269
20231126 8268
20231125 8269
20231127 8267
20231125 8269
20231128 8265
20231125 8269
20231129 8263
20231125 8269
20231130 8265
20231125 8269
20231201 8262
20231125 8269
20231202 8259
20231203 8259
20231204 8258
20231205 8259
20231203 8259
20231206 8261
20231203 8259
20231207 8260
20231203 8259
20231208 8261
20231203 8259
20231209 8262
20231203 8259
20231210 8267
20231203 8259
20231211 8269
20231203 8259
20231212 8268
20231203 8259
20231213 8267
20231203 8259
20231214 8268
20231203 8259
20231215 8270
20231216 8259
20231203 8259
20231217 8252
20231203 8259
20231218 8242
20231203 8259
20231219 8244
20231203 8259
20231220 8250
20231222 8250
20231223 8249
20231222 8250
20231224 8248
20231222 8250
20231225 8247
20231222 8250
20231226 8245
20231227 8245
20231230 8244
20231227 8245
20231231 8243
20231227 8245
20240101 8241
20231227 8245
20240102 8240
20231227 8245
20240103 8238
20231227 8245
20240104 8236
20231227 8245
20240105 8229
20231227 8245
20240106 8226
20231227 8245
20240107 8225
20231227 8245
20240108 8223
20231227 8245
20240109 8224
20231227 8245
20240110 8223
20240112 8223
20240113 8220
20240112 8223
20240114 8225
20240112 8223
20240115 8221
20240116 8223
20240112 8223
20240117 8226
20240112 8223
20240118 8228
20240112 8223
20240119 8224
20240120 8224
20240121 8221
20240120 8224
20240122 8230
20240120 8224
20240124 8226
20240120 8224
20240125 8225
20240126 8225
20240127 8230
20240126 8225
20240128 8231
20240129 8231
20240130 8234
20240129 8231
20240131 8241
20240129 8231
20240201 8263
20240129 8231
20240202 8260
20240129 8231
20240203 8262
20240129 8231
20240204 8263
20240206 8263
20240207 8266
20240208 8266
20240209 8267
20240210 8267
20240211 8252
20240210 8267
20240212 8250
20240210 8267
20240213 8252
20240214 8252
20240215 8250
20240214 8252
20240216 8248
20240214 8252
20240217 8247
20240214 8252
20240218 8248
20240221 8248
20240222 8247
20240221 8248
20240223 8239
20240221 8248
20240224 8240
20240221 8248
20240225 8243
20240221 8248
20240226 8242
20240221 8248
20240227 8245
20240221 8248
20240228 8244
20240221 8248
20240229 8245
20240221 8248
20240301 8244
20240303 8244
20240304 8240
20240303 8244
20240305 8237
20240303 8244
20240306 8234
20240308 8234
20240309 8239
20240310 8239
20240311 8240
20240310 8239
20240312 8241
20240310 8239
20240313 8242
20240310 8239
20240314 8243
20240310 8239
20240315 8238
20240310 8239
20240316 8241
20240317 8241
20240318 8240
20240317 8241
20240319 8235
20240317 8241
20240320 8236
20240317 8241
20240321 8218
20240317 8241
20240322 8207
20240317 8241
20240323 8205
20240325 8205
20240326 8204
20240325 8205
20240327 8202
20240328 8202
20240329 8203
20240328 8202
20240330 8204
20240331 8204
20240401 8203
20240331 8204
20240402 8207
20240331 8204
20240403 8205
20240404 8205
20240405 8192
20240404 8205
20240406 8190
20240404 8205
20240407 8186
20240404 8205
20240408 8181
20240409 8181
20240410 8160
20240409 8181
20240411 8159
20240409 8181
20240412 8160
20240413 8160
20240415 8154
20240413 8160
20240416 8151
20240413 8160
20240417 8148
20240413 8160
20240418 8147
20240413 8160
20240419 8146
20240413 8160
20240420 8147
20240413 8160
20240421 8146
20240413 8160
20240422 8142
20240413 8160
20240423 8134
20240413 8160
20240424 8135
20240413 8160
20240425 8137
20240413 8160
20240426 8135
20240413 8160
20240427 8138
20240428 8138
20240429 8129
20240428 8138
20240430 8128
20240428 8138
20240501 8127
20240428 8138
20240503 8123
20240428 8138
20240504 8124
20240428 8138
20240505 8120
20240428 8138
20240506 8117
20240428 8138
20240507 8120
20240428 8138
20240508 8121
20240428 8138
20240509 8119
20240428 8138
20240510 8122
20240428 8138
20240511 8119
20240512 8119
20240513 8121
20240514 8119
20240512 8119
20240515 8116
20240512 8119
20240516 8115
20240512 8119
20240517 8102
20240512 8119
20240518 8103
20240519 8103
20240520 8114
20240519 8103
20240521 8109
20240519 8103
20240522 8108
20240519 8103
20240523 8107
20240519 8103
20240524 8106
20240519 8103
20240525 8102
20240519 8103
20240526 8100
20240527 8100
20240528 8099
20240527 8100
20240529 8096
20240527 8100
20240530 8094
20240527 8100
20240531 8091
20240527 8100
20240601 8087
20240602 8087
20240603 8085
20240602 8087
20240604 8086
20240605 8086
20240606 8062
20240605 8086
20240609 8044
20240605 8086
20240611 8037
20240605 8086
20240612 8035
20240605 8086
20240613 8058
20240614 8058
20240615 8064
20240614 8058
20240616 8063
20240614 8058
20240617 8060
20240618 8060
20240620 8068
20240618 8060
20240621 8065
20240618 8060
20240622 8066
20240618 8060
20240623 8062
20240618 8060
20240624 8052
20240618 8060
20240626 8037
20240618 8060
20240627 8039
20240628 8039
20240629 8041
20240628 8039
20240630 8040
20240628 8039
20240701 8037
20240628 8039
20240702 8036
20240628 8039
20240703 8034
20240628 8039
20240704 8036
20240628 8039
20240705 8029
20240628 8039
20240706 8032
20240707 8032
20240708 8034
20240707 8032
20240709 8035
20240707 8032
20240710 8039
20240707 8032
20240711 8038
20240712 8038
20240713 8036
20240712 8038
20240714 8027
20240712 8038
20240715 8028
20240712 8038
20240716 8024
20240712 8038
20240717 8018
20240712 8038
20240718 8010
20240712 8038
20240719 8009
20240712 8038
20240720 8007
20240721 8007
20240722 8006
20240724 8006
20240725 8008
20240724 8006
20240726 8012
20240724 8006
20240727 8011
20240728 8011
20240729 8007
20240728 8011
20240730 8008
20240728 8011
20240731 8009
20240728 8011
20240801 8007
20240728 8011
20240802 8009
20240728 8011
20240803 8004
20240728 8011
20240804 8007
20240728 8011
20240805 8008
20240728 8011
20240806 8006
20240728 8011
20240807 8010
20240809 8010
20240810 8011
20240811 8010
20240809 8010
20240812 8009
20240813 8009
20240814 8012
20240815 8012
20240816 8009
20240815 8012
20240817 8013
20240819 8013
20240820 8011
20240819 8013
20240821 8012
20240819 8013
20240822 8014
20240823 8014
20240824 8013
20240823 8014
20240825 8011
20240823 8014
20240826 8010
20240823 8014
20240827 7997
20240823 8014
20240828 7996
20240823 8014
20240829 7997
20240823 8014
20240830 7998
20240823 8014
20240831 7996
20240823 8014
20240901 7994
20240823 8014
20240902 7992
20240823 8014
20240903 7991
20240823 8014
20240904 7995
20240823 8014
20240905 7994
20240823 8014
20240906 7990
20240823 8014
20240907 7989
20240823 8014
20240908 7976
20240823 8014
20240909 7974
20240910 7974
20240911 7973
20240912 7973
20240913 7974
20240914 7973
20240915 7973
20240916 7972
20240915 7973
20240917 7975
20240915 7973
20240918 7976
20240915 7973
20240919 7975
20240915 7973
20240920 7974
20240921 7973
20240915 7973
20240921 7974
20240922 7973
20240915 7973
20240925 7976
20240915 7973
20240926 7977
20240915 7973
20240927 7975
20240928 7973
20240928 7973
