20230922 113
20231123 113
20231124 116
20231209 116
20231210 117
20231223 117
20231224 119
20240118 119
20240119 120
20240120 119
20240223 119
20240224 120
20240303 120
20240304 121
20240326 121
20240327 123
20240406 123
20240407 124
20240417 124
20240418 125
20240419 126
20240420 132
20240421 133
20240422 133
20240423 136
20240425 136
20240426 142
20240427 142
20240428 145
20240430 145
20240501 149
20240503 157
20240504 157
20240505 166
20240506 173
20240507 175
20240508 177
20240509 177
20240510 178
20240512 178
20240513 179
20240514 180
20240515 181
20240517 181
20240518 182
20240519 185
20240520 185
20240521 187
20240526 187
20240527 188
20240528 189
20240602 189
20240603 191
20240604 209
20240605 219
20240606 219
20240609 220
20240614 220
20240615 222
20240620 222
20240621 223
20240622 223
20240623 224
20240624 224
20240626 226
20240629 226
20240630 227
20240706 227
20240707 231
20240708 234
20240709 235
20240712 235
20240713 237
20240715 237
20240716 235
20240717 235
20240718 236
20240719 236
20240720 238
20240724 238
20240725 239
20240805 239
20240806 240
20240808 240
20240809 241
20240810 325
20240811 325
20240812 350
20240813 350
20240814 399
20240815 399
20240816 411
20240817 423
20240818 428
20240819 429
20240820 430
20240821 432
20240822 435
20240827 435
20240828 437
20240829 437
20240830 438
20240901 438
20240902 241
20240904 241
20240905 242
20240913 242
20240914 244
20241010 244
20241011 243
20241014 243
20241015 244
20241022 244
20241023 246
20241027 246
20241028 247
20241116 247
20241117 248
20241128 248
20241129 249
20241208 249
20241209 250
20241215 250
20241216 252
20241222 252
20241223 253
20241228 253
20241229 254
20250123 254
20250124 255
20250125 256
20250126 256
20250127 257
20250129 257
20250130 259
20250206 259
20250207 260
20250228 260
20250301 259
20250302 260
20250303 259
20250315 259
20250316 260
20250401 260
20250402 261
20250427 261
20250428 263
20250510 263
20250511 264
20250512 263
20250517 263
20250518 264
20250605 264
20250606 263
20250625 263
20250626 262
20250719 262
20250720 263
20250808 263
20250810 264
20250821 264
20250822 262
20250907 262
20250908 261
20250910 261
20250911 260
20251013 260
20251014 261
20251026 261
20251027 260
20251101 260
20251102 259
20251107 259
20251108 260
20251113 260
20251114 261
20251115 261
20251116 257
20251128 257
20251129 256
20251204 256
20251206 258
20251217 258
20260103 263
20260109 263
20260110 261
20260111 261
20260112 259
20260128 259
20260130 260
20260131 260
20260201 259
20260305 259
