20230708 2167
20230709 2167
20230710 2166
20230711 2166
20230712 2167
20230713 2165
20230714 2165
20230715 2165
20230730 2166
20230731 2167
20230801 2150
20230802 2150
20230803 2150
20230804 2150
20230805 2150
20230806 2150
20230807 2150
20230808 2149
20230809 2150
20230810 2150
20230811 2152
20230812 2153
20230813 2153
20230814 2153
20230815 2152
20230816 2152
20230817 2152
20230818 2152
20230819 2152
20230820 2153
20230821 2153
20230822 2153
20230823 2153
20230824 2153
20230825 2153
20230826 2153
20230827 2153
20230828 2153
20230829 2153
20230830 2152
