20230707 20
20230709 20
20230710 20
20230711 20
20230712 20
20230714 20
20230715 20
20230730 20
20230731 20
20230801 20
20230802 20
20230803 20
20230804 20
20230805 20
20230806 20
20230807 20
20230808 20
20230809 20
20230810 20
20230811 20
20230812 20
20230813 20
20230815 20
20230816 20
20230817 20
20230818 20
20230819 20
20230820 20
20230821 20
20230822 20
20230823 20
20230824 20
20230825 20
20230826 20
20230827 20
20230828 20
20230829 20
20230830 20
20230831 20
20230901 20
20230902 20
20230903 20
20230904 20
20230905 20
20230906 20
20230907 20
20230908 20
20230909 20
20230910 20
20230911 20
20230912 20
20230913 20
20230914 20
20230915 20
20230916 20
20230917 20
20230918 20
20230919 20
20230920 18
20230921 18
20230922 18
20230923 18
20230924 18
20230925 18
20230926 18
20230927 18
20230928 18
20230929 18
20230930 18
20231001 18
20231002 18
20231003 18
20231005 18
20231007 19
20231008 19
20231009 19
20231010 19
20231011 19
20231012 19
20231013 19
20231014 19
20231015 19
20231016 19
20231017 19
20231018 19
20231019 19
20231020 19
20231021 19
20231022 19
20231023 19
20231024 19
20231025 19
20231026 19
20231027 19
20231028 19
20231029 19
20231030 19
20231031 19
20231101 19
20231102 19
20231103 19
20231104 19
20231105 19
20231106 19
20231107 19
20231108 19
20231109 19
20231110 19
20231111 19
20231112 19
20231113 19
20231114 19
20231115 19
20231116 19
20231117 19
20231118 19
20231120 19
20231121 19
20231122 19
20231123 19
20231124 19
20231125 19
20231126 19
20231127 19
20231128 19
20231129 19
20231130 19
20231201 19
20231202 19
20231203 19
20231204 19
20231205 19
20231206 19
20231207 19
20231208 19
20231209 19
20231210 19
20231211 19
20231212 19
20231213 19
20231214 19
20231215 19
20231216 19
20231217 19
20231218 19
20231219 19
20231220 19
20231221 19
20231222 19
20231223 19
20231224 19
20231225 19
20231226 19
20231227 19
20231230 19
20231231 19
20240101 19
20240102 19
20240103 19
20240104 19
20240105 19
20240106 19
20240107 19
20240108 19
20240109 19
20240110 19
20240111 19
20240112 19
20240113 19
20240114 19
20240115 19
20240116 19
20240117 19
20240118 19
20240119 19
20240120 19
20240121 19
20240122 19
20240124 19
20240125 19
20240126 19
20240127 19
20240128 19
20240129 19
20240130 19
20240131 19
20240201 19
20240202 19
20240203 19
20240204 19
20240205 19
20240206 19
20240207 19
20240208 19
20240209 19
20240210 19
20240211 19
20240212 19
20240213 19
20240214 19
20240215 19
20240216 19
20240217 19
20240218 19
20240219 19
20240220 19
20240221 19
20240222 19
20240223 19
20240224 19
20240225 19
20240226 19
20240227 19
20240228 19
20240229 19
20240301 19
20240302 19
20240303 19
20240304 19
20240305 19
20240306 19
20240307 19
20240308 19
20240309 19
20240310 19
20240311 19
20240312 19
20240313 19
20240314 19
20240315 19
20240316 19
20240317 19
20240318 19
20240319 19
20240320 19
20240321 19
20240322 19
20240323 19
20240324 19
20240325 19
20240326 19
20240327 19
20240328 19
20240329 19
20240330 19
20240331 19
20240401 19
20240402 19
20240403 19
20240404 19
20240405 19
20240406 19
20240407 19
20240408 19
20240409 19
20240410 19
20240411 19
20240412 19
20240413 19
20240415 19
20240416 19
20240417 19
20240418 19
20240419 19
20240420 19
20240421 19
20240422 19
20240423 19
20240424 19
20240425 19
20240426 19
20240427 19
20240428 19
20240429 19
20240430 19
20240501 19
20240503 19
20240504 19
20240505 19
20240506 19
20240507 19
20240508 19
20240509 19
20240510 19
20240511 19
20240512 19
20240513 19
20240514 19
20240515 19
20240516 19
20240517 19
20240518 19
20240519 19
20240520 19
20240521 19
20240522 19
20240523 19
20240524 19
20240525 19
20240526 19
20240527 19
20240528 19
20240529 19
20240530 19
20240531 19
20240601 19
20240602 19
20240603 19
20240604 19
20240605 19
20240606 19
20240609 19
20240611 19
20240612 19
20240613 19
20240614 19
20240615 19
20240616 19
20240617 19
20240618 19
20240620 19
20240621 19
20240622 19
