20230707 18505
20230709 18504
20230710 18497
20230711 18507
20230712 18513
20230713 18496
20230714 18503
20230715 18483
20230730 18311
20230731 18304
20230801 18302
20230802 18349
20230803 18328
20230804 18306
20230805 18301
20230806 18282
20230807 18273
20230808 18245
20230809 18226
20230810 18223
20230811 18201
20230812 18193
20230813 18172
20230815 18174
20230816 18174
20230817 18167
20230818 18194
20230819 18201
20230820 18182
20230821 18181
20230822 18186
20230823 18182
20230824 18194
20230825 18184
20230826 18187
20230827 18185
20230828 18173
20230829 18176
20230830 18164
20230831 18158
20230901 18149
20230902 18137
20230903 18133
20230904 18109
20230905 18093
20230906 18110
20230907 18096
20230908 18086
