20230707 395801
20230709 396163
20230710 396618
20230711 397318
20230712 398044
20230713 398522
20230714 399020
20230715 399338
20230730 404708
20230731 405052
20230801 405675
20230802 406309
20230803 406864
20230804 407495
20230805 408114
20230806 408403
20230807 408694
20230808 409210
20230809 410016
20230810 410476
20230811 411254
20230812 411906
20230813 412276
20230815 413185
20230816 413716
20230817 414243
20230818 414822
20230819 415332
20230820 415657
20230821 415934
20230822 416506
20230823 417072
20230824 417542
20230825 418008
20230826 418566
20230827 418958
20230828 419294
20230829 420056
20230830 420846
20230831 421286
20230901 421846
20230902 422483
20230903 422857
20230904 423278
20230905 423962
20230906 424519
20230907 425188
20230908 426078
20230909 426910
20230910 427408
20230911 428027
20230912 428963
20230913 429583
20230914 430371
20230915 431269
20230916 431952
20230917 432390
20230918 432871
20230919 433694
20230920 417827
20230921 419548
20230922 420295
20230923 421018
20230924 421727
20230925 422123
20230926 422750
20230927 423517
20230928 424280
20230929 424950
20230930 425565
20231001 425888
20231002 426332
20231003 427109
20231005 428272
20231007 429652
20231008 430246
20231009 430850
20231010 431719
20231011 432319
20231012 433137
20231013 434009
20231014 434868
20231015 435293
20231016 435866
20231017 436501
