20230707 19656
20230709 19662
20230710 19661
20230711 19672
20230712 19659
20230713 19665
20230714 19667
20230715 19670
20230730 19633
20230731 19631
20230801 19628
20230802 19617
20230803 19622
20230804 19623
20230805 19619
20230806 19616
20230807 19611
20230808 19618
20230809 19615
20230810 19617
20230811 19620
20230812 19621
20230813 19619
20230815 19613
20230816 19618
20230817 19610
20230818 19610
20230819 19610
20230820 19604
20230821 19606
20230822 19601
20230823 19599
20230824 19608
20230825 19613
20230826 19611
20230827 19609
20230828 19604
20230829 19607
20230830 19601
20230831 19605
20230901 19607
20230902 19599
20230903 19595
20230904 19592
20230905 19597
20230906 19601
20230907 19598
20230908 19603
20230909 19603
20230910 19600
20230911 19595
20230912 19594
20230913 19600
20230914 19576
20230915 19570
20230916 19563
20230917 19555
20230918 19546
20230919 19541
20230920 18351
20230921 18350
20230922 18348
20230923 18335
20230924 18330
20230925 18326
20230926 18308
20230927 18312
20230928 18317
20230929 18313
20230930 18318
20231001 18316
20231002 18315
20231003 18312
20231005 18317
20231007 18318
20231008 18319
20231009 18315
20231010 18312
20231011 18310
20231012 18305
20231013 18305
20231014 18304
20231015 18294
20231016 18290
20231017 18289
20231018 18288
20231019 18296
20231020 18294
20231021 18291
20231022 18285
20231023 18285
20231024 18275
20231025 18285
20231026 18289
20231027 18296
20231028 18300
20231029 18295
20231030 18364
20231031 18372
20231101 18379
20231102 18375
20231103 18372
20231104 18362
20231105 18357
20231106 18358
20231107 18365
20231108 18396
20231109 18392
20231110 18392
20231111 18393
20231112 18396
20231113 18394
20231114 18389
20231115 18382
20231116 18373
20231117 18385
20231118 18376
20231120 18372
