20230503 4
20230519 359
20230707 736
20230709 737
20230710 741
20230711 744
20230712 744
20230713 747
20230714 746
20230715 746
20230730 771
20230731 771
20230801 772
20230802 774
20230803 777
20230804 777
20230805 775
20230806 775
20230807 781
20230808 781
20230809 783
20230810 785
20230811 785
20230812 787
20230813 787
20230815 791
20230816 793
20230817 793
20230818 793
20230819 793
20230820 793
20230821 793
20230822 793
20230823 795
20230824 796
20230825 799
20230826 798
20230827 801
20230828 802
20230829 802
20230830 807
