20230707 5866
20230709 5867
20230710 5870
20230711 5872
20230712 5863
20230713 5879
20230714 5879
20230715 5877
20230730 5942
20230731 5961
20230801 5966
20230802 5971
20230803 5974
20230804 5979
20230805 5985
20230806 5986
20230807 5988
20230808 5991
20230809 5992
20230810 5999
20230811 5997
20230812 5996
20230813 5996
20230815 6005
20230816 6011
20230817 6015
20230818 6026
20230819 6026
20230820 6023
20230821 6027
20230822 6031
20230823 6037
20230824 6034
20230825 6038
20230826 6040
20230827 6044
20230828 6044
20230829 6052
20230830 6053
20230831 6058
20230901 6069
20230902 6067
20230903 6070
20230904 6070
20230905 6075
20230906 6079
20230907 6087
20230908 6085
20230909 6087
20230910 6088
20230911 6089
20230912 6087
20230913 6089
20230914 6088
20230915 6088
20230916 6098
20230917 6099
20230918 6105
20230919 6102
20230920 5630
20230921 5639
20230922 5635
20230923 5634
20230924 5636
20230925 5632
20230926 5636
20230927 5637
20230928 5637
20230929 5654
20230930 5663
20231001 5664
20231002 5667
20231003 5683
20231005 5688
20231007 5690
20231008 5691
20231009 5707
20231010 5719
20231011 5718
20231012 5725
20231013 5731
20231014 5730
20231015 5733
20231016 5733
20231017 5737
20231018 5739
20231019 5738
20231020 5734
20231021 5736
20231022 5736
20231023 5741
20231024 5743
20231025 5747
20231026 5756
20231027 5759
20231028 5766
20231029 5769
20231030 5776
20231031 5778
20231101 5773
20231102 5779
20231103 5783
20231104 5786
20231105 5783
20231106 5779
20231107 5770
20231108 5768
20231109 5775
20231110 5776
20231111 5774
20231112 5775
20231113 5773
20231114 5778
20231115 5781
20231116 5794
20231117 5812
20231118 5815
20231120 5820
20231121 5821
20231122 5830
20231123 5843
20231124 5844
20231125 5844
20231126 5848
20231127 5854
20231128 5855
20231129 5854
20231130 5859
20231201 5859
20231202 5861
20231203 5862
20231204 5861
20231205 5859
20231206 5855
20231207 5856
20231208 5863
20231209 5862
20231210 5860
20231211 5865
20231212 5868
20231213 5876
20231214 5881
20231215 5886
20231216 5894
20231217 5891
20231218 5895
20231219 5894
20231220 5895
20231221 5893
20231222 5903
20231223 5906
20231224 5906
20231225 5909
20231226 5907
20231227 5906
20231230 5913
20231231 5909
20240101 5907
20240102 5910
20240103 5910
20240104 5911
20240105 5910
20240106 5915
20240107 5917
20240108 5911
20240109 5915
20240110 5917
20240111 5937
20240112 5939
20240113 5943
20240114 5937
20240115 5935
20240116 5937
20240117 5940
20240118 5937
20240119 5942
20240120 5946
20240121 5943
20240122 5940
20240124 5935
20240125 5940
20240126 5944
20240127 5949
20240128 5945
20240129 5946
20240130 5947
20240131 5951
20240201 5949
20240202 5946
20240203 5950
20240204 5953
20240205 5950
20240206 5954
20240207 5960
20240208 5960
20240209 5964
20240210 5963
20240211 5965
20240212 5961
20240213 5967
20240214 5973
20240215 5981
20240216 5985
20240217 5985
20240218 5981
20240219 5981
20240220 5994
20240221 5990
20240222 6000
