20230707 2476
20230709 2476
20230710 2476
20230711 2476
20230712 2478
20230713 2476
20230714 2476
20230715 2474
20230730 2465
20230731 2465
20230801 2464
20230802 2462
20230803 2464
20230804 2463
20230805 2456
20230806 2457
20230807 2457
20230808 2457
20230809 2456
20230810 2455
20230811 2454
20230812 2454
20230813 2454
20230815 2454
20230816 2453
20230817 2453
20230818 2451
20230819 2452
20230820 2453
20230821 2453
20230822 2452
20230823 2451
20230824 2451
20230825 2451
20230826 2450
20230827 2446
20230828 2445
20230829 2446
20230830 2449
20230831 2451
20230901 2451
20230902 2449
20230903 2445
20230904 2445
20230905 2444
20230906 2446
20230907 2442
20230908 2440
20230909 2441
20230910 2442
20230911 2442
20230912 2442
20230913 2442
20230914 2442
20230915 2440
20230916 2441
20230917 2440
20230918 2436
20230919 2435
