20230707 16158
20230709 16152
20230710 16148
20230711 16149
20230712 16153
20230713 16159
20230714 16165
20230715 16163
20230730 16093
20230731 16082
20230801 16076
20230802 16082
20230803 16080
20230804 15995
20230805 15993
20230806 16001
20230807 16008
20230808 16015
20230809 16009
20230810 16009
20230811 16008
20230810 16009
20230812 16012
20230810 16009
20230813 16004
20230810 16009
20230815 16007
20230810 16009
20230816 16015
20230810 16009
20230817 16022
20230810 16009
20230818 16031
20230810 16009
20230819 16033
20230810 16009
20230820 16025
20230810 16009
20230821 16016
20230810 16009
20230822 16021
20230810 16009
20230823 16033
20230810 16009
20230824 16036
20230810 16009
20230825 15796
20230826 15796
20230827 15791
20230826 15796
20230828 15797
20230826 15796
20230829 15799
20230826 15796
20230830 15789
20230826 15796
20230831 15788
20230826 15796
20230901 15776
20230826 15796
20230902 15774
20230826 15796
20230903 15767
20230826 15796
20230904 15769
20230826 15796
20230905 15768
20230826 15796
20230906 15774
20230826 15796
20230907 15770
20230826 15796
20230908 15769
20230826 15796
20230909 15767
20230910 15767
20230911 15762
20230912 15767
20230910 15767
20230913 15773
20230910 15767
20230914 15774
20230910 15767
20230915 15780
20230910 15767
20230916 15781
20230910 15767
20230917 15780
20230910 15767
20230918 15764
20230910 15767
20230919 15770
20230910 15767
20230920 14713
20230910 15767
20230921 14709
20230910 15767
20230922 14707
20230910 15767
20230923 14702
20230910 15767
20230924 14684
20230910 15767
20230925 14659
20230910 15767
20230926 14657
20230910 15767
20230927 14659
20230928 14659
20230929 14652
20230928 14659
20230930 14645
20230928 14659
20231001 14628
20230928 14659
20231002 14602
20230928 14659
20231003 14593
20230928 14659
20231005 14587
20230928 14659
20231007 14590
20230928 14659
20231008 14600
20230928 14659
20231009 14585
20230928 14659
20231010 14588
20230928 14659
20231011 14580
20230928 14659
20231012 14582
20230928 14659
20231013 14570
20230928 14659
20231014 14566
20230928 14659
20231015 14555
20230928 14659
20231016 14550
20230928 14659
20231017 14542
20230928 14659
20231018 14536
20230928 14659
20231019 14537
20230928 14659
20231020 14554
20230928 14659
20231021 14550
20230928 14659
20231022 14549
20230928 14659
20231023 14543
20230928 14659
20231024 14538
20230928 14659
20231025 14540
20230928 14659
20231026 14534
20231027 14534
20231028 14538
20231027 14534
20231029 14532
20231027 14534
20231030 14525
20231027 14534
20231031 14549
20231027 14534
20231101 14554
20231027 14534
20231102 14533
20231027 14534
20231103 14537
20231027 14534
20231104 14531
20231027 14534
20231105 14532
20231027 14534
20231106 14530
20231027 14534
20231107 14533
20231027 14534
20231108 14549
20231027 14534
20231109 14548
20231027 14534
20231110 14550
20231027 14534
20231111 14543
20231027 14534
20231112 14511
20231113 14511
20231114 14509
20231113 14511
20231115 14506
20231113 14511
20231116 14494
20231113 14511
20231117 14500
20231113 14511
20231118 14491
20231113 14511
20231120 14488
20231113 14511
20231121 14472
20231113 14511
20231122 14488
20231113 14511
20231123 14509
20231113 14511
20231124 14447
20231113 14511
20231125 14450
20231113 14511
20231126 14442
20231113 14511
20231127 14440
20231113 14511
20231128 14435
20231113 14511
20231129 14449
20231113 14511
20231130 14447
20231113 14511
20231201 14442
20231113 14511
20231202 14443
20231113 14511
20231203 14442
20231113 14511
20231204 14414
20231113 14511
20231205 14419
20231113 14511
20231206 14423
20231113 14511
20231207 14425
20231208 14425
20231209 14426
20231208 14425
20231210 14427
20231208 14425
20231211 14413
20231208 14425
20231212 14416
20231208 14425
20231213 14426
20231208 14425
20231214 14423
20231208 14425
20231215 14407
20231208 14425
20231216 14409
20231208 14425
20231217 14402
20231208 14425
20231218 14394
20231208 14425
20231219 14373
20231208 14425
20231220 14345
20231208 14425
20231221 14349
20231208 14425
20231222 14356
20231208 14425
20231223 14361
20231208 14425
20231224 14359
20231208 14425
20231225 14352
20231208 14425
20231226 14343
20231208 14425
20231227 14290
20231208 14425
20231230 14332
20231208 14425
20231231 14329
20231208 14425
20240101 14327
20231208 14425
20240102 14328
20231208 14425
20240103 14327
20240104 14327
20240105 14332
20240104 14327
20240106 14350
20240104 14327
20240107 14344
20240109 14344
20240110 14348
20240109 14344
20240111 14378
20240109 14344
20240112 14375
20240109 14344
20240113 14380
20240109 14344
20240114 14381
20240109 14344
20240115 14385
20240109 14344
20240116 14391
20240109 14344
20240117 14389
20240109 14344
20240118 14388
20240109 14344
20240119 14387
20240109 14344
20240120 14383
20240121 14383
20240122 14375
20240121 14383
20240124 14380
20240121 14383
20240125 14392
20240121 14383
20240126 14399
20240121 14383
20240127 14395
20240121 14383
20240128 14393
20240121 14383
20240129 14399
20240121 14383
20240130 14402
20240121 14383
20240131 14403
20240121 14383
20240201 14400
20240121 14383
20240202 14408
20240121 14383
20240203 14412
20240121 14383
20240204 14408
20240121 14383
20240205 14403
20240121 14383
20240206 14406
20240121 14383
20240207 14402
20240121 14383
20240208 14404
20240121 14383
20240209 14397
20240121 14383
20240210 14402
20240121 14383
20240211 14395
20240121 14383
20240212 14392
20240121 14383
20240213 14399
20240121 14383
20240214 14401
20240121 14383
20240215 14409
20240121 14383
20240216 14414
20240217 14414
20240218 14409
20240217 14414
20240219 14410
20240217 14414
20240220 14404
20240217 14414
20240221 14401
20240217 14414
20240222 14415
20240217 14414
20240223 14440
20240217 14414
20240224 14437
20240217 14414
20240225 14453
20240217 14414
20240226 14449
20240217 14414
20240227 14448
20240217 14414
20240228 14444
20240217 14414
20240229 14456
20240217 14414
20240301 14458
20240302 14458
20240303 14461
20240302 14458
20240304 14453
20240302 14458
20240305 14465
20240302 14458
20240306 14479
20240302 14458
20240307 14474
20240302 14458
20240308 14465
20240302 14458
20240309 14467
20240302 14458
20240310 14457
20240302 14458
20240311 14459
20240302 14458
20240312 14457
20240302 14458
20240313 14469
20240302 14458
20240314 14494
20240302 14458
20240315 14499
20240302 14458
20240316 14500
20240302 14458
20240317 14494
20240302 14458
20240318 14490
20240319 14490
20240320 14508
20240319 14490
20240321 14509
20240319 14490
20240322 14518
20240319 14490
20240323 14526
20240319 14490
20240324 14519
20240319 14490
20240325 14511
20240327 14511
20240328 14512
20240327 14511
20240329 14506
20240327 14511
20240330 14504
20240327 14511
20240331 14506
20240327 14511
20240401 14504
20240327 14511
20240402 14501
20240327 14511
20240403 14506
20240327 14511
20240404 14499
20240327 14511
20240405 14498
20240327 14511
20240406 14499
20240327 14511
20240407 14493
20240327 14511
20240408 14490
20240327 14511
20240409 14495
20240327 14511
20240410 14496
20240327 14511
20240411 14505
20240327 14511
20240412 14516
20240327 14511
20240413 14520
20240327 14511
20240415 14512
20240327 14511
20240416 14521
20240327 14511
20240417 14520
20240327 14511
20240418 14518
20240327 14511
20240419 14506
20240327 14511
20240420 14503
20240327 14511
20240421 14500
20240327 14511
20240422 14498
20240327 14511
20240423 14500
20240327 14511
20240424 14502
20240327 14511
20240425 14498
20240327 14511
20240426 14504
20240327 14511
20240427 14503
20240327 14511
20240428 14508
20240327 14511
20240429 14505
20240327 14511
20240430 14501
20240327 14511
20240501 14497
20240327 14511
20240503 14477
20240504 14477
20240505 14458
20240504 14477
20240506 14457
20240504 14477
20240507 14458
20240504 14477
20240508 14470
20240504 14477
20240509 14478
20240504 14477
20240510 14471
20240504 14477
20240511 14467
20240504 14477
20240512 14470
20240504 14477
20240513 14462
20240504 14477
20240514 14467
20240504 14477
20240515 14457
20240504 14477
20240516 14455
20240504 14477
20240517 14459
20240504 14477
20240518 14451
20240504 14477
20240519 14450
20240504 14477
20240520 14445
20240504 14477
20240521 14440
20240522 14440
20240523 14432
20240522 14440
20240524 14436
20240522 14440
20240525 14437
20240526 14440
20240522 14440
20240527 14434
20240528 14434
20240529 14429
20240528 14434
20240530 14433
20240528 14434
20240531 14437
20240528 14434
20240601 14429
20240602 14429
20240603 14422
20240602 14429
20240604 14425
20240602 14429
20240605 14413
20240602 14429
20240606 14398
20240602 14429
20240609 14397
20240602 14429
20240611 14387
20240602 14429
20240612 14388
20240602 14429
20240613 14378
20240602 14429
20240614 14387
20240602 14429
20240615 14383
20240602 14429
20240616 14371
20240602 14429
20240617 14367
20240602 14429
20240618 14369
20240602 14429
20240620 14366
20240602 14429
20240621 14373
20240602 14429
20240622 14370
20240602 14429
20240623 14368
20240602 14429
20240624 14364
20240602 14429
20240626 14362
20240602 14429
20240627 14365
20240602 14429
20240628 14374
20240602 14429
20240629 14369
20240602 14429
20240630 14367
20240602 14429
20240701 14368
20240602 14429
20240702 14363
20240602 14429
20240703 14360
20240602 14429
20240704 14365
20240602 14429
20240705 14366
20240602 14429
20240706 14368
20240602 14429
20240707 14365
20240602 14429
20240708 14367
20240602 14429
20240709 14366
20240602 14429
20240710 14360
20240602 14429
20240711 14349
20240602 14429
20240712 14345
20240713 14345
20240714 14328
20240713 14345
20240715 14324
20240713 14345
20240716 14329
20240713 14345
20240717 14303
20240713 14345
20240718 14296
20240713 14345
20240719 14294
20240713 14345
20240720 14299
20240713 14345
20240721 14292
20240713 14345
20240722 14285
20240713 14345
20240723 14287
20240724 14287
20240725 14280
20240724 14287
20240726 14281
20240724 14287
20240727 14273
20240724 14287
20240728 14271
20240724 14287
20240729 14261
20240724 14287
20240730 14257
20240724 14287
20240731 14255
20240801 14255
20240802 14256
20240801 14255
20240803 14245
20240801 14255
20240804 14234
20240801 14255
20240805 14232
20240801 14255
20240806 14228
20240801 14255
20240807 14231
20240801 14255
20240808 14234
20240810 14234
20240811 14233
20240810 14234
20240812 14224
20240810 14234
20240813 14220
20240810 14234
20240814 14231
20240810 14234
20240815 14235
20240810 14234
20240816 14229
20240817 14229
20240818 14216
20240817 14229
20240819 14207
20240817 14229
20240820 14202
20240817 14229
20240821 14182
20240817 14229
20240822 14192
20240817 14229
20240823 14195
20240817 14229
20240824 14197
20240817 14229
20240825 14192
20240817 14229
20240826 14187
20240817 14229
20240827 14185
20240817 14229
20240828 14183
20240817 14229
20240829 14174
20240817 14229
20240830 14175
20240817 14229
20240831 14169
20240817 14229
20240901 14159
20240817 14229
20240902 14156
20240817 14229
20240903 14153
20240817 14229
20240904 14160
20240817 14229
20240905 14177
20240817 14229
20240906 14173
20240817 14229
20240907 14160
20240817 14229
20240908 14159
20240817 14229
20240909 14163
20240817 14229
20240910 14171
20240817 14229
20240911 14168
20240817 14229
20240912 14179
20240817 14229
20240913 14185
20240817 14229
20240914 14182
20240817 14229
20240915 14183
20240817 14229
20240916 14178
20240817 14229
20240917 14177
20240817 14229
20240918 14175
20240817 14229
20240919 14179
20240817 14229
20240920 14183
20240817 14229
20240921 14174
20240817 14229
20240921 14179
20240817 14229
20240922 14174
20240817 14229
20240925 14175
20240817 14229
20240926 14189
20240817 14229
20240927 14190
20240817 14229
20240928 14191
20240817 14229
20240929 14198
20240929 14198
