20230707 121
20230709 121
20230710 121
20230711 122
20230712 122
20230714 122
20230715 122
20230730 122
20230731 122
20230801 122
20230802 122
20230803 122
20230804 122
20230805 122
20230806 122
20230807 122
20230808 122
20230809 122
20230810 122
20230811 122
20230812 122
20230813 122
20230815 122
20230816 122
20230817 122
20230818 122
20230819 122
20230820 122
20230821 122
20230822 122
20230823 122
20230824 122
20230825 122
20230826 122
20230827 122
20230828 122
20230829 122
20230830 122
20230831 122
20230901 122
20230902 122
20230903 122
20230904 122
20230905 122
