20230707 78
20230919 78
20230920 76
20231101 76
20231102 77
20240624 77
20240626 77
20240627 77
20240628 77
20240629 77
20240630 77
20240701 77
20240702 77
20240703 77
20240704 77
20240705 77
20240706 77
20240707 77
20240708 77
20240709 77
20240710 77
20240711 77
20240712 77
20240713 77
20240714 77
20240715 77
20240716 77
20240717 77
20240718 77
20240719 77
20240720 77
20240721 77
20240722 77
20240723 77
20240724 77
20240725 77
20240726 77
20240727 77
20240728 77
20240729 77
20240730 77
20240731 77
20240801 77
20240802 77
20240803 77
20240804 77
20240805 77
20240806 77
20240807 77
20240808 77
20240809 77
20240810 77
