20230707 70
20230709 70
20230710 70
20230711 70
20230712 70
20230714 70
20230715 70
20230730 70
20230731 70
20230801 70
20230802 70
20230803 70
20230804 70
20230805 70
20230806 70
20230807 70
20230808 70
20230809 70
20230810 70
20230811 70
20230812 70
20230813 70
20230815 70
20230816 70
20230817 70
20230818 70
20230819 70
20230820 70
20230821 70
20230822 70
20230823 70
20230824 70
20230825 70
20230826 70
20230827 70
20230828 70
20230829 70
20230830 70
20230831 70
20230901 70
20230902 70
20230903 70
20230904 70
20230905 70
20230906 70
20230907 70
20230908 70
20230909 70
20230910 70
20230911 70
20230912 70
20230913 70
20230914 70
20230915 70
20230916 70
20230917 70
20230918 70
20230919 70
20230920 68
20230921 68
20230922 68
20230923 68
20230924 68
20230925 68
20230926 68
20230927 68
20230928 68
20230929 68
20230930 68
20231001 68
20231002 68
20231003 68
20231005 68
20231007 68
20231008 68
20231009 68
20231010 68
20231011 68
20231012 68
20231013 68
20231014 68
20231015 68
20231016 68
20231017 68
20231018 68
20231019 68
20231020 68
20231021 68
20231022 68
20231023 68
20231024 68
20231025 68
20231026 68
20231027 68
20231028 68
20231029 68
20231030 68
20231031 68
20231101 68
20231102 68
20231103 68
20231104 68
20231105 68
20231106 68
20231107 68
20231108 68
20231109 68
20231110 68
20231111 68
20231112 68
20231113 68
20231114 68
20231115 68
20231116 68
20231117 68
20231118 68
20231120 68
20231121 68
20231122 68
20231123 68
20231124 68
20231125 68
20231126 68
20231127 68
20231128 68
20231129 68
20231130 68
20231201 68
20231202 68
20231203 68
20231204 68
20231205 68
20231206 68
20231207 68
20231208 68
20231209 68
20231210 68
20231211 68
20231212 68
20231213 68
20231214 68
20231215 68
20231216 68
20231217 68
20231218 68
20231219 68
20231220 68
20231221 68
20231222 68
20231223 68
20231224 68
20231225 68
20231226 68
20231227 68
20231230 68
20231231 68
20240101 68
20240102 68
20240103 68
20240104 68
20240105 68
20240106 68
20240107 68
20240108 68
20240109 68
20240110 68
20240111 68
20240112 68
20240113 68
20240114 68
20240115 68
20240116 68
20240117 68
20240118 68
20240119 68
20240120 68
20240121 68
20240122 68
20240124 68
20240125 68
20240126 68
20240127 68
20240128 68
20240129 68
20240130 68
20240131 68
20240201 68
20240202 68
20240203 68
20240204 68
20240205 68
20240206 68
20240207 68
20240208 68
20240209 68
20240210 68
20240211 68
20240212 68
20240213 68
20240214 68
20240215 68
20240216 68
20240217 68
20240218 68
20240219 68
20240220 68
20240221 68
20240222 68
20240223 68
20240224 68
20240225 68
20240226 68
20240227 68
20240228 68
20240229 68
20240301 68
20240302 68
20240303 68
20240304 68
20240305 68
20240306 68
20240307 68
20240308 68
20240309 68
20240310 68
20240311 68
20240312 68
20240313 68
20240314 68
20240315 68
20240316 68
20240317 68
20240318 68
20240319 68
20240320 68
20240321 68
20240322 68
20240323 68
20240324 68
20240325 68
20240326 68
20240327 68
20240328 68
20240329 68
20240330 68
20240331 68
20240401 68
20240402 68
20240403 68
20240404 68
20240405 68
20240406 68
20240407 68
20240408 68
20240409 68
20240410 68
20240411 68
20240412 68
20240413 68
20240415 68
20240416 68
20240417 68
20240418 68
20240419 68
20240420 68
20240421 68
20240422 68
20240423 68
20240424 68
20240425 68
20240426 68
20240427 68
20240428 68
20240429 68
20240430 68
20240501 68
20240503 68
20240504 68
20240505 68
20240506 68
20240507 68
20240508 68
20240509 68
20240510 68
20240511 68
20240512 68
20240513 68
20240514 68
20240515 68
20240516 68
20240517 68
20240518 68
20240519 68
20240520 68
20240521 68
20240522 68
20240523 68
20240524 68
20240525 68
20240526 68
20240527 68
20240528 68
20240529 68
20240530 68
20240531 68
20240601 68
20240602 68
20240603 68
20240604 68
20240605 68
20240606 68
20240609 68
20240611 68
20240612 68
20240613 68
20240614 68
20240615 68
20240616 68
20240617 68
20240618 68
20240620 68
