20230922 8701
20230924 8698
20230925 8707
20230926 8693
20230927 8705
20230928 8687
20230929 8701
20230930 8707
20231001 8711
20231002 8710
20231003 8696
20231005 8715
20231007 8717
20231008 8730
20231009 8727
20231010 8713
20231011 8709
20231012 8709
20231013 8726
20231014 8727
20231015 8727
20231016 8730
20231017 8730
20231018 8711
20231019 8711
20231020 8722
20231021 8710
20231022 8710
20231023 8709
20231024 8700
20231025 8691
20231026 8682
20231027 8690
20231028 8690
20231029 8696
20231030 8678
20231031 8666
20231101 8677
20231102 8672
20231103 8675
20231104 8667
20231105 8666
20231106 8657
