20230707 1716396
20230710 1716804
20230711 1717160
20230712 1717674
20230713 1718144
20230714 1718641
20230715 1719138
20230716 1719450
20230717 1719580
20230718 1719935
20230719 1720417
20230720 1720885
20230721 1721345
20230722 1721788
20230723 1722106
20230724 1722230
20230725 1722506
20230726 1722955
20230727 1723446
20230728 1723944
20230729 1724368
20230730 1724640
20230731 1724772
20230801 1725055
20230802 1725538
20230803 1725958
20230804 1726408
20230805 1726752
20230806 1726973
20230807 1727103
20230808 1727359
20230809 1727782
20230810 1728165
20230811 1728559
20230812 1729026
20230813 1729316
20230815 1729710
20230816 1730014
20230817 1730279
20230818 1730676
20230819 1731055
20230820 1731324
20230821 1731459
20230822 1731744
20230823 1732135
20230824 1732542
20230825 1732896
20230826 1733270
20230827 1733529
20230828 1733656
20230829 1733934
20230830 1734381
20230831 1734784
20230901 1735197
20230902 1735553
20230903 1735806
20230904 1735920
20230905 1736190
20230906 1736685
