20230707 22544
20230709 22517
20230710 22499
20230711 22479
20230712 22474
20230713 22463
20230714 22443
20230715 22432
20230730 22320
20230731 22304
20230801 22304
20230802 22327
20230803 22308
20230804 22318
20230805 22322
20230806 22321
20230807 22320
20230808 22329
20230809 22327
20230810 22334
20230811 22323
20230812 22327
20230813 22321
20230815 22317
20230816 22315
20230817 22307
20230818 22312
20230819 22315
20230820 22309
20230821 22295
20230822 22279
20230823 22254
20230824 22249
20230825 22245
20230826 22246
20230827 22241
20230828 22253
20230829 22251
20230830 22234
20230831 22234
20230901 22221
20230902 22212
20230903 22197
20230904 22174
20230905 22176
20230906 22167
20230907 22181
20230908 22181
20230909 22166
20230910 22148
20230911 22133
20230912 22135
20230913 22124
20230914 22120
20230915 22119
20230916 22091
20230917 22082
20230918 22068
20230919 22068
20230920 20990
20230921 20972
20230922 20967
20230923 20961
20230924 20956
20230925 20936
20230926 20926
20230927 20900
20230928 20901
20230929 20908
