20230922 384062
20230924 383470
20230925 381112
20230926 381187
20230927 381909
20230928 381559
20230929 382723
20230930 382952
20231001 383952
20231002 384734
20231003 385274
20231005 387999
20231007 388300
20231008 388440
20231009 388548
20231010 388437
20231011 388256
20231012 387890
20231013 387572
20231014 387609
20231015 387708
20231016 387840
20231017 387840
20231018 387747
20231019 387747
20231020 387793
20231021 387655
20231022 387632
20231023 387531
20231024 387308
20231025 387006
20231026 386756
20231027 386849
20231028 386877
20231029 386691
20231030 386576
20231031 386448
20231101 386305
20231102 385548
20231103 384786
20231104 384195
20231105 384124
20231106 383965
20231107 383780
20231108 383780
20231109 383786
20231110 383713
20231111 383745
20231112 382553
20231113 379775
20231114 379920
20231115 379866
20231116 379772
20231117 379740
20231118 379577
20231120 379434
20231121 379338
20231122 379170
20231123 379253
20231124 379283
20231125 379235
20231126 379271
20231127 379327
20231128 379361
20231129 379480
20231130 379303
20231201 379304
20231202 379337
20231203 379370
20231204 379298
20231205 379279
20231206 379208
20231207 379255
20231208 379452
20231209 379322
20231210 380785
20231211 380470
20231212 382088
20231213 383679
20231214 384088
20231215 384823
20231216 385010
20231217 385971
20231218 386791
20231219 386523
20231220 386347
20231221 386307
20231222 386338
20231223 385853
20231224 385720
20231225 386005
20231226 386521
20231227 386429
20231230 386196
20231231 386092
20240101 385896
20240102 385976
20240103 385959
20240104 385914
20240105 385709
20240106 385580
20240107 385190
20240108 385021
20240109 384877
20240110 384759
20240111 384740
20240112 384480
20240113 384230
20240114 384100
