20230922 26892
20230924 26948
20230925 26981
20230926 27001
20230927 27013
20230928 27023
20230929 27032
20230930 27066
20231001 27093
20231002 27104
20231003 27113
20231005 27133
20231007 27183
20231008 27213
20231009 27234
20231010 27254
20231011 27259
20231012 27181
20231013 27023
20231014 27093
20231015 27119
20231016 27143
20231017 27143
20231018 27129
20231019 27129
20231020 27080
20231021 27115
20231022 27138
20231023 27157
20231024 27157
20231025 27177
20231026 27188
20231027 27056
20231028 27082
20231029 27099
20231030 27129
20231031 27149
20231101 27149
20231102 27158
20231103 27170
20231104 27185
20231105 27227
20231106 27243
20231107 27262
20231108 27262
20231109 27276
20231110 27285
20231111 27326
20231112 27352
20231113 27375
20231114 27389
20231115 27391
20231116 27388
