20230922 24501
20230924 24530
20230925 24526
20230926 24518
20230927 24523
20230928 24541
20230929 24561
20230930 24559
20231001 24568
20231002 24570
20231003 24571
20231005 24560
20231007 24577
20231008 24636
20231009 24641
20231010 24639
20231011 24645
20231012 24657
20231013 24668
20231014 24672
20231015 24685
20231016 24681
20231017 24681
20231018 24697
20231019 24697
20231020 24696
20231021 24694
20231022 24710
20231023 24696
20231024 24696
20231025 24697
20231026 24698
20231027 24701
20231028 24697
20231029 24689
20231030 24688
20231031 24679
20231101 24685
20231102 24699
20231103 24699
20231104 24701
20231105 24696
20231106 24681
20231107 24667
20231108 24667
20231109 24658
20231110 24670
20231111 24676
20231112 24673
20231113 24676
20231114 24673
20231115 24674
20231116 24666
20231117 24662
20231118 24657
20231120 24654
20231121 24652
20231122 24647
20231123 24659
20231124 24658
20231125 24657
20231126 24656
20231127 24646
20231128 24635
20231129 24629
20231130 24641
20231201 24647
20231202 24653
20231203 24629
20231204 24628
20231205 24627
20231206 24625
20231207 24624
20231208 24604
20231209 24616
20231210 24619
20231211 24622
20231212 24613
20231213 24601
20231214 24601
20231215 24614
20231216 24617
20231217 24619
20231218 24611
20231219 24604
20231220 24604
20231221 24606
20231222 24615
20231223 24626
20231224 24641
20231225 24642
20231226 24646
20231227 24657
20231230 24689
20231231 24688
20240101 24675
20240102 24656
20240103 24637
20240104 24624
20240105 24616
20240106 24623
20240107 24627
20240108 24616
20240109 24606
20240110 24599
20240111 24596
20240112 24602
20240113 24598
20240114 24594
20240115 24596
20240116 24621
20240117 24625
20240118 24637
20240119 25963
20240120 24657
20240121 24660
20240122 24665
20240124 24665
20240125 24658
20240126 24661
20240127 24660
20240128 24660
20240129 24666
20240130 24681
20240131 24695
20240201 24720
20240202 24721
20240203 24722
20240204 24730
20240205 24741
20240206 24757
20240207 24768
20240208 24772
20240209 24804
20240210 24820
20240211 24820
20240212 24819
20240213 24810
20240214 24814
20240215 24807
20240216 24802
20240217 24801
20240218 24789
20240219 24798
20240220 24810
20240221 24806
20240222 24805
20240223 24812
20240224 24810
20240225 24806
20240226 24806
20240227 24806
20240228 24806
20240229 24809
20240301 24819
20240302 24817
20240303 24840
20240304 24849
20240305 24845
20240306 24852
20240307 24867
20240308 24883
20240309 24893
20240310 24900
20240311 24903
20240312 24904
20240313 24922
20240314 24909
20240315 24934
20240316 24941
20240317 24945
20240318 24947
20240319 24960
20240320 24968
20240321 25015
20240322 25026
20240323 25041
20240324 25059
20240325 25066
20240326 25064
20240327 25064
20240328 25068
20240329 25082
20240330 25084
20240331 25093
20240401 25103
20240402 25114
20240403 25111
20240404 25132
20240405 25146
20240406 25150
20240407 25156
20240408 25158
20240409 25175
20240410 25174
20240411 25174
20240412 25176
