20230707 530
20230709 531
20230710 531
20230711 530
20230712 530
20230714 530
20230715 530
20230730 545
20230731 545
20230801 545
20230802 545
20230803 545
20230804 546
20230805 546
20230806 546
20230807 546
20230808 546
20230809 546
20230810 546
20230811 546
20230812 546
20230813 546
20230815 543
20230816 551
20230817 575
20230818 586
20230819 586
20230820 587
20230821 592
20230822 593
20230823 593
20230824 594
20230825 595
20230826 596
20230827 595
20230828 595
20230829 595
20230830 595
20230831 595
20230901 595
20230902 595
20230903 594
20230904 595
20230905 592
20230906 590
20230907 585
20230908 586
20230909 584
20230910 584
20230911 584
20230912 585
20230913 585
20230914 585
20230915 586
20230916 586
20230917 586
20230918 586
20230919 586
20230920 583
20230921 583
20230922 583
20230923 583
20230924 583
20230925 583
20230926 582
20230927 582
20230928 583
20230929 583
20230930 584
20231001 584
20231002 584
20231003 585
20231005 586
20231007 586
20231008 586
20231009 583
20231010 583
20231011 583
20231012 583
20231013 584
20231014 569
20231015 564
20231016 552
20231017 533
20231018 518
20231019 489
20231020 467
20231021 457
20231022 443
20231023 423
20231024 410
20231025 404
20231026 404
20231027 399
20231028 391
20231029 383
20231030 383
20231031 383
20231101 383
20231102 383
20231103 383
20231104 383
20231105 383
20231106 383
20231107 383
20231108 383
20231109 383
20231110 383
20231111 385
20231112 386
20231113 386
20231114 385
20231115 385
20231116 385
20231117 385
20231118 385
20231120 385
20231121 385
20231122 385
20231123 392
20231124 394
20231125 396
20231126 398
20231127 401
20231128 402
20231129 402
20231130 402
20231201 402
20231202 402
20231203 402
20231204 402
20231205 402
20231206 402
20231207 402
20231208 402
20231209 403
20231210 403
20231211 403
20231212 403
20231213 403
20231214 402
20231215 402
20231216 403
20231217 403
20231218 403
20231219 403
20231220 403
20231221 402
20231222 402
20231223 402
20231224 402
20231225 406
20231226 406
20231227 406
20231230 405
20231231 405
20240101 405
20240102 405
20240103 405
20240104 405
20240105 405
20240106 463
20240107 464
20240108 464
20240109 464
20240110 465
20240111 466
20240112 465
20240113 465
20240114 465
20240115 464
20240116 464
20240117 464
20240118 464
20240119 464
20240120 465
20240121 464
20240122 464
20240124 464
20240125 464
20240126 464
20240127 469
20240128 470
20240129 471
20240130 476
20240131 480
20240201 482
20240202 482
20240203 483
20240204 485
20240205 486
20240206 486
20240207 489
20240208 489
20240209 489
20240210 489
20240211 482
20240212 482
20240213 469
20240214 469
20240215 469
20240216 469
20240217 469
20240218 469
20240219 469
20240220 469
20240221 469
20240222 468
20240223 468
20240224 468
20240225 468
20240226 468
20240227 468
20240228 468
20240229 467
20240301 467
20240302 467
20240303 467
20240304 467
20240305 467
20240306 466
20240307 466
20240308 466
20240309 466
20240310 466
20240311 466
20240312 466
20240313 467
20240314 467
20240315 467
20240316 467
20240317 468
20240318 468
20240319 467
20240320 466
20240321 465
20240322 465
20240323 466
20240324 466
20240325 466
20240326 466
20240327 466
20240328 465
20240329 465
20240330 466
20240331 466
20240401 466
20240402 465
20240403 466
20240404 466
20240405 465
20240406 466
20240407 466
20240408 456
20240409 455
20240410 455
20240411 454
20240412 454
20240413 454
20240415 454
20240416 453
20240417 453
20240418 453
20240419 453
20240420 453
