20230707 7019
20251106 7019
20251107 7386
20251108 7387
20251109 7388
20251110 7387
20251111 7392
20251112 7391
20251113 7387
20251114 7391
20251115 7391
20251116 7392
20251117 7392
20251118 7384
20251119 7382
20251120 7366
20251121 7349
20251122 7344
20251123 7359
20251124 7360
20251125 7364
20251126 7365
20251127 7370
20251128 7366
20251129 7366
20251130 7368
20251202 7371
20251203 7372
20251204 7365
20251206 7364
20251207 7364
20251208 7366
20251209 7367
20251210 7368
20251212 7370
20251213 7369
20251214 7367
20251217 7360
20260103 7298
20260105 7298
20260107 7293
20260108 7293
20260109 7290
20260110 7290
20260111 7289
20260112 7288
20260113 7284
20260114 7276
20260115 7310
20260116 7315
20260117 7307
20260118 7296
20260119 7246
20260120 7250
20260121 7247
20260122 7247
20260123 7250
20260124 7254
20260125 7255
20260126 7256
20260127 7264
20260128 7262
20260130 7259
20260131 7262
20260201 7272
20260202 7273
20260203 7276
20260204 7280
20260205 7279
20260206 7283
20260208 7286
20260209 7283
20260210 7285
20260211 7286
20260212 7284
20260213 7286
20260214 7234
20260215 7238
20260217 7238
20260218 7236
20260219 7233
20260220 7236
20260221 7239
20260222 7235
20260223 7231
20260224 7234
20260225 7235
20260226 7236
20260227 7240
20260228 7238
20260301 7237
20260303 7238
20260304 7237
20260305 7237
20260306 7242
20260307 7224
20260308 7228
