20230707 39060
20230709 39258
20230710 39953
20230711 39555
20230712 40007
20230713 39930
20230714 39919
20230715 39912
20230730 40159
20230731 40180
20230801 40248
20230802 40256
20230803 40267
20230804 39707
20230805 39713
20230806 39704
20230807 39670
20230808 39645
20230809 39691
20230810 39682
20230811 39796
20230812 39885
20230813 39868
20230815 39896
20230816 39916
20230817 39940
20230818 39898
20230819 39906
20230820 39904
20230821 39895
20230822 39898
20230823 39886
20230824 39850
20230825 39804
20230826 39867
20230827 39892
20230828 39870
20230829 39883
20230830 39927
20230831 39921
20230901 39920
20230902 39943
20230903 39914
20230904 39920
20230905 39995
20230906 40019
20230907 40061
20230908 39991
20230909 40050
20230910 40012
20230911 40398
20230912 40436
20230913 40376
20230914 40350
20230915 40309
20230916 40217
20230917 40191
20230918 39638
20230919 39553
20230920 38966
20230921 38894
20230922 38843
20230923 38896
20230924 38850
20230925 38810
20230926 38807
20230927 38804
20230928 38851
20230929 38857
20230930 38822
20231001 38761
20231002 38830
20231003 38808
20231005 38826
20231007 38866
20231008 39040
20231009 39035
20231010 38973
20231011 39181
20231012 39134
20231013 39096
20231014 39082
20231015 39071
20231016 39037
20231017 39032
20231018 38983
20231019 38941
20231020 38868
20231021 38751
20231022 38741
20231023 38697
20231024 38600
20231025 38511
20231026 38461
20231027 38390
20231028 38364
20231029 38286
20231030 38285
20231031 38505
20231101 38404
20231102 38393
20231103 38286
20231104 38296
20231105 38276
20231106 38336
20231107 38325
20231108 38310
20231109 38271
20231110 38291
20231111 38270
20231112 38119
20231113 38119
20231114 38197
20231113 38119
20231115 38321
20231113 38119
20231116 38409
20231113 38119
20231117 38338
20231113 38119
20231118 38352
20231113 38119
20231120 38316
20231113 38119
20231121 38324
20231113 38119
20231122 38258
20231113 38119
20231123 38236
20231113 38119
20231124 38230
20231113 38119
20231125 38337
20231113 38119
20231126 38332
20231113 38119
20231127 38311
20231113 38119
20231128 38364
20231113 38119
20231129 38392
20231113 38119
20231130 38354
20231113 38119
20231201 38369
20231113 38119
20231202 38325
20231203 38325
20231204 38297
20231203 38325
20231205 38364
20231203 38325
20231206 38453
20231203 38325
20231207 38452
20231203 38325
20231208 38408
20231203 38325
20231209 38446
20231203 38325
20231210 38512
20231203 38325
20231211 38504
20231203 38325
20231212 38528
20231203 38325
20231213 38472
20231203 38325
20231214 38479
20231203 38325
20231215 38371
20231203 38325
20231216 38352
20231203 38325
20231217 38350
20231203 38325
20231218 38362
20231203 38325
20231219 38374
20231203 38325
20231220 38387
20231203 38325
20231221 38388
20231203 38325
20231222 38369
20231203 38325
20231223 38449
20231203 38325
20231224 38428
20231203 38325
20231225 38407
20231203 38325
20231226 38651
20231203 38325
20231227 38608
20231203 38325
20231230 38776
20231203 38325
20231231 38757
20231203 38325
20240101 38725
20231203 38325
20240102 38786
20231203 38325
20240103 38835
20231203 38325
20240104 38888
20231203 38325
20240105 38918
20231203 38325
20240106 39019
20231203 38325
20240107 39057
20231203 38325
20240108 39107
20231203 38325
20240109 39164
20231203 38325
20240110 39271
20231203 38325
20240111 39275
20231203 38325
20240112 39301
20231203 38325
20240113 39336
20231203 38325
20240114 39370
20231203 38325
20240115 39456
20231203 38325
20240116 39499
20231203 38325
20240117 39517
20231203 38325
20240118 39525
20231203 38325
20240119 39595
20231203 38325
20240120 39391
20231203 38325
20240121 39410
20231203 38325
20240122 39505
20231203 38325
20240124 39695
20231203 38325
20240125 39769
20231203 38325
20240126 40014
20231203 38325
20240127 40091
20231203 38325
20240128 40041
20231203 38325
20240129 40061
20231203 38325
20240130 40007
20231203 38325
20240131 40078
20231203 38325
20240201 40092
20231203 38325
20240202 40189
20231203 38325
20240203 40197
20231203 38325
20240204 40202
20231203 38325
20240205 40110
20231203 38325
20240206 40410
20231203 38325
20240207 40433
20231203 38325
20240208 40558
20240209 40558
20240210 40629
20240209 40558
20240211 40330
20240209 40558
20240212 40433
20240209 40558
20240213 40488
20240209 40558
20240214 40532
20240209 40558
20240215 40734
20240209 40558
20240216 40676
20240209 40558
20240217 40462
20240209 40558
20240218 40995
20240209 40558
20240219 41220
20240209 40558
20240220 41258
20240209 40558
20240221 41437
20240209 40558
20240222 41031
20240223 41031
20240224 41037
20240223 41031
20240225 41060
20240223 41031
20240226 41114
20240223 41031
20240227 41274
20240223 41031
20240228 41700
20240223 41031
20240229 41831
20240223 41031
20240301 41897
20240223 41031
20240302 42021
20240223 41031
20240303 42185
20240223 41031
20240304 42461
20240223 41031
20240305 42555
20240223 41031
20240306 42866
20240223 41031
20240307 42895
20240223 41031
20240308 42819
20240223 41031
20240309 43194
20240223 41031
20240310 43137
20240223 41031
20240311 43215
20240223 41031
20240312 43252
20240223 41031
20240313 43180
20240223 41031
20240314 43411
20240223 41031
20240315 43437
20240223 41031
20240316 43383
20240223 41031
20240317 43365
20240223 41031
20240318 43286
20240223 41031
20240319 43249
20240223 41031
20240320 43306
20240223 41031
20240321 43236
20240223 41031
20240322 43241
20240223 41031
20240323 43298
20240223 41031
20240324 43313
20240223 41031
20240325 43504
20240223 41031
20240326 43526
20240223 41031
20240327 43523
20240223 41031
20240328 43401
20240223 41031
20240329 43422
20240223 41031
20240330 43363
20240223 41031
20240331 43360
20240223 41031
20240401 43365
20240223 41031
20240402 43381
20240223 41031
20240403 43403
20240223 41031
20240404 43465
20240223 41031
20240405 43647
20240223 41031
20240406 43653
20240223 41031
20240407 43628
20240223 41031
20240408 43725
20240223 41031
20240409 43727
20240223 41031
20240410 43762
20240223 41031
20240411 43688
20240223 41031
20240412 43760
20240223 41031
20240413 43608
20240223 41031
20240415 43393
20240223 41031
20240416 43377
20240223 41031
20240417 43421
20240223 41031
20240418 43444
20240223 41031
20240419 43390
20240223 41031
20240420 43344
20240223 41031
20240421 43389
20240223 41031
20240422 43237
20240223 41031
20240423 43286
20240223 41031
20240424 43392
20240223 41031
20240425 43257
20240223 41031
20240426 43218
20240223 41031
20240427 43298
20240223 41031
20240428 43224
20240223 41031
20240429 43156
20240223 41031
20240430 43220
20240223 41031
20240501 43343
20240223 41031
20240503 43318
20240223 41031
20240504 43449
20240223 41031
20240505 43478
20240223 41031
20240506 43352
20240223 41031
20240507 43443
20240223 41031
20240508 43430
20240223 41031
20240509 43408
20240223 41031
20240510 43380
20240223 41031
20240511 43434
20240223 41031
20240512 43326
20240223 41031
20240513 43362
20240223 41031
20240514 43399
20240223 41031
20240515 43543
20240223 41031
20240516 43471
20240223 41031
20240517 43467
20240223 41031
20240518 43387
20240223 41031
20240519 43274
20240223 41031
20240520 43285
20240223 41031
20240521 43303
20240223 41031
20240522 43358
20240223 41031
20240523 43484
20240223 41031
20240524 43236
20240223 41031
20240525 43161
20240223 41031
20240526 43194
20240223 41031
20240527 43134
20240223 41031
20240528 43213
20240223 41031
20240529 43309
20240223 41031
20240530 43288
20240223 41031
20240531 43324
20240223 41031
20240601 43370
20240223 41031
20240602 43472
20240223 41031
20240603 43529
20240223 41031
20240604 43618
20240605 43618
20240606 43822
20240605 43618
20240609 43855
20240605 43618
20240611 43801
20240605 43618
20240612 44068
20240605 43618
20240613 44360
20240605 43618
20240614 44393
20240605 43618
20240615 44028
20240605 43618
20240616 43927
20240605 43618
20240617 43866
20240605 43618
20240618 43889
20240605 43618
20240620 43851
20240605 43618
20240621 43735
20240605 43618
20240622 43699
20240605 43618
20240623 43762
20240605 43618
20240624 43599
20240605 43618
20240626 43867
20240605 43618
20240627 43853
20240605 43618
20240628 43819
20240605 43618
20240629 43734
20240605 43618
20240630 43681
20240605 43618
20240701 43653
20240605 43618
20240702 43646
20240605 43618
20240703 43623
20240605 43618
20240704 43691
20240605 43618
20240705 43743
20240605 43618
20240706 43781
20240605 43618
20240707 43691
20240605 43618
20240708 43693
20240605 43618
20240709 43643
20240605 43618
20240710 43705
20240605 43618
20240711 43732
20240605 43618
20240712 43743
20240605 43618
20240713 43809
20240605 43618
20240714 43772
20240605 43618
20240715 43767
20240605 43618
20240716 43787
20240605 43618
20240717 43692
20240605 43618
20240718 43740
20240605 43618
20240719 43632
20240605 43618
20240720 43486
20240605 43618
20240721 43484
20240605 43618
20240722 43497
20240605 43618
20240723 43476
20240724 43476
20240725 43550
20240724 43476
20240726 43551
20240724 43476
20240727 43637
20240724 43476
20240728 43636
20240724 43476
20240729 43640
20240724 43476
20240730 43637
20240724 43476
20240731 43662
20240724 43476
20240801 43693
20240724 43476
20240802 43723
20240724 43476
20240803 43743
20240724 43476
20240804 43745
20240724 43476
20240805 43695
20240724 43476
20240806 43762
20240724 43476
20240807 43792
20240724 43476
20240808 43848
20240724 43476
20240809 43911
20240724 43476
20240810 43948
20240724 43476
20240811 43980
20240724 43476
20240812 43971
20240724 43476
20240813 44001
20240724 43476
20240814 43998
20240724 43476
20240815 44040
20240724 43476
20240816 44006
20240724 43476
20240817 44027
20240724 43476
20240818 44080
20240724 43476
20240819 44063
20240724 43476
20240820 44060
20240724 43476
20240821 43722
20240724 43476
20240822 43717
20240724 43476
20240823 43756
20240724 43476
20240824 43806
20240724 43476
20240825 43787
20240724 43476
20240826 43769
20240827 43769
20240828 43850
20240827 43769
20240829 43819
20240827 43769
20240830 43747
20240827 43769
20240831 43658
20240827 43769
20240901 43667
20240827 43769
20240902 43685
20240827 43769
20240903 43800
20240827 43769
20240904 43803
20240827 43769
20240905 43877
20240827 43769
20240906 43820
20240827 43769
20240907 43800
20240827 43769
20240908 43783
20240827 43769
20240909 43761
20240827 43769
20240910 43757
20240827 43769
20240911 43745
20240827 43769
20240912 43703
20240827 43769
20240913 43723
20240827 43769
20240914 43744
20240827 43769
20240915 43742
20240827 43769
20240916 43721
20240827 43769
20240917 43743
20240827 43769
20240918 43766
20240827 43769
20240919 43789
20240827 43769
20240920 43847
20240827 43769
20240921 43790
20240827 43769
20240921 43797
20240922 43797
20240925 43917
20240922 43797
20240926 43963
20240922 43797
20240927 44005
20240928 44005
20240929 43983
20240930 43983
