20230707 4484
20230709 4486
20230710 4483
20230711 4490
20230712 4487
20230713 4486
20230714 4484
20230715 4482
20230730 4440
20230731 4423
20230801 4425
20230802 4428
20230803 4426
20230804 4428
20230805 4428
20230806 4429
20230807 4425
20230808 4467
20230809 4470
20230810 4472
20230811 4468
20230812 4471
20230813 4474
20230815 4470
20230816 4467
20230817 4466
20230818 4466
20230819 4463
20230820 4460
20230821 4462
20230822 4461
20230823 4456
20230824 4456
20230825 4459
20230826 4458
20230827 4456
20230828 4457
20230829 4456
20230830 4451
20230831 4450
