20230707 3435
20230709 3433
20230710 3432
20230711 3433
20230712 3430
20230713 3428
20230714 3432
20230715 3431
20230730 3433
20230731 3431
20230801 3428
20230802 3431
20230803 3433
20230804 3433
20230805 3433
20230806 3435
20230807 3430
20230808 3431
20230809 3429
20230810 3430
20230811 3434
20230812 3433
20230813 3431
20230815 3431
20230816 3430
20230817 3431
20230818 3430
20230819 3430
20230820 3427
20230821 3430
20230822 3432
20230823 3432
20230824 3431
20230825 3431
20230826 3433
20230827 3437
20230828 3441
20230829 3447
20230830 3451
20230831 3451
20230901 3455
20230902 3453
20230903 3452
20230904 3450
20230905 3451
20230906 3450
20230907 3454
20230908 3453
20230909 3455
20230910 3456
20230911 3458
20230912 3458
20230913 3460
20230914 3458
20230915 3460
20230916 3472
20230917 3473
20230918 3469
20230919 3467
20230920 2939
20230921 2936
20230922 2936
20230923 2936
20230924 2937
20230925 2937
20230926 2937
20230927 2936
