20230922 37045
20230924 37083
20230925 37094
20230926 37100
20230927 37094
20230928 37063
20230929 37055
20230930 37078
20231001 37099
20231002 37150
20231003 37151
20231005 37134
20231007 37165
20231008 37179
20231009 37200
20231010 37222
20231011 37243
20231012 37249
20231013 37254
20231014 37245
20231015 37284
20231016 37283
20231017 37283
20231018 37306
20231019 37306
20231020 37314
20231021 37327
20231022 37350
20231023 37352
20231024 37326
20231025 37298
20231026 37282
20231027 37281
20231028 37287
20231029 37305
