20230707 31413
20230709 31415
20230711 31415
20230712 31431
20230711 31415
20230713 31448
20230711 31415
20230714 31454
20230711 31415
20230715 31441
20230711 31415
20230730 31634
20230711 31415
20230731 31611
20230711 31415
20230801 31589
20230711 31415
20230802 31590
20230711 31415
20230803 31638
20230711 31415
20230804 31672
20230711 31415
20230805 31687
20230711 31415
20230806 31689
20230711 31415
20230807 31657
20230711 31415
20230808 31666
20230711 31415
20230809 31672
20230711 31415
20230810 31690
20230711 31415
20230811 31703
20230711 31415
20230812 31706
20230711 31415
20230813 31696
20230711 31415
20230815 31708
20230711 31415
20230816 31706
20230711 31415
20230817 31722
20230818 31722
20230819 31716
20230818 31722
20230820 31715
20230818 31722
20230821 31714
20230818 31722
20230822 31717
20230818 31722
20230823 31756
20230818 31722
20230824 31774
20230818 31722
20230825 31783
20230818 31722
20230826 31773
20230818 31722
20230827 31712
20230818 31722
20230828 31699
20230829 31699
20230830 31707
20230829 31699
20230831 31719
20230829 31699
20230901 31730
20230829 31699
20230902 31728
20230829 31699
20230903 31712
20230829 31699
20230904 31686
20230829 31699
20230905 31657
20230829 31699
20230906 31661
20230829 31699
20230907 31705
20230829 31699
20230908 31719
20230829 31699
20230909 31730
20230829 31699
20230910 31729
20230829 31699
20230911 31720
20230829 31699
20230912 31725
20230829 31699
20230913 31743
20230829 31699
20230914 31754
20230915 31754
20230916 31758
20230915 31754
20230917 31737
20230915 31754
20230918 31720
20230915 31754
20230919 31750
20230915 31754
20230920 31748
20230915 31754
20230921 31783
20230915 31754
20230922 31789
20230915 31754
20230923 31798
20230915 31754
20230924 31794
20230915 31754
20230925 31784
20230915 31754
20230926 31802
20230915 31754
20230927 31818
20230915 31754
20230928 31811
20230915 31754
20230929 31818
20230915 31754
20230930 31824
20230915 31754
20231001 31816
20230915 31754
20231002 31818
20230915 31754
20231003 31808
20230915 31754
20231005 31858
20230915 31754
20231007 31883
20230915 31754
20231008 31889
20230915 31754
20231009 31863
20230915 31754
20231010 31842
20230915 31754
20231011 31847
20230915 31754
20231012 31872
20230915 31754
20231013 31887
20230915 31754
20231014 31880
20230915 31754
20231015 31863
20230915 31754
20231016 31858
20230915 31754
20231017 31875
20230915 31754
20231018 32032
20230915 31754
20231019 32070
20230915 31754
20231020 32075
20230915 31754
20231021 32089
20230915 31754
20231022 32087
20230915 31754
20231023 32082
20230915 31754
20231024 32152
20230915 31754
20231025 32192
20230915 31754
20231026 32271
20230915 31754
20231027 32308
20230915 31754
20231028 32310
20230915 31754
20231029 32304
20230915 31754
20231030 32297
20230915 31754
20231031 32306
20230915 31754
20231101 32310
20230915 31754
20231102 32378
20230915 31754
20231103 32427
20230915 31754
20231104 32437
20230915 31754
20231105 32435
20230915 31754
20231106 32384
20230915 31754
20231107 32365
20230915 31754
20231108 32381
20230915 31754
20231109 32400
20230915 31754
20231110 32411
20230915 31754
20231111 32420
20230915 31754
20231112 32411
20230915 31754
20231113 32379
20230915 31754
20231114 32408
20230915 31754
20231115 32428
20230915 31754
20231116 32471
20230915 31754
20231117 32480
20230915 31754
20231118 32428
20230915 31754
20231120 32235
20230915 31754
20231121 32062
20230915 31754
20231122 32034
20230915 31754
20231123 31781
20230915 31754
20231124 31630
20230915 31754
20231125 31594
20230915 31754
20231126 31576
20230915 31754
20231127 31545
20230915 31754
20231128 31534
20230915 31754
20231129 31538
20230915 31754
20231130 31550
20230915 31754
20231201 31538
20230915 31754
20231202 31529
20230915 31754
20231203 31519
20230915 31754
20231204 31461
20230915 31754
20231205 31428
20230915 31754
20231206 31511
20230915 31754
20231207 31540
20230915 31754
20231208 31551
20230915 31754
20231209 31537
20230915 31754
20231210 31496
20230915 31754
20231211 31462
20230915 31754
20231212 31575
20230915 31754
20231213 31646
20231214 31646
20231215 31650
20231214 31646
20231216 31636
20231214 31646
20231217 31604
20231214 31646
20231218 31569
20231214 31646
20231219 31583
20231214 31646
20231220 31595
20231214 31646
20231221 31611
20231214 31646
20231222 31615
20231214 31646
20231223 31605
20231225 31605
20231226 31589
20231225 31605
20231227 31603
20231225 31605
20231230 31613
20231225 31605
20231231 31611
20231225 31605
20240101 31603
20231225 31605
20240102 31592
20231225 31605
20240103 31594
20231225 31605
20240104 31586
20231225 31605
20240105 31593
20231225 31605
20240106 31526
20231225 31605
20240107 31534
20231225 31605
20240108 31506
20231225 31605
20240109 31488
20231225 31605
20240110 31540
20231225 31605
20240111 31579
20231225 31605
20240112 31609
20231225 31605
20240113 31617
20231225 31605
20240114 31599
20231225 31605
20240115 31596
20231225 31605
20240116 31601
20231225 31605
20240117 31685
20231225 31605
20240118 31753
20231225 31605
20240119 31787
20231225 31605
20240120 31809
20231225 31605
20240121 31820
20231225 31605
20240122 31821
20231225 31605
20240124 31902
20231225 31605
20240125 31895
20231225 31605
20240126 31936
20231225 31605
20240127 31956
20231225 31605
20240128 31955
20240129 31955
20240130 31974
20240129 31955
20240131 31993
20240129 31955
20240201 32053
20240129 31955
20240202 32082
20240129 31955
20240203 32109
20240129 31955
20240204 32115
20240205 32115
20240206 32156
20240205 32115
20240207 32188
20240205 32115
20240208 32224
20240205 32115
20240209 32227
20240205 32115
20240210 32216
20240205 32115
20240211 32188
20240205 32115
20240212 32177
20240205 32115
20240213 32206
20240205 32115
20240214 32235
20240205 32115
20240215 32245
20240205 32115
20240216 32272
20240205 32115
20240217 32280
20240205 32115
20240218 32271
20240205 32115
20240219 32266
20240205 32115
20240220 32276
20240205 32115
20240221 32293
20240205 32115
20240222 32308
20240205 32115
20240223 32316
20240205 32115
20240224 32311
20240205 32115
20240225 32300
20240205 32115
20240226 32290
20240205 32115
20240227 32294
20240205 32115
20240228 32309
20240205 32115
20240229 32318
20240205 32115
20240301 32325
20240205 32115
20240302 32334
20240205 32115
20240303 32280
20240205 32115
20240304 32228
20240205 32115
20240305 32262
20240205 32115
20240306 32276
20240205 32115
20240307 32299
20240205 32115
20240308 32312
20240205 32115
20240309 32328
20240205 32115
20240310 32303
20240205 32115
20240311 32301
20240205 32115
20240312 32309
20240205 32115
20240313 32315
20240205 32115
20240314 32340
20240205 32115
20240315 32354
20240205 32115
20240316 32355
20240317 32355
20240318 32345
20240317 32355
20240319 32350
20240317 32355
20240320 32607
20240317 32355
20240321 32698
20240317 32355
20240322 32752
20240317 32355
20240323 32777
20240317 32355
20240324 32781
20240317 32355
20240325 32753
20240317 32355
20240326 32754
20240317 32355
20240327 32732
20240317 32355
20240328 32718
20240317 32355
20240329 32712
20240317 32355
20240330 32720
20240317 32355
20240331 32729
20240317 32355
20240401 32716
20240317 32355
20240402 32710
20240317 32355
20240403 32720
20240317 32355
20240404 32719
20240317 32355
20240405 32732
20240317 32355
20240406 32740
20240317 32355
20240407 32678
20240317 32355
20240408 32667
20240317 32355
20240409 32693
20240317 32355
20240410 32752
20240317 32355
20240411 32782
20240317 32355
20240412 32805
20240317 32355
20240413 32824
20240317 32355
20240415 32784
20240317 32355
20240416 32802
20240317 32355
20240417 32803
20240317 32355
20240418 32834
20240317 32355
20240419 32853
20240317 32355
20240420 32842
20240317 32355
20240421 32826
20240317 32355
20240422 32744
20240317 32355
20240423 32706
20240317 32355
20240424 32675
20240317 32355
20240425 32672
20240317 32355
20240426 32680
20240317 32355
20240427 32761
20240317 32355
20240428 32756
20240317 32355
20240429 32695
20240317 32355
20240430 32691
20240317 32355
20240501 32659
20240317 32355
20240503 32691
20240317 32355
20240504 32710
20240317 32355
20240505 32713
20240317 32355
20240506 32682
20240317 32355
20240507 32729
20240317 32355
20240508 32754
20240317 32355
20240509 32787
20240317 32355
20240510 32796
20240317 32355
20240511 32798
20240317 32355
20240512 32787
20240317 32355
20240513 32763
20240317 32355
20240514 32790
20240317 32355
20240515 32807
20240317 32355
20240516 32847
20240317 32355
20240517 32884
20240317 32355
20240518 32891
20240317 32355
20240519 32878
20240317 32355
20240520 32858
20240317 32355
20240521 32869
20240317 32355
20240522 32833
20240317 32355
20240523 32821
20240317 32355
20240524 32828
20240317 32355
20240525 32847
20240317 32355
20240526 32836
20240317 32355
20240527 32808
20240317 32355
20240528 32804
20240317 32355
20240529 32829
20240317 32355
20240530 32850
20240317 32355
20240531 32874
20240317 32355
20240601 32824
20240317 32355
20240602 32823
20240317 32355
20240603 32794
20240317 32355
20240604 32821
20240317 32355
20240605 32837
20240317 32355
20240606 32841
20240317 32355
20240609 32792
20240317 32355
20240611 32773
20240317 32355
20240612 32893
20240317 32355
20240613 32939
20240317 32355
20240614 32944
20240317 32355
20240615 32959
20240317 32355
20240616 32943
20240317 32355
20240617 32934
20240317 32355
20240618 32911
20240317 32355
20240620 32972
20240317 32355
20240621 32997
20240317 32355
20240622 33000
20240317 32355
20240623 32994
20240317 32355
20240624 32991
20240317 32355
20240626 33138
20240317 32355
20240627 33163
20240317 32355
20240628 33185
20240317 32355
20240629 33202
20240317 32355
20240630 33199
20240317 32355
20240701 33191
20240317 32355
20240702 33188
20240317 32355
20240703 33183
20240317 32355
20240704 33191
20240317 32355
20240705 33188
20240317 32355
20240706 33187
20240317 32355
20240707 33182
20240317 32355
20240708 33164
20240317 32355
20240709 33209
20240317 32355
20240710 33416
20240317 32355
20240711 33546
20240317 32355
20240712 33592
20240317 32355
20240713 33625
20240317 32355
20240714 33570
20240317 32355
20240715 33540
20240317 32355
20240716 33562
20240317 32355
20240717 33607
20240317 32355
20240718 33642
20240317 32355
20240719 33683
20240317 32355
20240720 33693
20240317 32355
20240721 33673
20240317 32355
20240722 33669
20240317 32355
20240723 33622
20240724 33622
20240725 33664
20240724 33622
20240726 33674
20240724 33622
20240727 33677
20240724 33622
20240728 33675
20240724 33622
20240729 33646
20240724 33622
20240730 33660
20240724 33622
20240731 33652
20240724 33622
20240801 33650
20240724 33622
20240802 33657
20240724 33622
20240803 33647
20240724 33622
20240804 33660
20240724 33622
20240805 33640
20240724 33622
20240806 33687
20240724 33622
20240807 33689
20240724 33622
20240808 33693
20240724 33622
20240809 33706
20240724 33622
20240810 33709
20240811 33709
20240812 33704
20240811 33709
20240813 33701
20240811 33709
20240814 33718
20240811 33709
20240815 33723
20240811 33709
20240816 33719
20240817 33709
20240811 33709
20240818 33684
20240811 33709
20240819 33674
20240811 33709
20240820 33690
20240811 33709
20240821 33708
20240811 33709
20240822 33720
20240811 33709
20240823 33735
20240811 33709
20240824 33740
20240811 33709
20240825 33732
20240811 33709
20240826 33712
20240811 33709
20240827 33683
20240811 33709
20240828 33673
20240811 33709
20240829 33688
20240811 33709
20240830 33704
20240811 33709
20240831 33705
20240811 33709
20240901 33693
20240811 33709
20240902 33659
20240811 33709
20240903 33636
20240811 33709
20240904 33637
20240811 33709
20240905 33652
20240811 33709
20240906 33666
20240811 33709
20240907 33672
20240811 33709
20240908 33674
20240811 33709
20240909 33667
20240811 33709
20240910 33664
20240811 33709
20240911 33676
20240811 33709
20240912 33695
20240811 33709
20240913 33720
20240811 33709
20240914 33718
20240811 33709
20240915 33716
20240811 33709
20240916 33703
20240811 33709
20240917 33719
20240811 33709
20240918 33736
20240811 33709
20240919 33767
20240811 33709
20240920 33749
20240811 33709
20240921 33747
20240811 33709
20240921 33758
20240811 33709
20240922 33747
20240811 33709
20240925 33809
20240811 33709
20240926 33864
20240811 33709
20240927 33887
20240811 33709
20240928 33885
20240811 33709
20240929 33857
20240811 33709
20240930 33853
20240811 33709
20241001 33830
20240811 33709
20241002 33850
20241002 33850
