20230707 4451
20230709 4451
20230710 4444
20230711 4438
20230712 4436
20230713 4437
20230714 4438
20230715 4434
20230730 4421
20230731 4417
20230801 4417
20230802 4416
20230803 4415
20230804 4409
20230805 4402
20230806 4400
20230807 4400
20230808 4400
20230809 4397
20230810 4397
20230811 4399
20230812 4401
20230813 4399
20230815 4394
20230816 4400
20230817 4399
20230818 4400
20230819 4399
20230820 4399
20230821 4398
20230822 4387
20230823 4390
20230824 4386
20230825 4387
20230826 4387
20230827 4387
20230828 4378
20230829 4379
20230830 4385
20230831 4390
20230901 4390
20230902 4390
20230903 4387
20230904 4383
20230905 4384
20230906 4381
20230907 4378
20230908 4375
20230909 4372
20230910 4374
20230911 4372
20230912 4370
20230913 4361
20230914 4366
20230915 4368
20230916 4366
20230917 4366
20230918 4363
20230919 4364
20230920 4131
20230921 4129
20230922 4128
20230923 4129
20230924 4127
20230925 4131
20230926 4135
20230927 4135
20230928 4135
20230929 4136
20230930 4138
20231001 4136
20231002 4135
20231003 4137
20231005 4142
20231007 4135
20231008 4134
20231009 4138
20231010 4138
20231011 4140
20231012 4142
20231013 4143
20231014 4142
20231015 4134
20231016 4137
20231017 4134
20231018 4133
20231019 4130
20231020 4129
20231021 4129
20231022 4126
20231023 4127
20231024 4126
20231025 4129
20231026 4128
20231027 4130
20231028 4130
20231029 4136
20231030 4135
20231031 4133
20231101 4132
20231102 4132
20231103 4128
20231104 4125
20231105 4126
20231106 4120
20231107 4116
20231108 4116
20231109 4112
20231110 4111
20231111 4110
20231112 4111
20231113 4110
20231114 4111
20231115 4111
20231116 4105
20231117 4119
20231118 4119
20231120 4119
20231121 4117
20231122 4115
20231123 4118
20231124 4115
20231125 4115
20231126 4116
20231127 4115
20231128 4114
20231129 4114
20231130 4114
20231201 4114
20231202 4110
20231203 4108
20231204 4110
20231205 4107
20231206 4113
20231207 4112
20231208 4114
20231209 4110
20231210 4105
20231211 4104
20231212 4104
20231213 4102
20231214 4104
20231215 4106
20231216 4105
20231217 4103
20231218 4099
20231219 4094
20231220 4089
20231221 4080
20231222 4081
20231223 4082
20231224 4083
20231225 4082
20231226 4083
20231227 4082
20231230 4083
20231231 4084
20240101 4085
20240102 4085
20240103 4082
20240104 4083
20240105 4083
20240106 4100
20240107 4094
20240108 4097
20240109 4098
20240110 4094
20240111 4127
20240112 4131
20240113 4130
20240114 4128
20240115 4125
20240116 4121
20240117 4120
20240118 4118
20240119 4116
20240120 4118
20240121 4119
20240122 4118
20240124 4124
20240125 4129
20240126 4133
20240127 4131
20240128 4129
20240129 4126
20240130 4124
20240131 4124
20240201 4127
20240202 4127
20240203 4131
20240204 4137
20240205 4144
20240206 4144
20240207 4145
20240208 4152
20240209 4153
20240210 4152
20240211 4152
20240212 4155
20240213 4159
20240214 4162
20240215 4163
20240216 4163
20240217 4167
20240218 4165
20240219 4165
20240220 4161
20240221 4167
20240222 4165
20240223 4165
20240224 4156
20240225 4153
20240226 4155
20240227 4155
20240228 4158
20240229 4152
20240301 4151
20240302 4151
20240303 4152
20240304 4153
20240305 4154
20240306 4156
20240307 4152
20240308 4152
20240309 4151
20240310 4150
20240311 4148
20240312 4144
20240313 4140
20240314 4140
20240315 4141
20240316 4139
20240317 4144
