20230707 19601
20230709 19592
20230710 19587
20230711 19595
20230712 19580
20230713 19572
20230714 19574
20230715 19532
20230730 19603
20230731 19621
20230801 19632
20230802 19633
20230803 19632
20230804 19632
20230805 19643
20230804 19632
20230806 19615
20230804 19632
20230807 19613
20230804 19632
20230808 19611
20230809 19611
20230810 19614
20230809 19611
20230811 19616
20230809 19611
20230812 19620
20230809 19611
20230813 19604
20230809 19611
20230815 19603
20230816 19603
20230817 19617
20230816 19603
20230818 19630
20230816 19603
20230819 19636
20230816 19603
20230820 19632
20230816 19603
20230821 19621
20230822 19621
20230823 19623
20230822 19621
20230824 19620
20230822 19621
20230825 19610
20230822 19621
20230826 19625
20230822 19621
20230827 19616
20230822 19621
20230828 19611
20230822 19621
20230829 19618
20230822 19621
20230830 19617
20230822 19621
20230831 19624
20230901 19621
20230822 19621
20230902 19634
20230822 19621
20230903 19653
20230822 19621
20230904 19693
20230822 19621
20230905 19699
20230822 19621
20230906 19704
20230822 19621
20230907 19716
20230822 19621
20230908 19715
20230822 19621
20230909 19714
20230822 19621
20230910 19715
20230822 19621
20230911 19713
20230822 19621
20230912 19710
20230822 19621
20230913 19712
20230822 19621
20230914 19713
20230915 19713
20230916 19710
20230915 19713
20230917 19697
20230915 19713
20230918 19695
20230915 19713
20230919 19698
20230915 19713
20230920 18234
20230915 19713
20230921 18231
20230915 19713
20230922 18235
20230915 19713
20230923 18224
20230915 19713
20230924 18226
20230915 19713
20230925 18232
20230915 19713
20230926 18226
20230915 19713
20230927 18224
20230915 19713
20230928 18207
20230915 19713
20230929 18196
20230915 19713
20230930 18212
20230915 19713
20231001 18215
20230915 19713
20231002 18214
20230915 19713
20231003 18201
20230915 19713
20231005 18227
20230915 19713
20231007 18210
20230915 19713
20231008 18232
20230915 19713
20231009 18290
20230915 19713
20231010 18325
20230915 19713
20231011 18369
20230915 19713
20231012 18404
20230915 19713
20231013 18410
20230915 19713
20231014 18405
20230915 19713
20231015 18416
20230915 19713
20231016 18422
20230915 19713
20231017 18402
20230915 19713
20231018 18387
20231019 18387
20231020 18385
20231019 18387
20231021 18388
20231019 18387
20231022 18394
20231019 18387
20231023 18393
20231019 18387
20231024 18404
20231019 18387
20231025 18398
20231019 18387
20231026 18390
20231027 18387
20231019 18387
20231028 18386
20231019 18387
20231029 18385
20231019 18387
20231030 18369
20231019 18387
20231031 18376
20231019 18387
20231101 18383
20231019 18387
20231102 18382
20231019 18387
20231103 18376
20231019 18387
20231104 18379
20231019 18387
20231105 18385
20231019 18387
20231106 18384
20231019 18387
20231107 18390
20231019 18387
20231108 18406
20231019 18387
20231109 18411
20231019 18387
20231110 18415
20231019 18387
20231111 18408
20231112 18408
20231113 18419
20231112 18408
20231114 18421
20231112 18408
20231115 18430
20231112 18408
20231116 18432
20231112 18408
20231117 18478
20231112 18408
20231118 18489
20231112 18408
20231120 18512
20231112 18408
20231121 18524
20231112 18408
20231122 18525
20231112 18408
20231123 18528
20231112 18408
20231124 18533
20231112 18408
20231125 18547
20231112 18408
20231126 18548
20231112 18408
20231127 18552
20231112 18408
20231128 18557
20231112 18408
20231129 18571
20231112 18408
20231130 18578
20231112 18408
20231201 18539
20231112 18408
20231202 18494
20231112 18408
20231203 18468
20231112 18408
20231204 18458
20231112 18408
20231205 18444
20231112 18408
20231206 18448
20231112 18408
20231207 18451
20231112 18408
20231208 18447
20231112 18408
20231209 18443
20231112 18408
20231210 18439
20231112 18408
20231211 18430
20231112 18408
20231212 18420
20231112 18408
20231213 18422
20231112 18408
20231214 18418
20231112 18408
20231215 18409
20231112 18408
20231216 18384
20231112 18408
20231217 18368
20231112 18408
20231218 18360
20231112 18408
20231219 18356
20231112 18408
20231220 18360
20231112 18408
20231221 18345
20231112 18408
20231222 18357
20231112 18408
20231223 18345
20231112 18408
20231224 18333
20231112 18408
20231225 18359
20231112 18408
20231226 18350
20231112 18408
20231227 18340
20231112 18408
20231230 18336
20231112 18408
20231231 18333
20231112 18408
20240101 18331
20231112 18408
20240102 18326
20231112 18408
20240103 18313
20231112 18408
20240104 18311
20231112 18408
20240105 18312
20231112 18408
20240106 18321
20231112 18408
20240107 18318
20231112 18408
20240108 18325
20231112 18408
20240109 18327
20231112 18408
20240110 18352
20231112 18408
20240111 18424
20231112 18408
20240112 18430
20231112 18408
20240113 18445
20231112 18408
20240114 18444
20231112 18408
20240115 18451
20231112 18408
20240116 18464
20231112 18408
20240117 18470
20231112 18408
20240118 18478
20231112 18408
20240119 18474
20231112 18408
20240120 18481
20231112 18408
20240121 18482
20231112 18408
20240122 18488
20231112 18408
20240124 18481
20231112 18408
20240125 18470
20231112 18408
20240126 18477
20231112 18408
20240127 18483
20231112 18408
20240128 18486
20231112 18408
20240129 18493
20231112 18408
20240130 18488
20231112 18408
20240131 18493
20231112 18408
20240201 18497
20231112 18408
20240202 18501
20240203 18501
20240204 18497
20240203 18501
20240205 18493
20240203 18501
20240206 18485
20240203 18501
20240207 18484
20240208 18484
20240209 18477
20240208 18484
20240210 18476
20240208 18484
20240211 18483
20240208 18484
20240212 18492
20240208 18484
20240213 18479
20240208 18484
20240214 18477
20240208 18484
20240215 18480
20240208 18484
20240216 18502
20240208 18484
20240217 18497
20240208 18484
20240218 18501
20240208 18484
20240219 18495
20240208 18484
20240220 18505
20240208 18484
20240221 18499
20240208 18484
20240222 18503
20240208 18484
20240223 18505
20240208 18484
20240224 18464
20240208 18484
20240225 18487
20240208 18484
20240226 18494
20240208 18484
20240227 18467
20240208 18484
20240228 18478
20240229 18478
20240301 18483
20240229 18478
20240302 18465
20240229 18478
20240303 18466
20240229 18478
20240304 18456
20240229 18478
20240305 18454
20240229 18478
20240306 18458
20240229 18478
20240307 18487
20240229 18478
20240308 18494
20240229 18478
20240309 18501
20240229 18478
20240310 18499
20240311 18499
20240312 18501
20240311 18499
20240313 18508
20240311 18499
20240314 18509
20240311 18499
20240315 18535
20240311 18499
20240316 18527
20240311 18499
20240317 18513
20240311 18499
20240318 18510
20240311 18499
20240319 18518
20240311 18499
20240320 18524
20240311 18499
20240321 18525
20240322 18525
20240323 18532
20240324 18532
20240325 18527
20240324 18532
20240326 18537
20240327 18532
20240324 18532
20240328 18537
20240324 18532
20240329 18496
20240324 18532
20240330 18498
20240324 18532
20240331 18504
20240324 18532
20240401 18502
20240324 18532
20240402 18439
20240324 18532
20240403 18449
20240404 18449
20240405 18441
20240404 18449
20240406 18453
20240408 18453
20240409 18454
20240410 18453
20240408 18453
20240411 18469
20240408 18453
20240412 18492
20240408 18453
20240413 18510
20240408 18453
20240415 18529
20240408 18453
20240416 18573
20240408 18453
20240417 18604
20240408 18453
20240418 18600
20240408 18453
20240419 18608
20240408 18453
20240420 18612
20240408 18453
20240421 18621
20240408 18453
20240422 18619
20240408 18453
20240423 18628
20240408 18453
20240424 18630
20240408 18453
20240425 18665
20240426 18665
20240427 18654
20240426 18665
20240428 18656
20240426 18665
20240429 18649
20240426 18665
20240430 18659
20240426 18665
20240501 18658
20240426 18665
20240503 18644
20240426 18665
20240504 18690
20240426 18665
20240505 18679
20240426 18665
20240506 18671
20240426 18665
20240507 18686
20240426 18665
20240508 18682
20240426 18665
20240509 18687
20240426 18665
20240510 18693
20240426 18665
20240511 18685
20240426 18665
20240512 18687
20240426 18665
20240513 18673
20240426 18665
20240514 18677
20240426 18665
20240515 18684
20240426 18665
20240516 18682
20240426 18665
20240517 18689
20240426 18665
20240518 18692
20240426 18665
20240519 18687
20240426 18665
20240520 18688
20240521 18688
20240522 18682
20240521 18688
20240523 18671
20240521 18688
20240524 18670
20240521 18688
20240525 18681
20240526 18681
20240527 18670
20240526 18681
20240528 18666
20240526 18681
20240529 18675
20240526 18681
20240530 18674
20240526 18681
20240531 18686
20240526 18681
20240601 18694
20240526 18681
20240602 18689
20240526 18681
20240603 18660
20240526 18681
20240604 18668
20240526 18681
20240605 18662
20240526 18681
20240606 18669
20240526 18681
20240609 18811
20240526 18681
20240611 18826
20240526 18681
20240612 18845
20240526 18681
20240613 18855
20240526 18681
20240614 18863
20240526 18681
20240615 18857
20240526 18681
20240616 18854
20240526 18681
20240617 18848
20240526 18681
20240618 18847
20240526 18681
20240620 18875
20240526 18681
20240621 18896
20240526 18681
20240622 18902
20240526 18681
20240623 18900
20240526 18681
20240624 18905
20240526 18681
20240626 18904
20240526 18681
20240627 18898
20240526 18681
20240628 18891
20240526 18681
20240629 18884
20240526 18681
20240630 19033
20240526 18681
20240701 19018
20240526 18681
20240702 19005
20240526 18681
20240703 19013
20240526 18681
20240704 19017
20240526 18681
20240705 19012
20240526 18681
20240706 19009
20240526 18681
20240707 19007
20240526 18681
20240708 19010
20240526 18681
20240709 19030
20240526 18681
20240710 19042
20240526 18681
20240711 19046
20240526 18681
20240712 19051
20240713 19051
20240714 19045
20240713 19051
20240715 19040
20240713 19051
20240716 19047
20240713 19051
20240717 19054
20240713 19051
20240718 19066
20240719 19066
20240720 19068
20240721 19066
20240719 19066
20240722 19074
20240719 19066
20240723 19079
20240724 19079
20240725 19076
20240724 19079
20240726 19062
20240724 19079
20240727 19065
20240724 19079
20240728 19054
20240724 19079
20240729 19055
20240730 19055
20240731 19064
20240730 19055
20240801 19078
20240730 19055
20240802 19077
20240730 19055
20240803 19080
20240730 19055
20240804 19078
20240730 19055
20240805 19075
20240730 19055
20240806 19078
20240730 19055
20240807 19068
20240730 19055
20240808 19063
20240730 19055
20240809 19052
20240730 19055
20240810 19045
20240730 19055
20240811 19048
20240730 19055
20240812 19027
20240730 19055
20240813 19041
20240730 19055
20240814 19056
20240730 19055
20240815 19060
20240730 19055
20240816 19062
20240730 19055
20240817 19069
20240730 19055
20240818 19062
20240730 19055
20240819 19057
20240730 19055
20240820 19061
20240730 19055
20240821 19065
20240730 19055
20240822 19073
20240730 19055
20240823 19065
20240730 19055
20240824 19082
20240730 19055
20240825 19098
20240730 19055
20240826 19101
20240730 19055
20240827 19099
20240730 19055
20240828 19106
20240730 19055
20240829 19103
20240730 19055
20240830 19101
20240730 19055
20240831 19097
20240730 19055
20240901 19108
20240730 19055
20240902 19110
20240730 19055
20240903 19102
20240730 19055
20240904 19115
20240730 19055
20240905 19118
20240730 19055
20240906 19121
20240730 19055
20240907 19117
20240730 19055
20240908 19113
20240730 19055
20240909 19093
20240730 19055
20240910 19090
20240730 19055
20240911 19080
20240730 19055
20240912 19078
20240730 19055
20240913 19084
20240730 19055
20240914 19071
20240730 19055
20240915 19065
20240730 19055
20240916 19063
20240730 19055
20240917 19071
20240730 19055
20240918 19067
20240730 19055
20240919 19063
20240730 19055
20240920 19083
20240730 19055
20240921 19087
20240730 19055
20240921 19090
20240922 19090
20240925 19076
20240922 19090
20240926 19079
20240926 19079
