20230707 13
20230919 13
20230920 11
20240222 11
20240223 20
20240624 20
20240626 20
20240627 20
20240628 20
20240629 20
20240630 20
20240701 20
20240702 20
20240703 20
20240704 20
20240705 20
20240706 20
20240707 20
20240708 20
20240709 20
20240710 20
20240711 20
20240712 20
20240713 20
20240714 20
20240715 20
20240716 20
20240717 20
20240718 20
20240719 20
20240720 20
20240721 20
20240722 20
20240723 20
20240724 20
20240725 20
20240726 20
20240727 20
20240728 20
20240729 20
20240730 20
20240731 20
20240801 20
20240802 20
20240803 20
20240804 20
20240805 20
20240806 20
20240807 20
20240808 20
20240809 20
20240810 20
20240811 20
20240812 20
20240813 20
20240814 20
20240815 20
20240816 20
20240817 20
20240818 20
20240819 20
