20230707 2504
20230709 2502
20230710 2504
20230711 2502
20230712 2508
20230713 2510
20230714 2509
20230715 2509
20230730 2495
20230731 2495
20230801 2500
20230802 2499
20230803 2500
20230804 2499
20230805 2500
20230806 2503
20230807 2499
20230808 2504
20230809 2498
20230810 2498
20230811 2498
20230812 2494
20230813 2493
20230815 2495
20230816 2499
20230817 2499
20230818 2501
20230819 2499
20230820 2495
20230821 2493
20230822 2491
20230823 2488
20230824 2487
20230825 2487
20230826 2488
20230827 2485
20230828 2483
20230829 2486
20230830 2483
20230831 2483
20230901 2483
20230902 2482
20230903 2479
20230904 2479
20230905 2472
20230906 2472
20230907 2470
20230908 2470
20230909 2468
20230910 2465
20230911 2465
20230912 2467
20230913 2469
20230914 2469
20230915 2471
20230916 2471
20230917 2471
20230918 2469
20230919 2469
20230920 2266
20230921 2265
20230922 2270
20230923 2269
20230924 2269
20230925 2269
20230926 2270
20230927 2273
20230928 2275
20230929 2269
20230930 2269
20231001 2269
20231002 2272
20231003 2275
20231005 2276
20231007 2272
20231008 2275
20231009 2277
20231010 2276
20231011 2275
20231012 2274
20231013 2275
20231014 2270
20231015 2265
20231016 2265
20231017 2266
20231018 2266
20231019 2263
20231020 2265
20231021 2258
20231022 2258
20231023 2257
20231024 2259
20231025 2261
20231026 2259
20231027 2262
20231028 2262
20231029 2260
20231030 2259
20231031 2256
20231101 2256
20231102 2257
20231103 2259
20231104 2260
20231105 2257
20231106 2260
20231107 2257
20231108 2252
20231109 2249
20231110 2249
20231111 2248
20231112 2251
20231113 2249
20231114 2249
20231115 2251
20231116 2253
20231117 2256
20231118 2255
20231120 2252
20231121 2250
20231122 2250
20231123 2243
20231124 2245
20231125 2245
20231126 2244
20231127 2244
20231128 2244
20231129 2250
20231130 2250
20231201 2248
20231202 2248
20231203 2258
20231204 2257
20231205 2255
20231206 2255
20231207 2258
20231208 2257
20231209 2252
20231210 2251
20231211 2241
20231212 2244
20231213 2241
20231214 2240
20231215 2241
20231216 2242
20231217 2238
20231218 2236
20231219 2236
20231220 2233
