20230707 1040
20230709 1039
20230710 1039
20230711 1039
20230712 1038
20230714 1038
20230715 1038
20230730 1034
20230731 1034
20230801 1033
20230802 1033
20230803 1032
20230804 1032
20230805 1032
20230806 1026
20230807 1026
20230808 1026
20230809 1026
20230810 1025
20230811 1025
20230812 1026
20230813 1026
20230815 1026
20230816 1026
20230817 1021
20230818 1021
20230819 1022
20230820 1022
20230821 1022
20230822 1022
20230823 1022
20230824 1023
20230825 1023
20230826 1023
20230827 1023
20230828 1023
20230829 1022
20230830 1022
20230831 1022
20230901 1022
20230902 1022
20230903 1022
20230904 1022
20230905 1022
20230906 1022
20230907 1023
20230908 1023
20230909 1023
20230910 1023
20230911 1023
20230912 1018
20230913 1018
20230914 1018
20230915 1018
20230916 1019
20230917 1015
20230918 1015
20230919 1016
20230920 991
20230921 980
20230922 983
20230923 984
20230924 984
20230925 984
20230926 983
20230927 983
20230928 984
20230929 983
20230930 983
20231001 983
20231002 983
20231003 983
20231005 983
20231007 983
20231008 983
20231009 983
20231010 983
20231011 983
20231012 983
20231013 983
20231014 982
20231015 982
20231016 981
20231017 981
20231018 981
20231019 981
20231020 981
20231021 980
20231022 980
20231023 980
20231024 979
20231025 979
20231026 979
20231027 979
20231028 979
20231029 979
20231030 979
20231031 979
20231101 979
20231102 979
20231103 980
20231104 981
20231105 981
20231106 981
20231107 981
20231108 981
20231109 981
20231110 980
20231111 979
20231112 978
20231113 977
20231114 977
20231115 977
20231116 977
20231117 976
20231118 976
20231120 976
20231121 977
20231122 978
20231123 979
20231124 980
20231125 979
20231126 979
20231127 978
20231128 978
20231129 976
20231130 976
20231201 976
20231202 976
20231203 976
20231204 972
20231205 971
20231206 971
20231207 970
20231208 970
20231209 971
20231210 977
20231211 978
20231212 977
20231213 977
20231214 977
20231215 979
20231216 981
20231217 981
20231218 981
20231219 981
20231220 981
20231221 981
20231222 981
20231223 981
20231224 981
20231225 981
20231226 980
20231227 979
20231230 977
20231231 976
20240101 976
20240102 976
20240103 975
20240104 975
20240105 974
20240106 974
20240107 975
20240108 971
20240109 970
20240110 970
20240111 970
20240112 969
20240113 972
20240114 972
20240115 972
20240116 972
20240117 972
20240118 972
20240119 972
20240120 971
20240121 971
20240122 968
20240124 965
20240125 967
20240126 967
20240127 967
20240128 966
20240129 968
20240130 969
20240131 969
20240201 969
20240202 969
20240203 969
20240204 968
20240205 968
20240206 968
20240207 969
20240208 968
20240209 967
20240210 966
20240211 966
20240212 965
20240213 964
20240214 963
20240215 963
20240216 963
20240217 963
20240218 963
20240219 963
20240220 963
20240221 963
20240222 963
20240223 964
20240224 964
20240225 964
20240226 964
20240227 964
20240228 964
20240229 964
20240301 963
20240302 963
20240303 963
20240304 963
20240305 963
20240306 963
20240307 963
20240308 965
20240309 960
20240310 965
20240311 965
20240312 965
20240313 965
20240314 966
20240315 967
20240316 967
20240317 966
20240318 966
20240319 967
20240320 966
20240321 966
20240322 966
20240323 966
20240324 965
20240325 965
20240326 965
20240327 965
20240328 965
20240329 965
20240330 965
20240331 965
20240401 964
20240402 965
20240403 965
20240404 965
20240405 965
20240406 965
20240407 966
20240408 966
20240409 967
20240410 968
20240411 968
20240412 968
