20230707 85
20230709 86
20230919 86
20230920 85
20231019 85
20231020 84
20231104 84
20231105 83
20231211 83
20231212 82
20231217 82
20231218 81
20231223 81
20231224 80
20231225 77
20231226 77
20231227 78
20240122 78
20240124 77
20240129 77
20240130 76
20240307 76
20240308 78
20240624 78
20240626 78
20240627 78
20240628 78
20240629 78
20240630 78
20240701 78
20240702 78
20240703 78
20240704 78
20240705 78
20240706 78
20240707 78
20240708 78
20240709 78
20240710 78
20240711 78
20240712 78
20240713 78
20240714 78
20240715 78
20240716 78
20240717 78
20240718 78
20240719 78
20240720 78
20240721 78
20240722 78
20240723 78
20240724 78
20240725 78
20240726 78
20240727 78
20240728 78
20240729 78
20240730 78
20240731 78
20240801 78
20240802 78
20240803 78
20240804 78
20240805 78
20240806 78
20240807 78
20240808 78
20240809 78
20240810 78
20240811 78
20240812 78
20240813 78
20240814 78
20240815 78
20240816 78
20240817 78
20240818 78
20240819 78
20240820 78
20240821 78
20240822 78
20240823 78
20240824 78
20240825 78
20240826 78
20240827 78
20240828 78
20240829 78
20240830 78
20240831 78
20240901 78
20240902 78
20240903 78
20240904 78
