20230707 12007
20230709 11996
20230710 11995
20230711 11987
20230712 11978
20230713 11965
20230714 11963
20230715 11956
20230730 11767
20230731 11759
20230801 11753
20230802 11733
20230803 11726
20230804 11721
20230805 11707
20230806 11697
20230807 11688
20230808 11676
20230809 11681
20230810 11674
20230811 11669
20230812 11670
20230813 11666
20230815 11660
20230816 11658
20230817 11648
20230818 11646
20230819 11643
20230820 11640
20230821 11633
20230822 11633
20230823 11630
20230824 11625
20230825 11624
20230826 11623
20230827 11618
20230828 11613
20230829 11608
20230830 11604
20230831 11601
20230901 11597
20230902 11601
20230903 11592
20230904 11586
20230905 11584
20230906 11583
20230907 11585
20230908 11586
20230909 11586
20230910 11584
20230911 11582
20230912 11580
20230913 11577
20230914 11579
20230915 11570
20230916 11571
20230917 11570
20230918 11570
20230919 11564
20230920 11541
20230921 11532
20230922 11522
20230923 11510
20230924 11510
20230925 11506
20230926 11505
20230927 11504
20230928 11500
20230929 11497
20230930 11489
20231001 11489
20231002 11487
20231003 11483
20231005 11467
20231007 11457
20231008 11458
20231009 11458
20231010 11458
20231011 11457
20231012 11456
20231013 11452
20231014 11454
20231015 11455
20231016 11452
20231017 11453
20231018 11446
20231019 11452
20231020 11452
20231021 11450
20231022 11446
20231023 11442
20231024 11439
20231025 11441
20231026 11439
20231027 11434
20231028 11438
20231029 11437
20231030 11436
20231031 11434
20231101 11426
20231102 11425
20231103 11425
20231104 11425
20231105 11426
