20230707 7582
20230709 7585
20230710 7588
20230711 7596
20230712 7604
20230713 7614
20230714 7614
20230715 7622
20230714 7614
20230730 7688
20230714 7614
20230731 7698
20230714 7614
20230801 7710
20230714 7614
20230802 7723
20230714 7614
20230803 7726
20230804 7726
20230805 7723
20230804 7726
20230806 7729
20230807 7729
20230808 7727
20230807 7729
20230809 7726
20230807 7729
20230810 7727
20230807 7729
20230811 7728
20230812 7729
20230813 7729
20230815 7745
20230813 7729
20230816 7750
20230813 7729
20230817 7759
20230813 7729
20230818 7758
20230813 7729
20230819 7765
20230813 7729
20230820 7766
20230813 7729
20230821 7775
20230813 7729
20230822 7778
20230813 7729
20230823 7795
20230813 7729
20230824 7796
20230813 7729
20230825 7804
20230813 7729
20230826 7809
20230813 7729
20230827 7813
20230813 7729
20230828 7812
20230813 7729
20230829 7821
20230813 7729
20230830 7816
20230813 7729
20230831 7811
20230813 7729
20230901 7818
20230813 7729
20230902 7824
20230813 7729
20230903 7836
20230813 7729
20230904 7832
20230813 7729
20230905 7839
20230813 7729
20230906 7856
20230813 7729
20230907 7895
20230813 7729
20230908 7916
20230813 7729
20230909 7932
20230813 7729
20230910 7933
20230813 7729
20230911 7945
20230813 7729
20230912 7960
20230813 7729
20230913 7984
20230813 7729
20230914 8001
20230813 7729
20230915 8012
20230813 7729
20230916 8038
20230813 7729
20230917 8045
20230813 7729
20230918 8056
20230813 7729
20230919 8076
20230813 7729
20230920 7855
20230813 7729
20230921 7887
20230813 7729
20230922 7901
20230813 7729
20230923 7919
20230813 7729
20230924 7932
20230813 7729
20230925 7931
20230813 7729
20230926 7956
20230813 7729
20230927 7998
20230813 7729
20230928 8030
20230813 7729
20230929 8047
20230813 7729
20230930 8061
20230813 7729
20231001 8066
20230813 7729
20231002 8079
20230813 7729
20231003 8105
20230813 7729
20231005 8131
20230813 7729
20231007 8141
20230813 7729
20231008 8158
20230813 7729
20231009 8178
20230813 7729
20231010 8208
20230813 7729
20231011 8236
20230813 7729
20231012 8261
20230813 7729
20231013 8279
20230813 7729
20231014 8284
20230813 7729
20231015 8285
20230813 7729
20231016 8275
20230813 7729
20231017 8282
20230813 7729
20231018 8284
20230813 7729
20231019 8286
20230813 7729
20231020 8304
20230813 7729
20231021 8309
20230813 7729
20231022 8318
20231023 8318
20231024 8323
20231023 8318
20231025 8329
20231023 8318
20231026 8330
20231027 8330
20231028 8331
20231027 8330
20231029 8327
20231027 8330
20231030 8325
20231027 8330
20231031 8320
20231027 8330
20231101 8336
20231027 8330
20231102 8341
20231027 8330
20231103 8339
20231027 8330
20231104 8348
20231027 8330
20231105 8351
20231027 8330
20231106 8346
20231027 8330
20231107 8355
20231027 8330
20231108 8354
20231027 8330
20231109 8349
20231027 8330
20231110 8351
20231027 8330
20231111 8348
20231027 8330
20231112 8342
20231027 8330
20231113 8344
20231027 8330
20231114 8342
20231027 8330
20231115 8359
20231027 8330
20231116 8356
20231027 8330
20231117 8364
20231027 8330
20231118 8374
20231027 8330
20231120 8389
20231027 8330
20231121 8396
20231027 8330
20231122 8398
20231027 8330
20231123 8419
20231027 8330
20231124 8431
20231027 8330
20231125 8446
20231027 8330
20231126 8447
20231027 8330
20231127 8448
20231027 8330
20231128 8447
20231027 8330
20231129 8448
20231027 8330
20231130 8452
20231027 8330
20231201 8439
20231027 8330
20231202 8447
20231027 8330
20231203 8532
20231027 8330
20231204 8529
20231027 8330
20231205 8528
20231027 8330
20231206 8525
20231027 8330
20231207 8529
20231027 8330
20231208 8534
20231027 8330
20231209 8536
20231027 8330
20231210 8554
20231027 8330
20231211 8561
20231027 8330
20231212 8572
20231027 8330
20231213 8587
20231027 8330
20231214 8594
20231027 8330
20231215 8601
20231027 8330
20231216 8610
20231217 8610
20231218 8608
20231217 8610
20231219 8623
20231217 8610
20231220 8616
20231217 8610
20231221 8614
20231217 8610
20231222 8622
20231217 8610
20231223 8616
20231217 8610
20231224 8618
20231217 8610
20231225 8626
20231217 8610
20231226 8627
20231217 8610
20231227 8631
20231217 8610
20231230 8635
20231231 8635
20240101 8667
20231231 8635
20240102 8674
20231231 8635
20240103 8692
20231231 8635
20240104 8755
20231231 8635
20240105 8813
20231231 8635
20240106 8848
20231231 8635
20240107 8871
20231231 8635
20240108 8893
20231231 8635
20240109 8957
20231231 8635
20240110 8986
20231231 8635
20240111 9097
20231231 8635
20240112 9221
20231231 8635
20240113 9258
20231231 8635
20240114 9280
20231231 8635
20240115 9289
20231231 8635
20240116 9326
20231231 8635
20240117 9357
20231231 8635
20240118 9378
20231231 8635
20240119 9410
20231231 8635
20240120 9483
20231231 8635
20240121 9511
20231231 8635
20240122 9572
20231231 8635
20240124 9635
20231231 8635
20240125 9716
20231231 8635
20240126 9740
20231231 8635
20240127 9760
20231231 8635
20240128 9780
20231231 8635
20240129 9785
20231231 8635
20240130 9914
20231231 8635
20240131 9946
20231231 8635
20240201 9996
20231231 8635
20240202 10023
20231231 8635
20240203 10063
20231231 8635
20240204 10098
20231231 8635
20240205 10110
20231231 8635
20240206 10143
20231231 8635
20240207 10167
20231231 8635
20240208 10214
20231231 8635
20240209 10267
20231231 8635
20240210 10303
20231231 8635
20240211 10324
20231231 8635
20240212 10346
20231231 8635
20240213 10398
20231231 8635
20240214 10444
20231231 8635
20240215 10468
20231231 8635
20240216 10485
20231231 8635
20240217 10528
20231231 8635
20240218 10568
20231231 8635
20240219 10592
20231231 8635
20240220 10618
20231231 8635
20240221 10674
20231231 8635
20240222 10727
20231231 8635
20240223 10778
20231231 8635
20240224 10804
20231231 8635
20240225 10830
20231231 8635
20240226 10856
20231231 8635
20240227 10875
20231231 8635
20240228 10915
20231231 8635
20240229 10938
20231231 8635
20240301 10972
20231231 8635
20240302 10982
20231231 8635
20240303 11016
20231231 8635
20240304 11045
20231231 8635
20240305 11076
20231231 8635
20240306 11109
20231231 8635
20240307 11134
20231231 8635
20240308 11179
20231231 8635
20240309 11198
20231231 8635
20240310 11218
20231231 8635
20240311 11241
20231231 8635
20240312 11307
20231231 8635
20240313 11331
20231231 8635
20240314 11349
20231231 8635
20240315 11375
20231231 8635
20240316 11406
20231231 8635
20240317 11423
20231231 8635
20240318 11446
20231231 8635
20240319 11473
20231231 8635
20240320 11503
20231231 8635
20240321 11523
20231231 8635
20240322 11544
20231231 8635
20240323 11600
20231231 8635
20240324 11681
20231231 8635
20240325 11705
20231231 8635
20240326 11737
20231231 8635
20240327 11756
20231231 8635
20240328 11764
20231231 8635
20240329 11807
20231231 8635
20240330 11819
20231231 8635
20240331 11821
20231231 8635
20240401 11828
20231231 8635
20240402 11829
20231231 8635
20240403 11885
20231231 8635
20240404 11946
20231231 8635
20240405 11982
20231231 8635
20240406 11909
20231231 8635
20240407 11958
20231231 8635
20240408 11949
20231231 8635
20240409 12007
20231231 8635
20240410 12039
20231231 8635
20240411 12064
20231231 8635
20240412 12101
20231231 8635
20240413 12132
20231231 8635
20240415 12142
20231231 8635
20240416 12156
20231231 8635
20240417 12168
20231231 8635
20240418 12187
20231231 8635
20240419 12197
20231231 8635
20240420 12184
20231231 8635
20240421 12171
20231231 8635
20240422 12183
20231231 8635
20240423 12198
20231231 8635
20240424 12206
20231231 8635
20240425 12229
20231231 8635
20240426 12253
20231231 8635
20240427 12278
20231231 8635
20240428 12288
20231231 8635
20240429 12302
20231231 8635
20240430 12339
20231231 8635
20240501 12371
20231231 8635
20240503 12428
20231231 8635
20240504 12426
20231231 8635
20240505 12438
20231231 8635
20240506 12453
20231231 8635
20240507 12498
20231231 8635
20240508 12541
20231231 8635
20240509 12568
20231231 8635
20240510 12451
20231231 8635
20240511 12476
20231231 8635
20240512 12499
20231231 8635
20240513 12519
20231231 8635
20240514 12539
20231231 8635
20240515 12556
20231231 8635
20240516 12593
20231231 8635
20240517 12604
20231231 8635
20240518 12621
20231231 8635
20240519 12631
20231231 8635
20240520 12639
20231231 8635
20240521 12667
20231231 8635
20240522 12690
20231231 8635
20240523 12712
20231231 8635
20240524 12736
20231231 8635
20240525 12755
20231231 8635
20240526 12771
20231231 8635
20240527 12812
20231231 8635
20240528 12816
20231231 8635
20240529 12845
20231231 8635
20240530 12875
20231231 8635
20240531 12909
20231231 8635
20240601 12934
20231231 8635
20240602 12948
20231231 8635
20240603 12961
20231231 8635
20240604 12979
20231231 8635
20240605 12964
20231231 8635
20240606 13007
20231231 8635
20240609 13140
20231231 8635
20240611 13211
20231231 8635
20240612 13292
20231231 8635
20240613 13316
20231231 8635
20240614 13353
20231231 8635
20240615 13411
20231231 8635
20240616 13511
20231231 8635
20240617 13535
20231231 8635
20240618 13646
20231231 8635
20240620 13677
20231231 8635
20240621 13707
20231231 8635
20240622 13710
20231231 8635
20240623 13779
20231231 8635
20240624 13803
20231231 8635
20240626 13922
20231231 8635
20240627 14011
20231231 8635
20240628 14010
20231231 8635
20240629 14079
20231231 8635
20240630 14086
20231231 8635
20240701 14184
20231231 8635
20240702 14233
20231231 8635
20240703 14266
20231231 8635
20240704 14346
20231231 8635
20240705 14373
20231231 8635
20240706 14470
20231231 8635
20240707 14492
20231231 8635
20240708 14528
20231231 8635
20240709 15166
20231231 8635
20240710 15996
20231231 8635
20240711 16924
20231231 8635
20240712 17705
20231231 8635
20240713 18696
20231231 8635
20240714 19925
20231231 8635
20240715 21064
20231231 8635
20240716 22254
20231231 8635
20240717 22776
20231231 8635
20240718 22853
20231231 8635
20240719 22868
20231231 8635
20240720 22925
20231231 8635
20240721 22913
20231231 8635
20240722 22970
20231231 8635
20240723 23000
20240724 23000
20240725 23011
20240724 23000
20240726 23022
20240724 23000
20240727 23028
20240724 23000
20240728 23026
20240724 23000
20240729 23029
20240730 23029
20240731 23040
20240801 23040
20240802 23041
20240801 23040
20240803 23049
20240801 23040
20240804 23053
20240801 23040
20240805 23045
20240801 23040
20240806 23042
20240807 23042
20240808 23047
20240807 23042
20240809 23053
20240807 23042
20240810 23057
20240807 23042
20240811 23053
20240807 23042
20240812 23055
20240807 23042
20240813 23062
20240807 23042
20240814 23070
20240807 23042
20240815 23068
20240807 23042
20240816 23066
20240807 23042
20240817 23084
20240807 23042
20240818 23094
20240807 23042
20240819 23095
20240807 23042
20240820 23101
20240807 23042
20240821 23104
20240807 23042
20240822 23108
20240807 23042
20240823 23109
20240807 23042
20240824 23106
20240807 23042
20240825 23105
20240807 23042
20240826 23100
20240807 23042
20240827 23071
20240807 23042
20240828 23064
20240807 23042
20240829 23067
20240807 23042
20240830 23062
20240807 23042
20240831 23063
20240807 23042
20240901 23061
20240807 23042
20240902 23053
20240807 23042
20240903 23061
20240807 23042
20240904 23065
20240807 23042
20240905 23064
20240807 23042
20240906 23067
20240807 23042
20240907 23061
20240807 23042
20240908 23049
20240807 23042
20240909 23044
20240807 23042
20240910 23049
20240807 23042
20240911 23050
20240807 23042
20240912 23051
20240807 23042
20240913 23057
20240807 23042
20240914 23063
20240807 23042
20240915 23068
20240807 23042
20240916 23064
20240807 23042
20240917 23060
20240807 23042
20240918 23062
20240807 23042
20240919 23063
20240807 23042
20240920 23067
20240807 23042
20240921 23072
20240807 23042
20240921 23076
20240922 23076
20240925 23075
20240926 23075
