20230707 14029
20230709 14017
20230710 13984
20230711 13971
20230712 13942
20230713 13950
20230714 13946
20230715 13958
20230730 14006
20230731 14024
20230801 14034
20230802 14038
20230803 14044
20230804 14042
20230805 14042
20230806 14040
20230805 14042
20230807 14036
20230805 14042
20230808 14040
20230805 14042
20230809 14041
20230805 14042
20230810 14054
20230805 14042
20230811 14061
20230805 14042
20230812 14067
20230805 14042
20230813 14068
20230805 14042
20230815 14055
20230805 14042
20230816 14057
20230805 14042
20230817 14066
20230805 14042
20230818 14060
20230805 14042
20230819 14063
20230805 14042
20230820 14067
20230821 14067
20230822 14069
20230821 14067
20230823 14071
20230821 14067
20230824 14076
20230821 14067
20230825 14071
20230821 14067
20230826 14066
20230821 14067
20230827 14060
20230821 14067
20230828 14059
20230821 14067
20230829 14055
20230821 14067
20230830 14060
20230821 14067
20230831 14054
20230821 14067
20230901 14056
20230821 14067
20230902 14051
20230821 14067
20230903 14063
20230821 14067
20230904 14061
20230821 14067
20230905 14074
20230821 14067
20230906 14072
20230821 14067
20230907 14079
20230821 14067
20230908 14083
20230821 14067
20230909 14076
20230821 14067
20230910 14065
20230821 14067
20230911 14066
20230821 14067
20230912 14075
20230821 14067
20230913 14071
20230821 14067
20230914 14076
20230821 14067
20230915 14082
20230821 14067
20230916 14077
20230821 14067
20230917 14073
20230821 14067
20230918 14074
20230821 14067
20230919 14072
20230821 14067
20230920 13145
20230821 14067
20230921 13140
20230821 14067
20230922 13146
20230821 14067
20230923 13145
20230924 13145
20230925 13135
20230926 13135
20230927 13132
20230926 13135
20230928 13133
20230926 13135
20230929 13130
20230930 13135
20230926 13135
20231001 13133
20230926 13135
20231002 13138
20230926 13135
20231003 13152
20230926 13135
20231005 13150
20230926 13135
20231007 13147
20230926 13135
20231008 13153
20230926 13135
20231009 13170
20230926 13135
20231010 13171
20230926 13135
20231011 13173
20230926 13135
20231012 13172
20230926 13135
20231013 13166
20230926 13135
20231014 13167
20230926 13135
20231015 13153
20230926 13135
20231016 13152
20230926 13135
20231017 13156
20230926 13135
20231018 13147
20230926 13135
20231019 13148
20230926 13135
20231020 13153
20230926 13135
20231021 13158
20230926 13135
20231022 13154
20230926 13135
20231023 13140
20231024 13135
20230926 13135
20231025 13140
20230926 13135
20231026 13151
20230926 13135
20231027 13150
20230926 13135
20231028 13152
20230926 13135
20231029 13157
20230926 13135
20231030 13162
20230926 13135
20231031 13158
20230926 13135
20231101 13166
20230926 13135
20231102 13161
20230926 13135
20231103 13163
20230926 13135
20231104 13167
20230926 13135
20231105 13166
20230926 13135
20231106 13158
20231107 13158
20231108 13166
20231107 13158
20231109 13167
20231107 13158
20231110 13171
20231107 13158
20231111 13172
20231107 13158
20231112 13179
20231107 13158
20231113 13154
20231107 13158
20231114 13149
20231107 13158
20231115 13147
20231116 13147
20231117 13157
20231116 13147
20231118 13159
20231116 13147
20231120 13160
20231116 13147
20231121 13159
20231116 13147
20231122 13166
20231116 13147
20231123 13170
20231116 13147
20231124 13167
20231116 13147
20231125 13171
20231116 13147
20231126 13174
20231116 13147
20231127 13175
20231128 13175
20231129 13240
20231128 13175
20231130 13243
20231128 13175
20231201 13237
20231202 13237
20231203 13230
20231202 13237
20231204 13225
20231202 13237
20231205 13229
20231206 13237
20231202 13237
20231207 13242
20231202 13237
20231208 13240
20231202 13237
20231209 13236
20231202 13237
20231210 13229
20231202 13237
20231211 13234
20231202 13237
20231212 13233
20231213 13237
20231202 13237
20231214 13228
20231202 13237
20231215 13221
20231202 13237
20231216 13230
20231202 13237
20231217 13233
20231202 13237
20231218 13234
20231202 13237
20231219 13235
20231202 13237
20231220 13234
20231202 13237
20231221 13235
20231202 13237
20231222 13240
20231202 13237
20231223 13247
20231202 13237
20231224 13244
20231202 13237
20231225 13231
20231202 13237
20231226 13224
20231202 13237
20231227 13209
20231202 13237
20231230 13223
20231202 13237
20231231 13224
20231202 13237
20240101 13219
20231202 13237
20240102 13248
20231202 13237
20240103 13251
20231202 13237
20240104 13254
20231202 13237
20240105 13255
20231202 13237
20240106 13271
20231202 13237
20240107 13273
20231202 13237
20240108 13260
20231202 13237
20240109 13255
20231202 13237
20240110 13258
20231202 13237
20240111 13287
20231202 13237
20240112 13285
20231202 13237
20240113 13286
20231202 13237
20240114 13291
20231202 13237
20240115 13296
20231202 13237
20240116 13290
20231202 13237
20240117 13314
20231202 13237
20240118 13316
20231202 13237
20240119 13325
20231202 13237
20240120 13326
20231202 13237
20240121 13327
20231202 13237
20240122 13325
20240124 13325
20240125 13330
20240124 13325
20240126 13331
20240124 13325
20240127 13336
20240124 13325
20240128 13330
20240124 13325
20240129 13324
20240124 13325
20240130 13323
20240131 13323
20240201 13328
20240131 13323
20240202 13324
20240131 13323
20240203 13319
20240131 13323
20240204 13334
20240205 13334
20240206 13337
20240205 13334
20240207 13339
20240205 13334
20240208 13335
20240209 13334
20240205 13334
20240210 13335
20240205 13334
20240211 13333
20240205 13334
20240212 13303
20240205 13334
20240213 13310
20240205 13334
20240214 13309
20240205 13334
20240215 13318
20240205 13334
20240216 13325
20240205 13334
20240217 13326
20240205 13334
20240218 13317
20240205 13334
20240219 13315
20240205 13334
20240220 13307
20240205 13334
20240221 13316
20240205 13334
20240222 13317
20240205 13334
20240223 13329
20240205 13334
20240224 13328
20240205 13334
20240225 13332
20240226 13332
20240227 13324
20240226 13332
20240228 13330
20240226 13332
20240229 13335
20240301 13332
20240226 13332
20240302 13337
20240226 13332
20240303 13334
20240226 13332
20240304 13328
20240226 13332
20240305 13330
20240226 13332
20240306 13325
20240226 13332
20240307 13318
20240226 13332
20240308 13316
20240226 13332
20240309 13311
20240226 13332
20240310 13299
20240226 13332
20240311 13295
20240226 13332
20240312 13298
20240226 13332
20240313 13307
20240226 13332
20240314 13309
20240226 13332
20240315 13313
20240226 13332
20240316 13317
20240226 13332
20240317 13310
20240226 13332
20240318 13303
20240226 13332
20240319 13302
20240226 13332
20240320 13299
20240226 13332
20240321 13300
20240226 13332
20240322 13296
20240226 13332
20240323 13270
20240226 13332
20240324 13271
20240226 13332
20240325 13268
20240226 13332
20240326 13265
20240226 13332
20240327 13261
20240226 13332
20240328 13266
20240226 13332
20240329 13297
20240226 13332
20240330 13299
20240226 13332
20240331 13300
20240226 13332
20240401 13295
20240226 13332
20240402 13309
20240226 13332
20240403 13315
20240404 13315
20240405 13316
20240404 13315
20240406 13317
20240404 13315
20240407 13316
20240404 13315
20240408 13312
20240404 13315
20240409 13318
20240404 13315
20240410 13319
20240404 13315
20240411 13307
20240404 13315
20240412 13314
20240404 13315
20240413 13311
20240404 13315
20240415 13307
20240404 13315
20240416 13310
20240404 13315
20240417 13313
20240419 13313
20240420 13316
20240419 13313
20240421 13315
20240419 13313
20240422 13308
20240423 13313
20240419 13313
20240424 13311
20240419 13313
20240425 13309
20240419 13313
20240426 13314
20240419 13313
20240427 13333
20240419 13313
20240428 13320
20240429 13320
20240430 13318
20240429 13320
20240501 13316
20240429 13320
20240503 13326
20240429 13320
20240504 13329
20240429 13320
20240505 13324
20240429 13320
20240506 13319
20240429 13320
20240507 13318
20240508 13320
20240429 13320
20240509 13321
20240429 13320
20240510 13322
20240429 13320
20240511 13321
20240429 13320
20240512 13324
20240429 13320
20240513 13329
20240429 13320
20240514 13339
20240515 13339
20240516 13335
20240515 13339
20240517 13332
20240515 13339
20240518 13331
20240515 13339
20240519 13329
20240515 13339
20240520 13326
20240515 13339
20240521 13332
20240515 13339
20240522 13338
20240515 13339
20240523 13340
20240515 13339
20240524 13345
20240515 13339
20240525 13332
20240515 13339
20240526 13325
20240527 13325
20240528 13327
20240527 13325
20240529 13324
20240527 13325
20240530 13331
20240527 13325
20240531 13334
20240527 13325
20240601 13336
20240527 13325
20240602 13337
20240527 13325
20240603 13328
20240527 13325
20240604 13329
20240605 13329
20240606 13335
20240605 13329
20240609 13334
20240605 13329
20240611 13348
20240605 13329
20240612 13349
20240605 13329
20240613 13354
20240605 13329
20240614 13356
20240605 13329
20240615 13355
20240605 13329
20240616 13350
20240617 13350
20240618 13353
20240620 13353
20240621 13366
20240620 13353
20240622 13378
20240620 13353
20240623 13379
20240620 13353
20240624 13383
20240620 13353
20240626 13376
20240620 13353
20240627 13378
20240620 13353
20240628 13384
20240620 13353
20240629 13385
20240620 13353
20240630 13392
20240620 13353
20240701 13395
20240620 13353
20240702 13396
20240620 13353
20240703 13394
20240620 13353
20240704 13402
20240620 13353
20240705 13395
20240620 13353
20240706 13391
20240620 13353
20240707 13380
20240620 13353
20240708 13384
20240620 13353
20240709 13386
20240620 13353
20240710 13340
20240620 13353
20240711 13325
20240620 13353
20240712 13326
20240620 13353
20240713 13314
20240620 13353
20240714 13310
20240620 13353
20240715 13300
20240620 13353
20240716 13307
20240717 13307
20240718 13312
20240717 13307
20240719 13311
20240717 13307
20240720 13319
20240717 13307
20240721 13322
20240717 13307
20240722 13323
20240724 13323
20240725 13316
20240724 13323
20240726 13313
20240724 13323
20240727 13312
20240724 13323
20240728 13295
20240724 13323
20240729 13285
20240724 13323
20240730 13277
20240724 13323
20240731 13332
20240724 13323
20240801 13335
20240724 13323
20240802 13337
20240724 13323
20240803 13342
20240724 13323
20240804 13339
20240724 13323
20240805 13327
20240724 13323
20240806 13324
20240724 13323
20240807 13319
20240724 13323
20240808 13324
20240724 13323
20240809 13293
20240724 13323
20240810 13299
20240724 13323
20240811 13311
20240724 13323
20240812 13302
20240724 13323
20240813 13313
20240724 13323
20240814 13327
20240724 13323
20240815 13346
20240724 13323
20240816 13359
20240724 13323
20240817 13367
20240724 13323
20240818 13370
20240724 13323
20240819 13364
20240724 13323
20240820 13354
20240724 13323
20240821 13348
20240724 13323
20240822 13350
20240724 13323
20240823 13354
20240724 13323
20240824 13355
20240724 13323
20240825 13350
20240724 13323
20240826 13349
20240724 13323
20240827 13342
20240724 13323
20240828 13347
20240724 13323
20240829 13354
20240724 13323
20240830 13356
20240724 13323
20240831 13357
20240724 13323
20240901 13360
20240724 13323
20240902 13370
20240724 13323
20240903 13368
20240724 13323
20240904 13369
20240724 13323
20240905 13376
20240724 13323
20240906 13363
20240724 13323
20240907 13353
20240724 13323
20240908 13347
20240724 13323
20240909 13324
20240724 13323
20240910 13312
20240724 13323
20240911 13299
20240724 13323
20240912 13295
20240724 13323
20240913 13285
20240914 13285
20240915 13278
20240914 13285
20240916 13277
20240914 13285
20240917 13283
20240914 13285
20240918 13279
20240914 13285
20240919 13282
20240914 13285
20240920 13283
20240914 13285
20240921 13276
20240914 13285
20240921 13279
20240914 13285
20240922 13276
20240914 13285
20240925 13283
20240914 13285
20240926 13294
20240914 13285
20240927 13298
20240927 13298
