20230707 8204
20230709 8207
20230710 8210
20230711 8205
20230712 8202
20230713 8204
20230714 8200
20230715 8200
20230730 8185
20230731 8179
20230801 8181
20230802 8177
20230803 8172
20230804 8173
20230805 8179
20230806 8173
20230807 8169
20230808 8174
20230809 8177
20230810 8176
20230811 8167
20230812 8167
20230813 8164
20230815 8159
20230816 8162
20230817 8165
20230818 8167
20230819 8165
20230820 8166
20230821 8169
20230822 8176
20230823 8180
20230824 8181
20230825 8183
20230826 8179
20230827 8174
20230828 8174
20230829 8173
20230830 8175
20230831 8180
20230901 8171
20230902 8171
20230903 8171
20230904 8161
20230905 8161
20230906 8162
20230907 8161
20230908 8163
20230909 8171
20230910 8161
20230911 8155
20230912 8157
20230913 8159
20230914 8162
20230915 8159
20230916 8162
20230917 8160
20230918 8162
20230919 8160
20230920 7631
20230921 7633
20230922 7631
20230923 7629
20230924 7621
20230925 7622
20230926 7622
20230927 7617
20230928 7614
20230929 7618
20230930 7614
20231001 7611
20231002 7612
20231003 7612
20231005 7609
20231007 7612
20231008 7614
20231009 7618
20231010 7617
20231011 7611
20231012 7600
20231013 7589
20231014 7590
20231015 7596
20231016 7601
20231017 7599
20231018 7592
20231019 7598
20231020 7605
20231021 7601
20231022 7599
20231023 7598
20231024 7597
20231025 7602
20231026 7602
20231027 7598
20231028 7601
20231029 7600
20231030 7591
20231031 7591
20231101 7599
20231102 7597
20231103 7600
20231104 7600
20231105 7595
20231106 7591
20231107 7596
20231108 7608
20231109 7612
20231110 7618
20231111 7614
20231112 7613
20231113 7611
20231114 7612
20231115 7611
20231116 7612
20231117 7619
20231118 7618
20231120 7611
20231121 7609
20231122 7611
20231123 7626
20231124 7635
20231125 7640
20231126 7641
20231127 7634
20231128 7632
20231129 7700
20231130 7697
