20230707 11248
20230709 11266
20230710 11271
20230711 11272
20230712 11276
20230713 11293
20230714 11300
20230715 11304
20230730 11367
20230731 11373
20230801 11376
20230802 11385
20230803 11389
20230804 11391
20230805 11391
20230806 11397
20230807 11392
20230808 11413
20230809 11419
20230810 11415
20230811 11420
20230812 11415
20230813 11409
20230815 11397
20230816 11402
20230817 11413
20230818 11409
20230819 11413
20230820 11409
20230821 11409
20230822 11412
20230823 11407
20230824 11407
20230825 11412
20230826 11415
20230827 11415
20230828 11412
20230829 11415
20230830 11406
20230831 11412
20230901 11415
20230902 11418
20230903 11419
20230904 11408
20230905 11404
20230906 11393
20230907 11390
20230908 11395
20230909 11396
20230910 11395
20230911 11386
20230912 11386
20230913 11382
20230914 11385
20230915 11386
20230916 11385
20230917 11380
20230918 11375
20230919 11368
20230920 10039
20230921 10051
20230922 10053
20230923 10060
20230924 10063
20230925 10056
20230926 10057
20230927 10059
20230928 10060
20230929 10058
20230930 10059
20231001 10038
20231002 10039
20231003 10057
20231005 10072
20231007 10080
20231008 10087
20231009 10101
20231010 10105
20231011 10119
20231012 10123
20231013 10117
20231014 10125
20231015 10128
20231016 10124
20231017 10126
20231018 10126
20231019 10126
20231020 10131
20231021 10130
20231022 10128
20231023 10123
20231024 10122
20231025 10123
20231026 10125
20231027 10124
20231028 10120
20231029 10118
20231030 10124
20231031 10120
20231101 10120
20231102 10124
20231103 10128
20231104 10127
20231105 10129
20231106 10133
20231107 10135
20231108 10146
20231109 10148
20231110 10151
20231111 10146
20231112 10150
20231113 10157
20231114 10154
20231115 10160
20231116 10153
20231117 10162
20231118 10170
20231120 10149
20231121 10151
20231122 10153
20231123 10164
20231124 10165
20231125 10171
20231126 10164
20231127 10167
20231128 10170
20231129 10172
20231130 10179
20231201 10175
20231202 10180
20231203 10173
20231204 10170
20231205 10175
20231206 10177
20231207 10173
20231208 10176
20231209 10174
20231210 10172
20231211 10172
20231212 10176
20231213 10172
20231214 10174
20231215 10176
20231216 10185
20231217 10175
20231218 10168
20231219 10172
20231220 10177
20231221 10172
20231222 10172
20231223 10168
20231224 10183
20231225 10178
20231226 10169
20231227 10154
20231230 10175
20231231 10173
20240101 10176
20240102 10172
20240103 10174
20240104 10178
20240105 10174
20240106 10194
20240107 10196
20240108 10196
20240109 10203
20240110 10212
20240111 10234
20240112 10237
20240113 10238
20240114 10240
20240115 10241
20240116 10235
20240117 10237
20240118 10239
20240119 10241
20240120 10237
20240121 10235
20240122 10231
20240124 10226
20240125 10235
20240126 10235
20240127 10233
20240128 10235
20240129 10229
20240130 10227
20240131 10227
20240201 10222
20240202 10224
20240203 10235
20240204 10245
20240205 10242
20240206 10241
20240207 10242
20240208 10244
20240209 10240
20240210 10240
20240211 10242
20240212 10239
20240213 10237
20240214 10234
20240215 10243
20240216 10244
20240217 10238
20240218 10245
20240219 10235
20240220 10235
20240221 10233
20240222 10240
20240223 10239
20240224 10239
20240225 10239
20240226 10238
20240227 10239
20240228 10245
20240229 10244
20240301 10253
20240302 10249
20240303 10239
20240304 10237
20240305 10239
20240306 10242
20240307 10249
20240308 10269
20240309 10280
20240310 10278
20240311 10275
20240312 10276
20240313 10280
20240314 10273
20240315 10277
20240316 10278
20240317 10277
20240318 10262
20240319 10268
20240320 10271
20240321 10276
20240322 10273
20240323 10268
20240324 10266
20240325 10268
20240326 10268
20240327 10265
20240328 10268
20240329 10268
20240330 10264
20240331 10259
20240401 10254
20240402 10260
20240403 10256
20240404 10260
20240405 10255
20240406 10258
20240407 10263
20240408 10259
20240409 10252
20240410 10249
20240411 10238
20240412 10244
20240413 10242
20240415 10244
20240416 10246
20240417 10245
20240418 10247
20240419 10248
20240420 10249
20240421 10252
20240422 10246
20240423 10241
20240424 10248
20240425 10250
20240426 10248
20240427 10256
20240428 10251
20240429 10253
20240430 10248
20240501 10247
20240503 10249
20240504 10240
20240505 10240
20240506 10238
20240507 10245
20240508 10235
20240509 10229
20240510 10225
20240511 10218
20240512 10218
20240513 10223
20240514 10227
20240515 10224
20240516 10219
20240517 10226
20240518 10236
20240519 10230
20240520 10231
20240521 10232
20240522 10233
20240523 10228
20240524 10238
20240525 10234
20240526 10234
20240527 10243
20240528 10240
20240529 10240
20240530 10246
20240531 10247
20240601 10252
