20230707 1244
20230709 1246
20230710 1250
20230711 1251
20230712 1250
20230714 1250
20230715 1249
20230730 1246
20230731 1247
20230801 1246
20230802 1246
20230803 1247
20230804 1248
20230805 1245
20230806 1245
20230807 1246
20230808 1251
20230809 1252
20230810 1253
20230811 1254
20230812 1258
20230813 1258
20230815 1254
20230816 1255
20230817 1255
20230818 1256
20230819 1258
20230820 1265
20230821 1264
20230822 1268
20230823 1269
20230824 1270
20230825 1271
20230826 1280
20230827 1280
20230828 1283
20230829 1283
20230830 1282
20230831 1281
20230901 1280
20230902 1279
20230903 1279
20230904 1275
20230905 1275
20230906 1275
20230907 1275
