20230707 38097
20230709 38082
20230710 37927
20230711 37773
20230712 37789
20230713 37798
20230714 37808
20230715 38066
20230730 36066
20230731 36103
20230801 36111
20230802 36145
20230803 36068
20230804 35788
20230805 35059
20230806 35076
20230807 35077
20230808 35097
20230809 35118
20230810 35117
20230811 35136
20230812 34644
20230813 34644
20230815 34365
20230813 34644
20230816 34376
20230813 34644
20230817 34380
20230813 34644
20230818 34124
20230813 34644
20230819 34120
20230813 34644
20230820 34123
20230813 34644
20230821 33818
20230813 34644
20230822 33850
20230813 34644
20230823 33889
20230813 34644
20230824 33881
20230813 34644
20230825 33831
20230813 34644
20230826 33578
20230813 34644
20230827 33572
20230813 34644
20230828 33576
20230813 34644
20230829 33034
20230813 34644
20230830 32941
20230813 34644
20230831 32968
20230813 34644
20230901 32903
20230813 34644
20230902 32897
20230813 34644
20230903 32903
20230813 34644
20230904 32907
20230813 34644
20230905 32918
20230813 34644
20230906 32413
20230813 34644
20230907 32459
20230813 34644
20230908 32455
20230813 34644
20230909 32485
20230910 32485
20230911 31905
20230910 32485
20230912 31930
20230910 32485
20230913 31943
20230910 32485
20230914 31960
20230910 32485
20230915 31956
20230910 32485
20230916 31971
20230910 32485
20230917 31976
20230918 31976
20230919 31942
20230918 31976
20230920 31452
20230918 31976
20230921 31490
20230918 31976
20230922 31507
20230918 31976
20230923 31533
20230918 31976
20230924 31078
20230918 31976
20230925 31083
20230918 31976
20230926 31092
20230918 31976
20230927 31091
20230918 31976
20230928 31081
20230918 31976
20230929 31051
20230918 31976
20230930 31065
20230918 31976
20231001 30748
20230918 31976
20231002 30741
20230918 31976
20231003 30745
20230918 31976
20231005 30175
20230918 31976
20231007 30204
20230918 31976
20231008 29754
20230918 31976
20231009 29759
20230918 31976
20231010 29796
20230918 31976
20231011 29822
20230918 31976
20231012 29884
20230918 31976
20231013 29799
20230918 31976
20231014 29708
20230918 31976
20231015 29752
20230918 31976
20231016 29785
20230918 31976
20231017 29835
20230918 31976
20231018 29875
20230918 31976
20231019 29905
20230918 31976
20231020 29930
20230918 31976
20231021 29779
20230918 31976
20231022 28989
20230918 31976
20231023 29015
20230918 31976
20231024 29054
20230918 31976
20231025 29053
20230918 31976
20231026 29070
20230918 31976
20231027 29068
20230918 31976
20231028 29075
20230918 31976
20231029 29082
20230918 31976
20231030 29072
20230918 31976
20231031 29006
20230918 31976
20231101 28056
20230918 31976
20231102 27961
20230918 31976
20231103 27964
20230918 31976
20231104 27952
20230918 31976
20231105 27615
20230918 31976
20231106 27142
20230918 31976
20231107 27152
20230918 31976
20231108 27114
20230918 31976
20231109 27070
20230918 31976
20231110 26916
20230918 31976
20231111 26861
20230918 31976
20231112 26379
20230918 31976
20231113 26232
20230918 31976
20231114 26239
20230918 31976
20231115 25779
20230918 31976
20231116 25765
20230918 31976
20231117 25778
20230918 31976
20231118 25218
20230918 31976
20231120 25201
20230918 31976
20231121 25217
20230918 31976
20231122 25195
20230918 31976
20231123 25205
20230918 31976
20231124 25247
20230918 31976
20231125 25274
20230918 31976
20231126 25214
20230918 31976
20231127 25292
20230918 31976
20231128 25175
20230918 31976
20231129 25172
20230918 31976
20231130 25188
20230918 31976
20231201 25183
20230918 31976
20231202 25046
20230918 31976
20231203 24896
20230918 31976
20231204 24712
20230918 31976
20231205 24652
20230918 31976
20231206 24667
20230918 31976
20231207 24679
20230918 31976
20231208 24692
20230918 31976
20231209 24697
20230918 31976
20231210 24514
20230918 31976
20231211 24523
20230918 31976
20231212 24367
20230918 31976
20231213 24197
20230918 31976
20231214 24205
20230918 31976
20231215 24048
20230918 31976
20231216 23793
20230918 31976
20231217 23172
20230918 31976
20231218 22931
20230918 31976
20231219 22954
20230918 31976
20231220 22875
20230918 31976
20231221 22893
20230918 31976
20231222 22235
20230918 31976
20231223 21898
20230918 31976
20231224 21599
20230918 31976
20231225 21524
20230918 31976
20231226 21488
20230918 31976
20231227 21439
20230918 31976
20231230 21038
20230918 31976
20231231 20692
20230918 31976
20240101 20698
20230918 31976
20240102 20391
20230918 31976
20240103 20373
20230918 31976
20240104 20425
20230918 31976
20240105 20303
20230918 31976
20240106 20356
20230918 31976
20240107 20117
20230918 31976
20240108 20141
20230918 31976
20240109 20235
20230918 31976
20240110 20231
20230918 31976
20240111 20259
20230918 31976
20240112 20232
20230918 31976
20240113 20272
20230918 31976
20240114 20291
20230918 31976
20240115 20281
20230918 31976
20240116 20793
20230918 31976
20240117 20769
20230918 31976
20240118 20688
20230918 31976
20240119 20553
20230918 31976
20240120 20534
20240121 20534
20240122 20536
20240121 20534
20240124 20535
20240121 20534
20240125 20270
20240121 20534
20240126 20158
20240121 20534
20240127 20156
20240121 20534
20240128 20143
20240121 20534
20240129 20128
20240121 20534
20240130 19994
20240121 20534
20240131 19955
20240121 20534
20240201 15921
20240121 20534
20240202 15427
20240121 20534
20240203 14244
20240121 20534
20240204 14249
20240121 20534
20240205 14275
20240121 20534
20240206 14321
20240121 20534
20240207 14234
20240121 20534
20240208 14269
20240121 20534
20240209 14296
20240121 20534
20240210 14307
20240121 20534
20240211 14338
20240121 20534
20240212 14366
20240121 20534
20240213 14392
20240121 20534
20240214 14429
20240121 20534
20240215 14465
20240216 14465
20240217 14461
20240216 14465
20240218 14485
20240216 14465
20240219 14497
20240216 14465
20240220 14551
20240216 14465
20240221 14614
20240216 14465
20240222 14652
20240216 14465
20240223 14695
20240216 14465
20240224 14757
20240216 14465
20240225 14837
20240216 14465
20240226 14863
20240216 14465
20240227 14903
20240216 14465
20240228 14941
20240216 14465
20240229 15003
20240216 14465
20240301 15109
20240216 14465
20240302 15177
20240216 14465
20240303 15217
20240216 14465
20240304 15271
20240216 14465
20240305 15326
20240216 14465
20240306 15412
20240216 14465
20240307 15501
20240216 14465
20240308 15505
20240216 14465
20240309 15582
20240216 14465
20240310 15600
20240216 14465
20240311 15627
20240216 14465
20240312 15683
20240216 14465
20240313 15737
20240216 14465
20240314 15783
20240216 14465
20240315 15822
20240216 14465
20240316 15855
20240216 14465
20240317 15885
20240216 14465
20240318 15920
20240216 14465
20240319 15952
20240216 14465
20240320 16022
20240216 14465
20240321 16057
20240216 14465
20240322 16105
20240216 14465
20240323 16176
20240216 14465
20240324 16213
20240216 14465
20240325 16260
20240216 14465
20240326 16299
20240216 14465
20240327 16359
20240216 14465
20240328 16423
20240216 14465
20240329 16478
20240216 14465
20240330 16548
20240216 14465
20240331 16554
20240216 14465
20240401 16568
20240216 14465
20240402 16649
20240216 14465
20240403 16753
20240216 14465
20240404 16772
20240216 14465
20240405 16821
20240216 14465
20240406 16890
20240216 14465
20240407 16980
20240216 14465
20240408 17034
20240216 14465
20240409 17063
20240216 14465
20240410 17099
20240216 14465
20240411 17198
20240216 14465
20240412 17226
20240216 14465
20240413 17251
20240216 14465
20240415 17323
20240216 14465
20240416 17360
20240216 14465
20240417 17509
20240216 14465
20240418 17564
20240216 14465
20240419 17607
20240216 14465
20240420 17649
20240216 14465
20240421 17670
20240216 14465
20240422 17683
20240216 14465
20240423 17711
20240216 14465
20240424 17922
20240216 14465
20240425 17965
20240216 14465
20240426 18027
20240216 14465
20240427 18097
20240216 14465
20240428 18126
20240216 14465
20240429 18244
20240216 14465
20240430 18255
20240216 14465
20240501 18280
20240216 14465
20240503 18327
20240216 14465
20240504 18342
20240216 14465
20240505 18360
20240216 14465
20240506 18393
20240216 14465
20240507 18439
20240216 14465
20240508 18750
20240216 14465
20240509 18751
20240216 14465
20240510 18775
20240216 14465
20240511 18804
20240216 14465
20240512 18811
20240216 14465
20240513 18825
20240216 14465
20240514 18847
20240216 14465
20240515 18916
20240216 14465
20240516 19452
20240216 14465
20240517 19476
20240216 14465
20240518 19474
20240216 14465
20240519 19483
20240216 14465
20240520 19513
20240216 14465
20240521 19503
20240216 14465
20240522 20507
20240216 14465
20240523 21429
20240216 14465
20240524 22522
20240216 14465
20240525 24089
20240216 14465
20240526 24776
20240216 14465
20240527 26120
20240216 14465
20240528 27184
20240216 14465
20240529 28350
20240216 14465
20240530 28541
20240216 14465
20240531 28841
20240216 14465
20240601 29008
20240216 14465
20240602 29397
20240216 14465
20240603 30798
20240216 14465
20240604 31224
20240216 14465
20240605 31725
20240216 14465
20240606 32388
20240216 14465
20240609 34921
20240216 14465
20240611 35810
20240216 14465
20240612 36378
20240216 14465
20240613 38095
20240216 14465
20240614 39269
20240216 14465
20240615 39546
20240216 14465
20240616 39966
20240216 14465
20240617 40828
20240216 14465
20240618 41228
20240216 14465
20240620 42642
20240216 14465
20240621 43543
20240216 14465
20240622 47450
20240216 14465
20240623 50558
20240216 14465
20240624 51092
20240216 14465
20240626 55807
20240216 14465
20240627 58353
20240216 14465
20240628 59873
20240216 14465
20240629 60260
20240216 14465
20240630 60870
20240216 14465
20240701 61899
20240216 14465
20240702 63012
20240216 14465
20240703 64959
20240216 14465
20240704 65448
20240216 14465
20240705 66557
20240216 14465
20240706 67747
20240216 14465
20240707 68200
20240216 14465
20240708 68486
20240216 14465
20240709 68864
20240216 14465
20240710 70415
20240216 14465
20240711 71971
20240216 14465
20240712 72807
20240216 14465
20240713 74509
20240216 14465
20240714 74926
20240216 14465
20240715 75563
20240216 14465
20240716 77119
20240216 14465
20240717 77591
20240216 14465
20240718 77707
20240216 14465
20240719 77775
20240216 14465
20240720 77866
20240216 14465
20240721 77969
20240216 14465
20240722 78033
20240216 14465
20240723 78171
20240724 78171
20240725 78453
20240724 78171
20240726 78531
20240724 78171
20240727 54388
20240724 78171
20240728 54525
20240724 78171
20240729 54542
20240724 78171
20240730 54634
20240724 78171
20240731 54622
20240724 78171
20240801 54266
20240724 78171
20240802 54229
20240724 78171
20240803 54242
20240724 78171
20240804 54272
20240724 78171
20240805 54256
20240724 78171
20240806 54385
20240724 78171
20240807 54405
20240724 78171
20240808 54501
20240724 78171
20240809 54489
20240724 78171
20240810 54432
20240724 78171
20240811 54461
20240724 78171
20240812 54524
20240724 78171
20240813 54556
20240724 78171
20240814 54662
20240724 78171
20240815 54718
20240724 78171
20240816 54692
20240724 78171
20240817 54731
20240724 78171
20240818 54732
20240724 78171
20240819 54747
20240724 78171
20240820 54786
20240724 78171
20240821 54839
20240724 78171
20240822 54918
20240724 78171
20240823 54991
20240724 78171
20240824 55110
20240724 78171
20240825 55115
20240724 78171
20240826 54884
20240827 54884
20240828 54946
20240827 54884
20240829 55026
20240827 54884
20240830 55161
20240827 54884
20240831 55242
20240827 54884
20240901 55307
20240827 54884
20240902 55385
20240827 54884
20240903 55635
20240827 54884
20240904 55845
20240827 54884
20240905 55971
20240827 54884
20240906 55832
20240827 54884
20240907 55889
20240827 54884
20240908 55905
20240827 54884
20240909 55917
20240827 54884
20240910 55762
20240827 54884
20240911 55854
20240827 54884
20240912 55979
20240827 54884
20240913 56064
20240827 54884
20240914 56122
20240827 54884
20240915 56181
20240827 54884
20240916 56204
20240827 54884
20240917 56239
20240827 54884
20240918 56318
20240827 54884
20240919 56401
20240827 54884
20240920 56496
20240827 54884
20240921 56570
20240827 54884
20240921 56598
20240922 56598
20240925 56842
20240922 56598
20240926 56963
20240922 56598
20240927 57064
20240922 56598
20240928 57167
20240922 56598
20240929 57231
20240922 56598
20240930 57227
20240922 56598
20241001 57306
20240922 56598
20241002 58024
20241002 58024
