20230707 8793
20230709 8792
20230710 8792
20230711 8790
20230712 8787
20230713 8785
20230714 8784
20230715 8786
20230730 8732
20230731 8731
20230801 8729
20230802 8732
20230803 8728
20230804 8727
20230805 8732
20230806 8727
20230807 8725
20230808 8738
20230809 8747
20230810 8746
20230811 8747
20230812 8757
20230813 8754
20230815 8747
20230816 8748
20230817 8741
20230818 8739
20230819 8734
20230820 8739
20230821 8741
20230822 8741
20230823 8738
20230824 8733
20230825 8731
20230826 8723
20230827 8727
20230828 8731
20230829 8735
20230830 8735
20230831 8738
20230901 8738
20230902 8735
20230903 8722
20230904 8724
20230905 8724
20230906 8725
20230907 8718
20230908 8718
20230909 8720
20230910 8722
20230911 8722
20230912 8724
20230913 8724
20230914 8725
20230915 8722
20230916 8717
20230917 8707
20230918 8710
20230919 8707
20230920 8044
20230921 8046
20230922 8049
20230923 8044
20230924 8047
20230925 8050
20230926 8042
20230927 8046
20230928 8043
20230929 8042
20230930 8036
20231001 8038
20231002 8038
20231003 8036
20231005 8027
20231007 8034
20231008 8031
20231009 8020
20231010 8013
20231011 8016
20231012 8011
20231013 8010
20231014 8002
20231015 8002
20231016 7999
20231017 7999
20231018 8001
20231019 8000
20231020 8023
20231021 8024
20231022 8019
20231023 8014
20231024 8021
20231025 8018
20231026 8014
20231027 8014
20231028 8011
20231029 8012
20231030 8014
20231031 8011
20231101 8008
20231102 8004
20231103 8005
20231104 8010
20231105 8006
20231106 7999
20231107 8004
20231108 8006
20231109 8011
20231110 8010
20231111 8011
20231112 8007
20231113 7988
20231114 7990
20231115 7993
20231116 7992
20231117 8046
20231118 8050
20231120 8043
20231121 8039
20231122 8039
20231123 8047
20231124 8041
20231125 8045
20231126 8043
20231127 8041
20231128 8036
20231129 8039
20231130 8048
20231201 8045
20231202 8045
20231203 8046
20231204 8046
20231205 8049
20231206 8048
20231207 8049
20231208 8047
20231209 8046
20231210 8050
20231211 8042
20231212 8044
20231213 8045
20231214 8037
20231215 8039
20231216 8046
20231217 8047
20231218 8045
20231219 8042
20231220 8046
20231221 8048
20231222 8068
20231223 8065
20231224 8057
20231225 8051
20231226 8049
20231227 8031
20231230 8042
20231231 8039
20240101 8064
20240102 8061
20240103 8058
20240104 8058
20240105 8057
20240106 8069
20240107 8063
20240108 8061
20240109 8066
20240110 8074
20240111 8105
20240112 8106
20240113 8110
20240114 8115
20240115 8113
20240116 8114
20240117 8119
20240118 8125
20240119 8126
20240120 8128
20240121 8121
20240122 8128
20240124 8125
20240125 8126
20240126 8129
20240127 8130
20240128 8129
20240129 8135
20240130 8139
20240131 8144
20240201 8145
20240202 8143
20240203 8146
20240204 8145
20240205 8146
20240206 8147
20240207 8151
20240208 8138
20240209 8146
20240210 8152
20240211 8163
20240212 8163
20240213 8160
20240214 8160
20240215 8163
20240216 8162
20240217 8158
20240218 8154
20240219 8157
20240220 8168
20240221 8174
20240222 8175
20240223 8185
20240224 8185
20240225 8183
20240226 8178
20240227 8178
20240228 8175
20240229 8179
20240301 8180
20240302 8188
20240303 8188
20240304 8186
20240305 8186
20240306 8195
20240307 8199
20240308 8199
20240309 8202
20240310 8196
20240311 8189
20240312 8187
20240313 8185
20240314 8191
20240315 8192
20240316 8189
20240317 8191
20240318 8186
20240319 8187
20240320 8192
20240321 8191
20240322 8193
20240323 8192
20240324 8192
20240325 8195
20240326 8193
20240327 8195
20240328 8186
20240329 8184
20240330 8172
20240331 8167
20240401 8166
20240402 8160
20240403 8161
20240404 8163
20240405 8164
20240406 8162
20240407 8163
20240408 8165
20240409 8160
20240410 8164
20240411 8161
20240412 8163
20240413 8165
20240415 8169
20240416 8171
20240417 8165
20240418 8165
20240419 8172
20240420 8171
20240421 8167
20240422 8166
20240423 8171
20240424 8176
20240425 8179
20240426 8182
20240427 8177
20240428 8172
20240429 8174
20240430 8178
20240501 8176
20240503 8175
20240504 8174
