20230707 12509
20230709 12499
20230710 12431
20230711 12430
20230712 12425
20230714 12423
20230715 12423
20230730 12162
20230731 12153
20230801 12146
20230802 12144
20230803 12147
20230804 12147
20230805 12149
20230806 12149
20230807 12143
20230808 12143
20230809 12132
20230810 12131
20230811 12127
20230812 12108
20230813 12099
20230815 12091
20230816 12085
20230817 12068
20230818 12061
20230819 12057
20230820 12043
20230821 12041
20230822 12035
20230823 12035
20230824 12033
20230825 12024
20230826 12020
20230827 12022
20230828 12014
20230829 12003
20230830 12000
20230831 11998
20230901 11997
20230902 11995
20230903 11985
20230904 11977
20230905 11985
20230906 11980
20230907 11977
20230908 11951
20230909 11940
20230910 11933
20230911 11927
20230912 11925
20230913 11907
20230914 11899
20230915 11896
20230916 11892
20230917 11885
20230918 11876
20230919 11870
20230920 11408
20230921 11404
20230922 11391
20230923 11388
20230924 11372
20230925 11357
20230926 11336
20230927 11335
20230928 11331
20230929 11307
20230930 11307
20231001 11301
20231002 11297
20231003 11302
20231005 11300
20231007 11297
20231008 11286
20231009 11286
20231010 11282
20231011 11283
20231012 11290
20231013 11284
20231014 11281
20231015 11278
20231016 11276
20231017 11275
20231018 11276
20231019 11273
20231020 11270
20231021 11273
20231022 11274
20231023 11277
20231024 11282
20231025 11284
20231026 11280
20231027 11272
20231028 11271
20231029 11269
20231030 11267
20231031 11268
20231101 11265
20231102 11269
20231103 11262
20231104 11268
20231105 11261
20231106 11258
20231107 11256
20231108 11249
20231109 11249
20231110 11251
20231111 11250
20231112 11248
20231113 11244
20231114 11248
20231115 11244
20231116 11247
20231117 11241
20231118 11246
20231120 11256
20231121 11261
20231122 11260
20231123 11259
20231124 11257
20231125 11261
20231126 11260
20231127 11261
20231128 11264
20231129 11262
20231130 11255
20231201 11254
20231202 11250
20231203 11252
20231204 11248
20231205 11247
20231206 11252
20231207 11255
20231208 11258
20231209 11251
20231210 11248
20231211 11249
20231212 11243
20231213 11243
20231214 11249
20231215 11247
20231216 11248
20231217 11238
20231218 11243
20231219 11240
20231220 11235
20231221 11237
20231222 11234
20231223 11231
20231224 11228
20231225 11222
20231226 11217
20231227 11215
20231230 11213
20231231 11216
20240101 11217
20240102 11222
20240103 11219
20240104 11216
20240105 11208
20240106 11215
20240107 11215
20240108 11216
20240109 11219
20240110 11215
20240111 11222
20240112 11223
20240113 11225
20240114 11221
20240115 11220
20240116 11219
20240117 11220
20240118 11219
20240119 11224
20240120 11222
20240121 11214
20240122 11208
20240124 11199
20240125 11197
20240126 11198
20240127 11198
20240128 11197
20240129 11194
20240130 11190
20240131 11185
20240201 11182
20240202 11184
20240203 11175
20240204 11161
20240205 11158
20240206 11159
20240207 11168
20240208 11168
20240209 11165
20240210 11164
20240211 11165
20240212 11160
20240213 11160
20240214 11153
20240215 11152
20240216 11151
20240217 11139
20240218 11137
20240219 11130
20240220 11131
20240221 11135
20240222 11135
20240223 11140
20240224 11139
20240225 11139
20240226 11137
20240227 11133
20240228 11133
20240229 11125
20240301 11124
20240302 11116
20240303 11121
20240304 11116
20240305 11052
20240306 11051
20240307 11119
20240308 11118
20240309 11114
20240310 11104
20240311 11099
20240312 11095
20240313 11092
20240314 11079
20240315 11073
20240316 11077
20240317 11008
20240318 11003
20240319 11004
20240320 11011
20240321 11018
20240322 11015
20240323 11019
20240324 11017
20240325 11016
20240326 11012
20240327 11008
20240328 11006
20240329 10967
20240330 10965
20240331 10962
20240401 10967
20240402 10959
20240403 10948
20240404 10943
20240405 10937
20240406 10926
20240407 10867
20240408 10883
20240409 10883
20240410 10886
20240411 10876
20240412 10873
20240413 10878
20240415 10870
20240416 10873
20240417 10852
20240418 10845
20240419 10845
20240420 10833
20240421 10863
20240422 10863
20240423 10815
20240424 10855
20240425 10844
20240426 10844
20240427 10837
20240428 10830
20240429 10828
20240430 10814
20240501 10790
20240503 10769
20240504 10753
20240505 10723
20240506 10681
20240507 10650
20240508 10619
20240509 10619
20240510 10601
20240511 10588
20240512 10558
20240513 10532
20240514 10509
20240515 10488
20240516 10445
20240517 10435
20240518 10391
20240519 10340
20240520 10276
20240521 10225
20240522 10215
20240523 10201
20240524 10131
20240525 10109
20240526 10114
20240527 10105
20240528 10101
20240529 10110
20240530 10105
20240531 10105
20240601 10092
20240602 10089
20240603 10083
20240604 10077
20240605 10084
20240606 10078
20240609 10036
20240611 10052
20240612 10063
20240613 10022
20240614 10014
20240615 9981
20240616 9888
20240617 9853
20240618 9820
20240620 9789
20240621 9735
20240622 9724
20240623 9710
20240624 9695
20240626 9555
20240627 9484
20240628 9455
20240629 9390
20240630 9330
20240701 9269
20240702 9217
20240703 9192
20240704 9145
20240705 9061
20240706 9004
20240707 8917
20240708 8815
20240709 8711
20240710 8626
20240711 8552
20240712 8384
20240713 8266
20240714 8177
20240715 8100
20240716 7975
20240717 7887
20240718 7764
20240719 7730
20240720 7615
20240721 7565
20240722 7518
20240723 7480
20240724 7480
20240725 7429
20240726 7411
20240727 7398
20240728 7374
20240729 7351
20240730 7339
20240731 7320
20240801 7303
20240802 7288
20240803 7281
20240804 7271
20240805 7268
20240806 7256
20240807 7253
20240808 7249
20240809 7248
20240810 7239
20240811 7236
20240812 7227
20240813 7220
20240814 7221
20240815 7221
20240816 7216
20240817 7206
20240818 7209
20240819 7201
20240820 7200
20240821 7197
20240822 7196
20240823 7198
20240824 7194
20240825 7175
20240826 7174
20240827 7171
20240828 7178
20240829 7179
20240830 7180
20240831 7179
20240901 7184
20240902 7183
20240903 7182
20240904 7178
20240905 7177
20240906 7172
20240907 7167
20240908 7163
20240909 7162
20240910 7154
20240911 7152
20240912 7147
20240913 7144
20240914 7143
20240915 7143
20240916 7140
20240917 7137
20240918 7134
20240919 7142
20240920 7144
20240921 7134
20240922 7134
20240925 7131
20240926 7136
20240927 7138
20240928 7131
20240929 7108
20240930 7097
20241001 7099
20241002 7099
20241003 7091
20241004 7090
20241005 7090
20241006 7088
20241007 7085
20241009 7085
20241010 7084
20241011 7080
20241012 7073
20241013 7069
20241014 7073
20241015 7074
20241016 7071
20241017 7069
20241018 7065
20241019 7061
20241020 7058
20241021 7056
20241022 7056
20241023 7085
20241024 7085
20241025 7080
20241026 7079
20241027 7077
20241028 7074
20241029 7074
20241030 7066
20241031 7064
20241101 7063
20241102 7060
20241103 7056
20241104 7057
20241105 7057
20241106 7059
20241107 7060
20241108 7062
20241109 7062
20241110 7056
20241111 7054
20241112 7058
20241113 7057
20241115 7057
20241116 7055
20241117 7056
20241118 7049
