20230707 14263
20230709 14262
20230710 14257
20230711 14253
20230712 14252
20230713 14247
20230714 14248
20230715 14253
20230730 14150
20230731 14151
20230801 14154
20230802 14154
20230803 14152
20230802 14154
20230804 14141
20230802 14154
20230805 14147
20230802 14154
20230806 14149
20230802 14154
20230807 14143
20230802 14154
20230808 14147
20230802 14154
20230809 14160
20230802 14154
20230810 14162
20230802 14154
20230811 14167
20230802 14154
20230812 14165
20230802 14154
20230813 14164
20230802 14154
20230815 14159
20230802 14154
20230816 14161
20230802 14154
20230817 14167
20230802 14154
20230818 14176
20230802 14154
20230819 14169
20230802 14154
20230820 14168
20230802 14154
20230821 14163
20230802 14154
20230822 14165
20230802 14154
20230823 14162
20230802 14154
20230824 14150
20230802 14154
20230825 14152
20230802 14154
20230826 14153
20230802 14154
20230827 14149
20230802 14154
20230828 14144
20230802 14154
20230829 14141
20230802 14154
20230830 14148
20230802 14154
20230831 14155
20230901 14154
20230802 14154
20230902 14159
20230802 14154
20230903 14155
20230802 14154
20230904 14146
20230802 14154
20230905 14142
20230802 14154
20230906 14136
20230802 14154
20230907 14134
20230802 14154
20230908 14140
20230802 14154
20230909 14143
20230802 14154
20230910 14136
20230802 14154
20230911 14128
20230802 14154
20230912 14127
20230802 14154
20230913 14120
20230802 14154
20230914 14121
20230915 14121
20230916 14113
20230915 14121
20230917 14103
20230915 14121
20230918 14100
20230915 14121
20230919 14099
20230915 14121
20230920 13148
20230915 14121
20230921 13150
20230915 14121
20230922 13148
20230915 14121
20230923 13145
20230915 14121
20230924 13141
20230915 14121
20230925 13136
20230915 14121
20230926 13140
20230915 14121
20230927 13144
20230915 14121
20230928 13140
20230915 14121
20230929 13137
20230915 14121
20230930 13133
20230915 14121
20231001 13127
20230915 14121
20231002 13126
20230915 14121
20231003 13129
20230915 14121
20231005 13127
20230915 14121
20231007 13121
20230915 14121
20231008 13124
20230915 14121
20231009 13117
20230915 14121
20231010 13107
20230915 14121
20231011 13105
20230915 14121
20231012 13108
20230915 14121
20231013 13103
20230915 14121
20231014 13081
20230915 14121
20231015 13077
20230915 14121
20231016 13073
20230915 14121
20231017 13075
20230915 14121
20231018 13070
20230915 14121
20231019 13065
20230915 14121
20231020 13066
20230915 14121
20231021 13057
20230915 14121
20231022 13048
20230915 14121
20231023 13039
20230915 14121
20231024 13040
20230915 14121
20231025 13041
20230915 14121
20231026 13037
20230915 14121
20231027 13032
20230915 14121
20231028 13030
20230915 14121
20231029 13029
20230915 14121
20231030 13026
20230915 14121
20231031 13025
20230915 14121
20231101 13026
20230915 14121
20231102 13023
20230915 14121
20231103 13024
20230915 14121
20231104 13021
20230915 14121
20231105 13015
20230915 14121
20231106 12998
20230915 14121
20231107 12989
20230915 14121
20231108 12984
20230915 14121
20231109 12982
20230915 14121
20231110 12978
20230915 14121
20231111 12976
20230915 14121
20231112 12973
20230915 14121
20231113 12970
20230915 14121
20231114 12965
20231115 12965
20231116 12961
20231115 12965
20231117 12975
20231115 12965
20231118 12970
20231115 12965
20231120 12967
20231115 12965
20231121 12971
20231115 12965
20231122 12974
20231115 12965
20231123 12983
20231115 12965
20231124 12986
20231115 12965
20231125 12995
20231115 12965
20231126 12989
20231115 12965
20231127 12992
20231115 12965
20231128 12993
20231129 12993
20231130 12994
20231129 12993
20231201 12988
20231129 12993
20231202 12985
20231129 12993
20231203 12980
20231129 12993
20231204 12967
20231129 12993
20231205 12962
20231129 12993
20231206 12958
20231129 12993
20231207 12956
20231129 12993
20231208 12948
20231129 12993
20231209 12945
20231129 12993
20231210 12939
20231129 12993
20231211 12932
20231129 12993
20231212 12928
20231129 12993
20231213 12931
20231129 12993
20231214 12923
20231129 12993
20231215 12914
20231129 12993
20231216 12915
20231129 12993
20231217 12914
20231129 12993
20231218 12909
20231129 12993
20231219 12904
20231129 12993
20231220 12900
20231221 12900
20231222 12910
20231223 12910
20231224 12900
20231223 12910
20231225 12886
20231223 12910
20231226 12885
20231223 12910
20231227 12877
20231223 12910
20231230 12894
20231223 12910
20231231 12895
20231223 12910
20240101 12898
20231223 12910
20240102 12894
20231223 12910
20240103 12889
20231223 12910
20240104 12883
20231223 12910
20240105 12882
20231223 12910
20240106 12899
20231223 12910
20240107 12902
20231223 12910
20240108 12899
20231223 12910
20240109 12900
20231223 12910
20240110 12892
20231223 12910
20240111 12908
20231223 12910
20240112 12904
20231223 12910
20240113 12902
20231223 12910
20240114 12897
20231223 12910
20240115 12892
20231223 12910
20240116 12889
20231223 12910
20240117 12888
20231223 12910
20240118 12887
20231223 12910
20240119 12884
20231223 12910
20240120 12880
20231223 12910
20240121 12874
20231223 12910
20240122 12870
20231223 12910
20240124 12854
20231223 12910
20240125 12849
20231223 12910
20240126 12850
20231223 12910
20240127 12849
20231223 12910
20240128 12848
20231223 12910
20240129 12846
20231223 12910
20240130 12849
20231223 12910
20240131 12851
20231223 12910
20240201 12842
20240202 12842
20240203 12836
20240202 12842
20240204 12830
20240202 12842
20240205 12829
20240202 12842
20240206 12822
20240207 12822
20240208 12825
20240207 12822
20240209 12824
20240207 12822
20240210 12819
20240207 12822
20240211 12812
20240207 12822
20240212 12809
20240213 12809
20240214 12803
20240213 12809
20240215 12804
20240213 12809
20240216 12792
20240213 12809
20240217 12790
20240213 12809
20240218 12786
20240213 12809
20240219 12783
20240213 12809
20240220 12780
20240213 12809
20240221 12775
20240213 12809
20240222 12774
20240213 12809
20240223 12771
20240213 12809
20240224 12754
20240213 12809
20240225 12738
20240213 12809
20240226 12732
20240213 12809
20240227 12728
20240213 12809
20240228 12726
20240213 12809
20240229 12728
20240213 12809
20240301 12725
20240213 12809
20240302 12726
20240213 12809
20240303 12718
20240213 12809
20240304 12714
20240213 12809
20240305 12707
20240213 12809
20240306 12695
20240213 12809
20240307 12694
20240213 12809
20240308 12695
20240213 12809
20240309 12689
20240213 12809
20240310 12686
20240213 12809
20240311 12689
20240312 12689
20240313 12683
20240312 12689
20240314 12668
20240312 12689
20240315 12665
20240312 12689
20240316 12661
20240312 12689
20240317 12640
20240312 12689
20240318 12584
20240312 12689
20240319 12591
20240312 12689
20240320 12583
20240312 12689
20240321 12581
20240312 12689
20240322 12582
20240312 12689
20240323 12590
20240312 12689
20240324 12589
20240325 12589
20240326 12588
20240325 12589
20240327 12584
20240325 12589
20240328 12580
20240325 12589
20240329 12577
20240325 12589
20240330 12580
20240325 12589
20240331 12584
20240325 12589
20240401 12576
20240325 12589
20240402 12577
20240325 12589
20240403 12578
20240325 12589
20240404 12575
20240325 12589
20240405 12570
20240325 12589
20240406 12561
20240325 12589
20240407 12557
20240325 12589
20240408 12543
20240325 12589
20240409 12538
20240325 12589
20240410 12540
20240325 12589
20240411 12537
20240325 12589
20240412 12544
20240325 12589
20240413 12539
20240325 12589
20240415 12535
20240325 12589
20240416 12528
20240325 12589
20240417 12532
20240325 12589
20240418 12536
20240325 12589
20240419 12552
20240325 12589
20240420 12550
20240325 12589
20240421 12545
20240423 12545
20240424 12551
20240425 12551
20240426 12546
20240425 12551
20240427 12543
20240425 12551
20240428 12533
20240425 12551
20240429 12529
20240425 12551
20240430 12524
20240425 12551
20240501 12513
20240425 12551
20240503 12525
20240425 12551
20240504 12520
20240425 12551
20240505 12516
20240425 12551
20240506 12513
20240425 12551
20240507 12520
20240425 12551
20240508 12518
20240425 12551
20240509 12515
20240425 12551
20240510 12508
20240425 12551
20240511 12503
20240425 12551
20240512 12495
20240425 12551
20240513 12498
20240425 12551
20240514 12499
20240515 12499
20240516 12497
20240515 12499
20240517 12492
20240515 12499
20240518 12491
20240515 12499
20240519 12489
20240515 12499
20240520 12483
20240515 12499
20240521 12476
20240515 12499
20240522 12473
20240515 12499
20240523 12471
20240515 12499
20240524 12470
20240515 12499
20240525 12462
20240515 12499
20240526 12464
20240515 12499
20240527 12456
20240515 12499
20240528 12455
20240515 12499
20240529 12457
20240515 12499
20240530 12461
20240515 12499
20240531 12457
20240515 12499
20240601 12452
20240515 12499
20240602 12444
20240515 12499
20240603 12431
20240515 12499
20240604 12414
20240515 12499
20240605 12408
20240609 12408
20240611 12404
20240609 12408
20240612 12402
20240609 12408
20240613 12396
20240609 12408
20240614 12400
20240609 12408
20240615 12388
20240609 12408
20240616 12382
20240609 12408
20240617 12375
20240609 12408
20240618 12364
20240620 12364
20240621 12370
20240620 12364
20240622 12373
20240620 12364
20240623 12372
20240620 12364
20240624 12366
20240620 12364
20240626 12361
20240620 12364
20240627 12363
20240620 12364
20240628 12355
20240620 12364
20240629 12348
20240620 12364
20240630 12345
20240620 12364
20240701 12343
20240620 12364
20240702 12336
20240620 12364
20240703 12332
20240620 12364
20240704 12336
20240620 12364
20240705 12331
20240620 12364
20240706 12322
20240620 12364
20240707 12313
20240620 12364
20240708 12312
20240620 12364
20240709 12304
20240620 12364
20240710 12299
20240620 12364
20240711 12298
20240620 12364
20240712 12297
20240620 12364
20240713 12290
20240620 12364
20240714 12282
20240620 12364
20240715 12272
20240620 12364
20240716 12257
20240620 12364
20240717 12219
20240620 12364
20240718 12212
20240620 12364
20240719 12205
20240620 12364
20240720 12207
20240620 12364
20240721 12204
20240620 12364
20240722 12207
20240620 12364
20240723 12201
20240724 12201
20240725 12187
20240724 12201
20240726 12186
20240724 12201
20240727 12189
20240724 12201
20240728 12188
20240724 12201
20240729 12187
20240724 12201
20240730 12180
20240724 12201
20240731 12184
20240724 12201
20240801 12182
20240724 12201
20240802 12172
20240724 12201
20240803 12164
20240724 12201
20240804 12158
20240724 12201
20240805 12146
20240724 12201
20240806 12138
20240724 12201
20240807 12131
20240724 12201
20240808 12124
20240724 12201
20240809 12120
20240724 12201
20240810 12115
20240724 12201
20240811 12113
20240724 12201
20240812 12109
20240724 12201
20240813 12102
20240724 12201
20240814 12096
20240724 12201
20240815 12093
20240724 12201
20240816 12086
20240724 12201
20240817 12077
20240724 12201
20240818 12067
20240724 12201
20240819 12059
20240724 12201
20240820 12057
20240724 12201
20240821 12056
20240724 12201
20240822 12058
20240724 12201
20240823 12059
20240724 12201
20240824 12056
20240724 12201
20240825 12046
20240724 12201
20240826 12034
20240724 12201
20240827 12027
20240724 12201
20240828 12021
20240724 12201
20240829 12011
20240724 12201
20240830 12006
20240724 12201
20240831 12000
20240724 12201
20240901 11997
20240724 12201
20240902 12000
20240724 12201
20240903 12006
20240724 12201
20240904 12014
20240724 12201
20240905 12019
20240724 12201
20240906 12014
20240724 12201
20240907 12009
20240724 12201
20240908 12004
20240909 12004
20240910 12005
20240911 12004
20240909 12004
20240912 11995
20240913 11995
20240914 11997
20240913 11995
20240915 11988
20240913 11995
20240916 11984
20240913 11995
20240917 11978
20240913 11995
20240918 11976
20240913 11995
20240919 11973
20240913 11995
20240920 11976
20240913 11995
20240921 11971
20240913 11995
20240921 11972
20240913 11995
20240922 11971
20240913 11995
20240925 11964
20240925 11964
