20230707 12
20230709 12
20230710 12
20230711 12
20230712 12
20230714 12
20230715 12
20230730 12
20230731 12
20230801 12
20230802 12
20230803 12
20230804 12
20230805 12
20230806 12
20230807 12
20230808 12
20230809 12
20230810 12
20230811 12
20230812 14
20230813 14
20230815 14
20230816 14
20230817 14
20230818 14
20230819 14
20230820 14
20230821 14
20230822 14
20230823 14
20230824 14
20230825 14
20230826 14
20230827 14
20230828 14
20230829 14
20230830 14
20230831 14
20230901 14
20230902 14
20230903 14
20230904 14
20230905 14
20230906 14
20230907 14
20230908 14
20230909 14
20230910 14
20230911 14
