20230707 96
20230731 96
20230801 95
20230815 95
20230816 94
20230903 94
20230904 93
20230919 93
20230920 91
20230924 91
20230925 90
20231007 90
20231008 89
20231010 89
20231011 90
20231014 90
20231015 89
20231024 89
20231025 88
20231028 88
20231029 87
20231203 87
20231204 86
20231224 86
20231225 85
20240125 85
20240126 86
20240301 86
20240302 87
20240307 87
20240308 88
20240312 88
20240313 80
20240324 80
20240325 79
20240424 79
20240425 80
20240509 80
20240510 81
20240511 86
20240512 87
20240513 86
20240514 87
20240515 87
20240516 88
20240517 91
20240521 91
20240522 92
20240525 92
20240526 93
20240528 93
20240529 94
20240531 94
20240601 95
20240604 95
20240605 96
20240611 96
20240612 97
20240613 97
20240614 98
20240622 98
20240623 99
20240624 102
20240626 102
20240627 101
20240628 102
20240715 102
20240716 103
20240718 103
20240719 104
20240724 104
20240725 107
20240731 107
20240801 108
20240802 108
20240803 107
20240825 107
20240826 108
20240827 109
20240828 109
20240829 110
20240914 110
20240915 111
20241112 111
20241113 112
20241123 112
20241124 111
20250206 111
20250207 112
20250223 112
20250224 113
20250305 113
20250306 114
20250312 114
20250313 115
20250323 115
20250324 117
20250328 117
20250329 118
20250402 118
20250403 119
20250411 119
20250412 121
20250424 121
20250425 120
20250426 119
20250507 119
20250508 120
20250512 120
20250513 121
20250514 121
20250515 122
20250516 123
20250522 123
20250523 124
20250602 124
20250603 127
20250604 131
20250605 133
20250606 135
20250607 136
20250608 139
20250609 141
20250610 142
20250612 142
20250613 143
20250614 147
20250615 148
20250616 150
20250617 150
20250618 152
20250619 154
20250620 157
20250621 155
20250622 159
20250624 159
20250625 160
20250626 159
20250628 159
20250629 160
20250702 160
20250703 162
20250704 163
20250705 162
20250706 163
20250707 163
20250708 162
20250710 162
20250711 163
20250712 163
20250713 162
20250714 162
20250715 161
20250720 161
20250722 162
20250723 162
20250724 160
20250725 161
20250726 163
20250727 167
20250729 167
20250730 168
20250731 170
20250801 171
20250808 171
20250810 173
20250811 173
20250812 174
20250813 174
20250814 175
20250815 176
20250816 177
20250818 177
20250819 179
20250820 179
20250821 180
20250822 180
20250823 181
20250824 182
20250826 182
20250827 181
20250829 181
20250830 180
20250902 180
20250903 181
20250904 180
20250905 179
20250906 179
20250907 181
20250911 181
20250912 182
20250914 182
20250915 184
20250916 184
20250917 185
20250918 185
20250919 186
20250920 188
20250921 188
20250922 189
20250923 190
20250924 191
20250929 191
20250930 193
20251001 195
20251002 196
20251006 196
20251007 197
20251008 197
20251009 196
20251010 197
20251011 198
20251012 199
20251013 201
20251014 202
20251015 203
20251016 204
20251017 206
20251018 207
20251019 209
20251020 210
20251021 210
20251022 211
20251023 213
20251024 214
20251025 217
20251026 218
20251029 218
20251030 219
20251031 220
20251101 222
20251102 224
20251103 224
20251104 225
20251105 225
20251106 215
20251107 206
20251109 206
20251110 207
20251114 207
20251115 208
20251116 209
20251117 212
20251121 212
20251122 213
20251123 214
20251125 214
