20230707 49
20230709 49
20230710 49
20230711 49
20230712 49
20230714 49
20230715 49
20230730 49
20230731 49
20230801 49
20230802 49
20230803 49
20230804 49
20230805 49
20230806 49
20230807 49
20230808 49
20230809 49
20230810 49
20230811 49
20230812 49
20230813 49
20230815 49
20230816 49
20230817 49
20230818 49
20230819 49
20230820 49
20230821 49
20230822 49
20230823 49
20230824 49
20230825 49
20230826 49
20230827 49
20230828 49
20230829 49
20230830 49
20230831 49
20230901 49
20230902 49
20230903 49
20230904 49
20230905 49
20230906 49
20230907 49
20230908 49
20230909 49
20230910 49
20230911 49
20230912 49
20230913 49
20230914 49
20230915 49
20230916 49
20230917 49
20230918 49
20230919 49
20230920 48
20230921 48
20230922 48
20230923 48
20230924 48
20230925 48
20230926 48
20230927 48
20230928 48
20230929 48
20230930 48
20231001 48
20231002 48
20231003 48
20231005 48
20231007 48
20231008 48
20231009 48
20231010 48
20231011 48
20231012 48
20231013 48
20231014 48
20231015 48
20231016 48
20231017 48
20231018 48
20231019 48
20231020 48
20231021 48
20231022 48
20231023 48
20231024 48
20231025 48
20231026 48
20231027 48
20231028 48
20231029 48
20231030 48
20231031 48
20231101 48
20231102 49
20231103 49
20231104 49
20231105 49
20231106 49
20231107 49
20231108 49
20231109 49
20231110 49
20231111 49
20231112 49
20231113 49
20231114 49
20231115 49
20231116 49
20231117 49
20231118 49
20231120 49
20231121 49
20231122 49
20231123 49
20231124 49
20231125 49
20231126 49
20231127 49
20231128 49
20231129 49
20231130 49
20231201 49
20231202 49
20231203 49
20231204 49
20231205 49
20231206 49
20231207 49
20231208 49
20231209 49
20231210 49
20231211 49
20231212 49
20231213 49
20231214 49
20231215 49
20231216 49
20231217 49
20231218 49
20231219 49
20231220 49
20231221 49
20231222 49
20231223 49
20231224 49
20231225 49
20231226 49
20231227 49
20231230 49
20231231 49
20240101 49
20240102 49
20240103 49
20240104 49
20240105 49
20240106 49
20240107 49
20240108 49
20240109 49
20240110 49
20240111 49
20240112 49
20240113 49
20240114 49
20240115 49
20240116 49
20240117 49
20240118 49
20240119 49
20240120 49
20240121 49
20240122 49
20240124 49
20240125 49
20240126 49
20240127 49
20240128 49
20240129 49
20240130 49
20240131 49
20240201 49
20240202 49
20240203 49
20240204 49
20240205 49
20240206 49
20240207 49
20240208 49
20240209 49
20240210 49
20240211 49
20240212 49
20240213 49
20240214 49
20240215 49
20240216 49
20240217 49
20240218 49
20240219 49
20240220 49
20240221 49
20240222 49
20240223 49
20240224 49
20240225 49
20240226 49
20240227 49
20240228 49
20240229 49
20240301 49
20240302 49
20240303 49
20240304 49
20240305 49
20240306 49
