20230707 778
20230709 776
20230710 776
20230711 776
20230712 776
20230714 776
20230715 777
20230730 777
20230731 777
20230801 777
20230802 776
20230803 776
20230804 775
20230805 774
20230806 774
20230807 774
20230808 773
20230809 774
20230810 773
20230811 771
20230812 772
20230813 771
20230815 767
20230816 768
20230817 770
20230818 770
20230819 768
20230820 768
20230821 768
20230822 768
20230823 768
20230824 767
20230825 766
20230826 766
20230827 769
20230828 769
20230829 768
20230830 772
20230831 771
20230901 772
20230902 772
20230903 772
20230904 772
20230905 771
20230906 771
20230907 771
20230908 771
20230909 771
20230910 771
20230911 771
20230912 771
20230913 771
20230914 771
20230915 772
20230916 769
20230917 767
20230918 767
20230919 767
20230920 695
20230921 693
20230922 692
20230923 691
20230924 691
20230925 690
20230926 690
20230927 689
20230928 690
20230929 689
20230930 690
20231001 685
20231002 685
20231003 684
20231005 685
20231007 685
20231008 684
20231009 684
20231010 685
20231011 685
20231012 685
20231013 685
20231014 685
20231015 683
20231016 683
20231017 683
20231018 684
20231019 685
20231020 683
20231021 683
20231022 683
20231023 682
20231024 682
20231025 680
20231026 680
20231027 679
20231028 679
20231029 678
20231030 678
20231031 679
20231101 679
20231102 681
20231103 682
20231104 683
