20230707 8919
20230709 8927
20230710 8933
20230711 8927
20230712 8925
20230713 8930
20230714 8930
20230715 8927
20230730 8969
20230731 8976
20230801 8975
20230802 8982
20230803 8983
20230804 8987
20230805 8993
20230806 9005
20230807 9004
20230808 9017
20230809 9021
20230810 9026
20230811 9028
20230812 9027
20230813 9028
20230815 9049
20230816 9052
20230817 9063
20230818 9089
20230819 9098
20230820 9112
20230821 9118
20230822 9118
20230823 9123
20230824 9130
20230825 9143
20230826 9158
20230827 9153
20230828 9156
20230829 9169
20230830 9179
20230831 9185
20230901 9195
20230902 9182
20230903 9188
20230904 9196
20230905 9204
20230906 9259
20230907 9260
20230908 9260
20230909 9260
20230910 9253
20230911 9256
20230912 9251
20230913 9247
20230914 9241
20230915 9240
20230916 9242
20230917 9243
20230918 9236
20230919 9231
