20230707 75076
20230709 75039
20230710 75014
20230711 74983
20230712 74981
20230713 74958
20230714 74935
20230715 74928
20230730 74567
20230731 74544
20230801 74539
20230802 74521
20230803 74534
20230804 74527
20230805 74492
20230806 74468
20230807 74441
20230808 74393
20230809 74384
20230810 74376
20230811 74360
20230812 74299
20230813 74272
20230815 74208
20230816 74202
20230817 74193
20230818 74190
20230819 74185
20230820 74152
20230821 74109
20230822 74096
20230823 74072
20230824 74048
20230825 74035
20230826 74027
20230827 74012
20230828 73995
20230829 73971
20230830 73956
20230831 73931
20230901 73925
20230902 73904
20230903 73872
20230904 73833
20230905 73829
20230906 73825
20230907 73817
20230908 73775
20230909 73760
20230910 73726
20230911 73695
20230912 73661
20230913 73636
20230914 73607
20230915 73576
20230916 73552
20230917 73559
20230918 73511
20230919 73500
20230920 68956
20230921 68918
20230922 68920
20230923 68902
20230924 68866
20230925 68839
20230926 68805
20230927 68793
20230928 68790
20230929 68767
20230930 68731
20231001 68683
20231002 68649
20231003 68615
20231005 68581
20231007 68543
20231008 68526
20231009 68513
20231010 68482
20231011 68454
20231012 68422
20231013 68425
20231014 68391
20231015 68365
20231016 68330
20231017 68320
20231018 68304
20231019 68277
20231020 68263
20231021 68251
20231022 68230
20231023 68200
20231024 68169
20231025 68138
20231026 68119
20231027 68086
20231028 68080
20231029 68065
20231030 68047
20231031 68034
20231101 68026
20231102 68011
20231103 68002
20231104 67983
20231105 67981
20231106 67962
20231107 67947
20231108 67932
20231109 67895
20231110 67876
20231111 67852
20231112 67813
20231113 67797
20231114 67776
20231115 67772
20231116 67752
20231117 67795
20231118 67779
20231120 67734
20231121 67713
20231122 67702
20231123 67684
20231124 67650
20231125 67536
20231126 67522
20231127 67495
20231128 67472
20231129 67464
20231130 67449
20231201 67449
20231202 67450
20231201 67449
20231203 67443
20231201 67449
20231204 67413
20231201 67449
20231205 67397
20231201 67449
20231206 67381
20231201 67449
20231207 67376
20231201 67449
20231208 67364
20231201 67449
20231209 67349
20231201 67449
20231210 67334
20231201 67449
20231211 67302
20231201 67449
20231212 67288
20231201 67449
20231213 67279
20231201 67449
20231214 67271
20231201 67449
20231215 67255
20231201 67449
20231216 67254
20231201 67449
20231217 67226
20231201 67449
20231218 67192
20231201 67449
20231219 67168
20231201 67449
20231220 67150
20231201 67449
20231221 67141
20231201 67449
20231222 67181
20231201 67449
20231223 67170
20231201 67449
20231224 67167
20231201 67449
20231225 67138
20231201 67449
20231226 67102
20231201 67449
20231227 67067
20231201 67449
20231230 67003
20231201 67449
20231231 66988
20231201 67449
20240101 66950
20231201 67449
20240102 66917
20231201 67449
20240103 66912
20231201 67449
20240104 66915
20231201 67449
20240105 66900
20231201 67449
20240106 66898
20231201 67449
20240107 66868
20231201 67449
20240108 66803
20231201 67449
20240109 66771
20231201 67449
20240110 66762
20231201 67449
20240111 66775
20231201 67449
20240112 66765
20231201 67449
20240113 66741
20231201 67449
20240114 66726
20231201 67449
20240115 66696
20231201 67449
20240116 66673
20240117 66673
20240118 66653
20240117 66673
20240119 66637
20240117 66673
20240120 66622
20240117 66673
20240121 66606
20240117 66673
20240122 66601
20240117 66673
20240124 66588
20240117 66673
20240125 66575
20240117 66673
20240126 66537
20240117 66673
20240127 66469
20240117 66673
20240128 66435
20240117 66673
20240129 66383
20240117 66673
20240130 66362
20240117 66673
20240131 66330
20240117 66673
20240201 66258
20240117 66673
20240202 66246
20240203 66246
20240204 66226
20240203 66246
20240205 66228
20240203 66246
20240206 66220
20240203 66246
20240207 66233
20240203 66246
20240208 66245
20240203 66246
20240209 66230
20240203 66246
20240210 66226
20240203 66246
20240211 66212
20240203 66246
20240212 66190
20240203 66246
20240213 66178
20240203 66246
20240214 66173
20240203 66246
20240215 66172
20240203 66246
20240216 66145
20240217 66145
20240218 66136
20240217 66145
20240219 66127
20240217 66145
20240220 66101
20240217 66145
20240221 66093
20240217 66145
20240222 66082
20240217 66145
20240223 66054
20240217 66145
20240224 66025
20240217 66145
20240225 65992
20240217 66145
20240226 65968
20240217 66145
20240227 65935
20240217 66145
20240228 65915
20240217 66145
20240229 65904
20240217 66145
20240301 65875
20240217 66145
20240302 65858
20240217 66145
20240303 65830
20240217 66145
20240304 65824
20240217 66145
20240305 65782
20240217 66145
20240306 65757
20240217 66145
20240307 65747
20240217 66145
20240308 65714
20240217 66145
20240309 65715
20240217 66145
20240310 65685
20240217 66145
20240311 65656
20240217 66145
20240312 65547
20240217 66145
20240313 65524
20240217 66145
20240314 65482
20240217 66145
20240315 65478
20240217 66145
20240316 65426
20240217 66145
20240317 65375
20240217 66145
20240318 65336
20240217 66145
20240319 65313
20240217 66145
20240320 65282
20240217 66145
20240321 65239
20240217 66145
20240322 65218
20240217 66145
20240323 65183
20240217 66145
20240324 65139
20240217 66145
20240325 65102
20240217 66145
20240326 65091
20240217 66145
20240327 65088
20240217 66145
20240328 65062
20240217 66145
20240329 65033
20240217 66145
20240330 65012
20240217 66145
20240331 64976
20240217 66145
20240401 64917
20240217 66145
20240402 64883
20240217 66145
20240403 64874
20240217 66145
20240404 64870
20240217 66145
20240405 64837
20240217 66145
20240406 64796
20240217 66145
20240407 64755
20240217 66145
20240408 64739
20240217 66145
20240409 64721
20240217 66145
20240410 64717
20240217 66145
20240411 64693
20240217 66145
20240412 64677
20240217 66145
20240413 64666
20240217 66145
20240415 64605
20240217 66145
20240416 64564
20240217 66145
20240417 64532
20240217 66145
20240418 64513
20240217 66145
20240419 64480
20240217 66145
20240420 64449
20240217 66145
20240421 64421
20240217 66145
20240422 64374
20240217 66145
20240423 64340
20240217 66145
20240424 64311
20240217 66145
20240425 64287
20240217 66145
20240426 64258
20240217 66145
20240427 64223
20240217 66145
20240428 64202
20240217 66145
20240429 64186
20240217 66145
20240430 64182
20240217 66145
20240501 64160
20240217 66145
20240503 64133
20240217 66145
20240504 64103
20240217 66145
20240505 64077
20240217 66145
20240506 64054
20240217 66145
20240507 64026
20240217 66145
20240508 64020
20240217 66145
20240509 63997
20240217 66145
20240510 63987
20240217 66145
20240511 63974
20240217 66145
20240512 63952
20240217 66145
20240513 63922
20240217 66145
20240514 63901
20240217 66145
20240515 63884
20240217 66145
20240516 63865
20240217 66145
20240517 63847
20240217 66145
20240518 63859
20240217 66145
20240519 63844
20240217 66145
20240520 63806
20240217 66145
20240521 63777
20240217 66145
20240522 63767
20240217 66145
20240523 63761
20240217 66145
20240524 63740
20240217 66145
20240525 63718
20240217 66145
20240526 63693
20240217 66145
20240527 63662
20240217 66145
20240528 63660
20240217 66145
20240529 63652
20240217 66145
20240530 63658
20240217 66145
20240531 63644
20240217 66145
20240601 63636
20240217 66145
20240602 63610
20240217 66145
20240603 63600
20240217 66145
20240604 63575
20240217 66145
20240605 63566
20240217 66145
20240606 63556
20240217 66145
20240609 63506
20240217 66145
20240611 63466
20240217 66145
20240612 63456
20240217 66145
20240613 63445
20240217 66145
20240614 63425
20240217 66145
20240615 63385
20240217 66145
20240616 63342
20240217 66145
20240617 63314
20240217 66145
20240618 63289
20240217 66145
20240620 63253
20240217 66145
20240621 63255
20240217 66145
20240622 63233
20240217 66145
20240623 63211
20240217 66145
20240624 63191
20240217 66145
20240626 63185
20240217 66145
20240627 63181
20240217 66145
20240628 63175
20240217 66145
20240629 63040
20240217 66145
20240630 63005
20240217 66145
20240701 62964
20240217 66145
20240702 62958
20240217 66145
20240703 62946
20240217 66145
20240704 62952
20240217 66145
20240705 62936
20240217 66145
20240706 62937
20240217 66145
20240707 62906
20240217 66145
20240708 62883
20240217 66145
20240709 62848
20240217 66145
20240710 62823
20240217 66145
20240711 62798
20240217 66145
20240712 62785
20240713 62785
20240714 62755
20240713 62785
20240715 62713
20240713 62785
20240716 62696
20240713 62785
20240717 62686
20240713 62785
20240718 62689
20240713 62785
20240719 62667
20240713 62785
20240720 62669
20240713 62785
20240721 62638
20240713 62785
20240722 62628
20240713 62785
20240723 62613
20240724 62613
20240725 62569
20240724 62613
20240726 62562
20240724 62613
20240727 62544
20240724 62613
20240728 62528
20240724 62613
20240729 62480
20240724 62613
20240730 62473
20240724 62613
20240731 62458
20240724 62613
20240801 62432
20240724 62613
20240802 62409
20240724 62613
20240803 62394
20240724 62613
20240804 62372
20240724 62613
20240805 62342
20240724 62613
20240806 62357
20240724 62613
20240807 62336
20240724 62613
20240808 62300
20240724 62613
20240809 62261
20240724 62613
20240810 62252
20240724 62613
20240811 62236
20240724 62613
20240812 62215
20240724 62613
20240813 62191
20240724 62613
20240814 62194
20240724 62613
20240815 62177
20240724 62613
20240816 62157
20240724 62613
20240817 62127
20240724 62613
20240818 62121
20240724 62613
20240819 62114
20240724 62613
20240820 62089
20240724 62613
20240821 62071
20240724 62613
20240822 62069
20240724 62613
20240823 62070
20240724 62613
20240824 62058
20240724 62613
20240825 62036
20240724 62613
20240826 62017
20240724 62613
20240827 62001
20240724 62613
20240828 61989
20240724 62613
20240829 61987
20240724 62613
20240830 61979
20240724 62613
20240831 61959
20240724 62613
20240901 61946
20240724 62613
20240902 61937
20240724 62613
20240903 61940
20240724 62613
20240904 61918
20240724 62613
20240905 61903
20240724 62613
20240906 61871
20240724 62613
20240907 61858
20240724 62613
20240908 61851
20240724 62613
20240909 61836
20240724 62613
20240910 61816
20240724 62613
20240911 61805
20240724 62613
20240912 61793
20240724 62613
20240913 61783
20240724 62613
20240914 61750
20240724 62613
20240915 61726
20240724 62613
20240916 61682
20240724 62613
20240917 61673
20240724 62613
20240918 60863
20240724 62613
20240919 60865
20240724 62613
20240920 60845
20240724 62613
20240921 60833
20240724 62613
20240921 60840
20240724 62613
20240922 60833
20240724 62613
20240925 60810
20240724 62613
20240926 60804
20240926 60804
