20230707 2194
20230709 2196
20230710 2194
20230711 2193
20230712 2190
20230713 2198
20230714 2199
20230715 2200
20230730 2273
20230731 2293
20230801 2294
20230802 2301
20230803 2303
20230804 2304
20230805 2306
20230806 2313
20230807 2315
20230808 2317
20230809 2313
20230810 2314
20230811 2319
20230812 2321
20230813 2322
20230815 2329
20230816 2412
20230817 2415
20230818 2416
20230819 2420
20230820 2431
20230821 2432
20230823 2432
20230824 2462
20230823 2432
20230825 2613
20230823 2432
20230826 2616
20230823 2432
20230827 2617
20230823 2432
20230828 2620
20230823 2432
20230829 2645
20230823 2432
20230830 2648
20230823 2432
20230831 2662
20230823 2432
20230901 2666
20230823 2432
20230902 2672
20230823 2432
20230903 2670
20230823 2432
20230904 2669
20230823 2432
20230905 2672
20230823 2432
20230906 2678
20230823 2432
20230907 2682
20230823 2432
20230908 2681
20230909 2681
20230910 2679
20230911 2679
20230912 2682
20230911 2679
20230913 2690
20230911 2679
20230914 2695
20230911 2679
20230915 2701
20230911 2679
20230916 2704
20230911 2679
20230917 2692
20230918 2679
20230911 2679
20230919 2687
20230911 2679
20230920 2609
20230911 2679
20230921 2665
20230911 2679
20230922 2764
20230911 2679
20230923 2868
20230911 2679
20230924 2871
20230925 2871
20230926 2872
20230925 2871
20230927 2874
20230925 2871
20230928 2927
20230925 2871
20230929 2920
20230925 2871
20230930 2977
20230925 2871
20231001 2978
20230925 2871
20231002 2985
20230925 2871
20231003 3006
20230925 2871
20231005 3017
20230925 2871
20231007 3027
20230925 2871
20231008 3038
20230925 2871
20231009 3055
20230925 2871
20231010 3069
20230925 2871
20231011 3071
20230925 2871
20231012 3080
20230925 2871
20231013 3085
20230925 2871
20231014 3091
20230925 2871
20231015 3093
20230925 2871
20231016 3096
20230925 2871
20231017 3099
20230925 2871
20231018 3102
20230925 2871
20231019 3105
20230925 2871
20231020 3107
20230925 2871
20231021 3109
20230925 2871
20231022 3115
20230925 2871
20231023 3112
20230925 2871
20231024 3117
20231026 3117
20231027 3122
20231028 3122
20231029 3125
20231028 3122
20231030 3132
20231028 3122
20231031 3133
20231028 3122
20231101 3134
20231028 3122
20231102 3142
20231028 3122
20231103 3140
20231028 3122
20231104 3143
20231028 3122
20231105 3145
20231028 3122
20231106 3148
20231028 3122
20231107 3150
20231028 3122
20231108 3156
20231028 3122
20231109 3160
20231028 3122
20231110 3162
20231111 3162
20231112 3143
20231111 3162
20231113 3141
20231111 3162
20231114 3163
20231115 3163
20231116 3164
20231115 3163
20231117 3167
20231115 3163
20231118 3169
20231115 3163
20231120 3174
20231115 3163
20231121 3179
20231115 3163
20231122 3194
20231115 3163
20231123 3205
20231115 3163
20231124 3224
20231115 3163
20231125 3227
20231115 3163
20231126 3234
20231115 3163
20231127 3237
20231115 3163
20231128 3241
20231115 3163
20231129 3242
20231115 3163
20231130 3249
20231115 3163
20231201 3253
20231115 3163
20231202 3256
20231115 3163
20231203 3255
20231115 3163
20231204 3251
20231115 3163
20231205 3254
20231115 3163
20231206 3260
20231115 3163
20231207 3268
20231115 3163
20231208 3271
20231115 3163
20231209 3273
20231115 3163
20231210 3281
20231115 3163
20231211 3279
20231115 3163
20231212 3282
20231213 3282
20231214 3283
20231213 3282
20231215 3289
20231213 3282
20231216 3296
20231213 3282
20231217 3295
20231213 3282
20231218 3298
20231213 3282
20231219 3299
20231213 3282
20231220 3301
20231221 3301
20231222 3302
20231221 3301
20231223 3303
20231221 3301
20231224 3307
20231221 3301
20231225 3308
20231221 3301
20231226 3307
20231221 3301
20231227 3312
20231221 3301
20231230 3323
20231221 3301
20231231 3321
20240101 3321
20240102 3328
20240101 3321
20240103 3336
20240105 3336
20240106 3357
20240105 3336
20240107 3359
20240105 3336
20240108 3362
20240105 3336
20240109 3363
20240105 3336
20240110 3364
20240105 3336
20240111 3395
20240105 3336
20240112 3398
20240105 3336
20240113 3401
20240114 3401
20240115 3402
20240114 3401
20240116 3405
20240114 3401
20240117 3407
20240114 3401
20240118 3411
20240114 3401
20240119 3419
20240114 3401
20240120 3418
20240114 3401
20240121 3423
20240114 3401
20240122 3435
20240114 3401
20240124 3446
20240114 3401
20240125 3449
20240114 3401
20240126 3453
20240114 3401
20240127 3454
20240114 3401
20240128 3458
20240114 3401
20240129 3461
20240130 3461
20240131 3463
20240130 3461
20240201 3464
20240130 3461
20240202 3469
20240130 3461
20240203 3475
20240204 3475
20240205 3476
20240204 3475
20240206 3481
20240204 3475
20240207 3483
20240204 3475
20240208 3487
20240204 3475
20240209 3493
20240210 3493
20240211 3494
20240212 3494
20240213 3493
20240212 3494
20240214 3495
20240215 3494
20240212 3494
20240216 3501
20240212 3494
20240217 3499
20240212 3494
20240218 3503
20240212 3494
20240219 3504
20240212 3494
20240220 3507
20240212 3494
20240221 3519
20240212 3494
20240222 3537
20240212 3494
20240223 3543
20240212 3494
20240224 3537
20240212 3494
20240225 3548
20240212 3494
20240226 3561
20240212 3494
20240227 3559
20240212 3494
20240228 3560
20240212 3494
20240229 3559
20240212 3494
20240301 3560
20240212 3494
20240302 3564
20240212 3494
20240303 3569
20240212 3494
20240304 3567
20240212 3494
20240305 3571
20240212 3494
20240306 3572
20240212 3494
20240307 3571
20240212 3494
20240308 3578
20240212 3494
20240309 3577
20240212 3494
20240310 3580
20240212 3494
20240311 3583
20240212 3494
20240312 3587
20240212 3494
20240313 3588
20240212 3494
20240314 3594
20240212 3494
20240315 3599
20240317 3599
20240318 3601
20240319 3601
20240320 3600
20240319 3601
20240321 3603
20240319 3601
20240322 3604
20240319 3601
20240323 3607
20240319 3601
20240324 3599
20240319 3601
20240325 3594
20240319 3601
20240326 3572
20240319 3601
20240327 3556
20240328 3556
20240329 3558
20240328 3556
20240330 3565
20240328 3556
20240331 3563
20240401 3563
20240402 3558
20240403 3558
20240404 3557
20240403 3558
20240405 3550
20240403 3558
20240406 3551
20240403 3558
20240407 3553
20240403 3558
20240408 3555
20240410 3555
20240411 3556
20240410 3555
20240412 3554
20240410 3555
20240413 3556
20240410 3555
20240415 3579
20240410 3555
20240416 3581
20240410 3555
20240417 3591
20240410 3555
20240418 3590
20240410 3555
20240419 3594
20240420 3594
20240421 3596
20240422 3594
20240420 3594
20240423 3630
20240420 3594
20240424 3649
20240420 3594
20240425 3661
20240420 3594
20240426 3664
20240420 3594
20240427 3665
20240420 3594
20240428 3664
20240420 3594
20240429 3667
20240420 3594
20240430 3672
20240501 3672
20240503 3673
20240501 3672
20240504 3674
20240505 3674
20240506 3677
20240505 3674
20240507 3673
20240505 3674
20240508 3691
20240505 3674
20240509 3694
20240505 3674
20240510 3691
20240505 3674
20240511 3689
20240505 3674
20240512 3695
20240505 3674
20240513 3698
20240505 3674
20240514 3700
20240505 3674
20240515 3699
20240516 3699
20240517 3695
20240516 3699
20240518 3693
20240516 3699
20240519 3692
20240516 3699
20240520 3691
20240516 3699
20240521 3690
20240516 3699
20240522 3687
20240523 3687
20240524 3686
20240525 3687
20240523 3687
20240526 3690
20240523 3687
20240527 3688
20240523 3687
20240528 3689
20240523 3687
20240529 3688
20240523 3687
20240530 3683
20240523 3687
20240531 3685
20240601 3685
20240602 3686
20240603 3685
20240601 3685
20240604 3686
20240605 3686
20240606 3688
20240609 3686
20240605 3686
20240611 3679
20240605 3686
20240612 3676
20240605 3686
20240613 3677
20240605 3686
20240614 3676
20240605 3686
20240615 3669
20240605 3686
20240616 3667
20240605 3686
20240617 3666
20240605 3686
20240618 3669
20240605 3686
20240620 3664
20240621 3664
20240622 3663
20240621 3664
20240623 3661
20240621 3664
20240624 3668
20240621 3664
20240626 3674
20240621 3664
20240627 3673
20240621 3664
20240628 3674
20240621 3664
20240629 3677
20240621 3664
20240630 3679
20240621 3664
20240701 3675
20240621 3664
20240702 3650
20240621 3664
20240703 3642
20240704 3664
20240621 3664
20240705 3671
20240621 3664
20240706 3673
20240621 3664
20240707 3671
20240621 3664
20240708 3672
20240621 3664
20240709 3671
20240621 3664
20240710 3675
20240621 3664
20240711 3676
20240712 3676
20240713 3681
20240712 3676
20240714 3679
20240712 3676
20240715 3672
20240712 3676
20240716 3665
20240712 3676
20240717 3666
20240718 3666
20240719 3664
20240718 3666
20240720 3661
20240718 3666
20240721 3663
20240722 3666
20240718 3666
20240723 3663
20240726 3663
20240727 3661
20240726 3663
20240728 3662
20240726 3663
20240729 3658
20240726 3663
20240730 3662
20240731 3663
20240801 3663
20240802 3660
20240801 3663
20240803 3632
20240801 3663
20240804 3619
20240801 3663
20240805 3586
20240801 3663
20240806 3585
20240801 3663
20240807 3569
20240801 3663
20240808 3559
20240801 3663
20240809 3532
20240801 3663
20240810 3541
20240801 3663
20240811 3551
20240801 3663
20240812 3540
20240801 3663
20240813 3543
20240801 3663
20240814 3549
20240801 3663
20240815 3555
20240801 3663
20240816 3561
20240801 3663
20240817 3559
20240801 3663
20240818 3561
20240801 3663
20240819 3555
20240801 3663
20240820 3550
20240801 3663
20240821 3553
20240801 3663
20240822 3554
20240801 3663
20240823 3560
20240801 3663
20240824 3561
20240801 3663
20240825 3557
20240801 3663
20240826 3555
20240801 3663
20240827 3549
20240801 3663
20240828 3545
20240801 3663
20240829 3537
20240801 3663
20240830 3532
20240801 3663
20240831 3544
20240801 3663
20240901 3548
20240801 3663
20240902 3567
20240801 3663
20240903 3574
20240801 3663
20240904 3572
20240905 3572
20240906 3571
20240905 3572
20240907 3569
20240905 3572
20240908 3563
20240905 3572
20240909 3547
20240905 3572
20240910 3533
20240905 3572
20240911 3521
20240905 3572
20240912 3519
20240905 3572
20240913 3514
20240914 3514
20240915 3513
20240914 3514
20240916 3511
20240914 3514
20240917 3512
20240914 3514
20240918 3509
20240914 3514
20240919 3507
20240914 3514
20240920 3505
20240914 3514
20240921 3507
20240914 3514
20240921 3508
20240914 3514
20240922 3507
20240922 3507
