20230707 3
20230709 3
20230710 3
20230711 3
20230712 3
20230714 3
20230715 3
20230730 3
20230731 3
20230801 3
20230802 3
20230803 3
20230804 3
20230805 3
20230806 3
20230807 3
20230808 3
20230809 5
20230810 5
20230811 5
20230812 6
20230813 6
20230815 6
20230816 6
20230817 6
20230818 6
20230819 6
20230820 6
20230821 6
20230822 6
20230823 6
20230824 6
20230825 6
20230826 6
20230827 6
20230828 6
20230829 6
20230830 6
20230831 6
20230901 6
20230902 6
20230903 6
20230904 6
20230905 6
20230906 6
20230907 6
20230908 6
20230909 6
20230910 6
20230911 6
20230912 6
20230913 6
20230914 6
20230915 6
20230916 6
20230917 6
20230918 6
20230919 6
20230920 4
20230921 4
20230922 4
20230923 4
20230924 4
