20230707 1468
20230709 1468
20230710 1468
20230711 1468
20230712 1468
20230714 1468
20230715 1468
20230730 1467
20230731 1467
20230801 1467
20230802 1466
20230803 1466
20230804 1466
20230805 1466
20230806 1466
20230807 1466
20230808 1466
20230809 1465
20230810 1465
20230811 1465
20230812 1465
20230813 1465
20230815 1465
20230816 1465
20230817 1465
20230818 1465
20230819 1465
20230820 1465
20230821 1465
20230822 1465
20230823 1466
20230824 1465
20230825 1465
20230826 1465
20230827 1465
20230828 1465
20230829 1465
20230830 1465
20230831 1465
20230901 1465
20230902 1465
20230903 1465
20230904 1465
20230905 1465
20230906 1465
20230907 1465
20230908 1465
20230909 1465
20230910 1465
20230911 1465
20230912 1465
20230913 1465
20230914 1465
20230915 1465
20230916 1465
20230917 1465
20230918 1465
20230919 1465
20230920 1465
20230921 1465
20230922 1466
20230923 1466
20230924 1465
20230925 1465
20230926 1465
20230927 1465
20230928 1465
20230929 1465
20230930 1465
20231001 1465
20231002 1465
20231003 1465
20231005 1465
20231007 1465
20231008 1465
20231009 1465
20231010 1465
20231011 1465
20231012 1465
20231013 1465
20231014 1465
20231015 1465
20231016 1465
20231017 1465
20231018 1465
20231019 1463
20231020 1463
20231021 1463
20231022 1463
20231023 1463
20231024 1463
20231025 1463
20231026 1461
20231027 1461
20231028 1461
20231029 1461
20231030 1461
20231031 1461
20231101 1461
20231102 1461
20231103 1459
20231104 1459
20231105 1459
20231106 1459
20231107 1460
20231108 1459
20231109 1459
20231110 1459
20231111 1460
20231112 1459
20231113 1459
20231114 1459
20231115 1459
20231116 1459
20231117 1459
20231118 1457
20231120 1457
20231121 1456
20231122 1456
20231123 1456
20231124 1456
20231125 1456
20231126 1456
20231127 1456
20231128 1456
20231129 1456
20231130 1456
20231201 1456
