20230707 132704
20230710 132697
20230711 132714
20230712 132772
20230713 132810
20230714 132827
20230715 132819
20230716 132775
20230717 132845
20230718 132878
20230719 132883
20230720 132880
20230721 132911
20230722 132906
20230723 132872
20230724 132878
20230725 132895
20230726 132964
20230727 133005
20230728 133047
20230729 133096
20230730 133065
20230731 133031
20230801 133100
20230802 133124
20230803 133136
20230804 133162
20230805 133193
20230806 133152
20230807 133103
20230808 133171
20230809 133206
20230810 133238
20230811 133247
20230812 133292
20230813 133222
20230815 133284
20230816 133291
20230817 133327
20230818 133365
20230819 133389
20230820 133352
20230821 133318
20230822 133411
20230823 133459
20230824 133476
