20230707 3079
20230709 3086
20230710 3091
20230711 3095
20230712 3101
20230713 3108
20230714 3109
20230715 3107
20230730 3151
20230731 3154
20230801 3157
20230802 3159
20230803 3168
20230804 3168
20230805 3178
20230806 3178
20230807 3184
20230808 3191
20230809 3201
20230810 3205
20230811 3209
20230812 3217
20230813 3217
20230815 3220
20230816 3229
20230817 3233
20230818 3235
20230819 3685
20230820 3685
20230821 3697
20230822 3699
20230823 3713
20230824 3711
20230825 3723
20230826 3727
20230827 3728
20230828 3733
20230829 3733
20230830 3749
20230831 3758
20230901 3762
20230902 3764
20230903 3769
20230904 3775
20230905 3779
20230906 3785
20230907 3788
20230908 3791
20230909 3791
20230910 3793
20230911 3794
20230912 3794
20230913 3794
20230914 3795
20230915 3799
20230916 3801
20230917 3804
20230918 3805
20230919 3805
20230920 2891
20230921 2891
20230922 2891
20230923 2891
20230924 2891
20230925 2891
20230926 2891
20230927 2899
20230928 2900
20230929 2899
20230930 2899
20231001 2901
20231002 2901
20231003 2901
20231005 2906
20231007 2912
20231008 2919
20231009 2919
20231010 2930
20231011 2932
20231012 2935
20231013 2936
20231014 2941
20231015 2941
20231016 2945
20231017 2942
20231018 2948
20231019 2969
20231020 2979
20231021 2986
20231022 3000
20231023 3003
20231024 3012
20231025 3024
20231026 3024
20231027 3031
20231028 3048
20231029 3065
20231030 3069
20231031 3078
20231101 3086
20231102 3090
20231103 3095
20231104 3100
20231105 3101
20231106 3101
20231107 3105
20231108 3105
20231109 3108
20231110 3115
20231111 3121
20231112 3121
20231113 3121
20231114 3121
20231115 3121
20231116 3092
20231117 3142
20231118 3151
20231120 3172
20231121 3190
20231122 3197
20231123 3213
20231124 3217
20231125 3220
20231126 3228
20231127 3236
20231128 3249
20231129 3262
20231130 3265
20231201 3280
20231202 3282
20231203 3284
20231204 3288
20231205 3295
20231206 3295
20231207 3300
20231208 3304
20231209 3315
20231210 3318
20231211 3324
20231212 3325
20231213 3325
20231214 3324
20231215 3324
