20230710 5015132
20230711 5019243
20230712 5010654
20230713 5012171
20230714 5014527
20230715 5015795
20230716 5018084
20230717 5020641
20230718 5024253
20230719 5014655
20230720 5016291
20230721 5018532
20230722 5019486
20230723 5021624
20230724 5023862
20230725 5027694
20230726 5019493
20230727 5021799
20230728 5024288
20230729 5025953
20230730 5028210
20230731 5030443
20230801 5034279
20230802 5028016
20230803 5030793
20230804 5033492
20230805 5035151
20230806 5037400
20230807 5039510
20230808 5043684
