20230707 503
20230709 503
20230710 503
20230711 503
20230712 503
20230714 503
20230715 501
20230730 498
20230731 498
20230801 491
20230802 490
20230803 490
20230804 490
20230805 488
20230806 482
20230807 481
20230808 483
20230809 483
20230810 483
20230811 481
20230812 482
20230813 482
20230815 482
20230816 477
20230817 477
20230818 479
20230819 479
20230820 479
20230821 479
20230822 479
20230823 479
20230824 479
20230825 479
20230826 479
20230827 480
20230828 479
20230829 479
20230830 481
20230831 481
20230901 480
20230902 478
20230903 477
20230904 477
20230905 477
20230906 478
20230907 478
20230908 478
20230909 480
20230910 480
20230911 480
20230912 480
20230913 480
20230914 480
20230915 480
20230916 482
20230917 482
