20230707 5055
20230709 5054
20230710 5054
20230711 5051
20230712 5051
20230713 5050
20230714 5052
20230715 5051
20230730 5048
20230731 5049
20230801 5048
20230802 5048
20230803 5048
20230804 5050
20230805 5050
20230806 5048
20230807 5047
20230808 5048
20230809 5048
20230810 5048
20230811 5049
20230812 5049
20230813 5049
20230815 5047
20230816 5049
20230817 5050
20230818 5048
20230819 5048
20230820 5050
20230821 5051
20230822 5051
20230823 5053
20230824 5055
20230825 5054
20230826 5051
20230827 5051
20230828 5050
20230829 5050
20230830 5052
20230831 5051
20230901 5052
20230902 5052
20230903 5052
20230904 5052
20230905 5053
20230906 5053
20230907 5052
20230908 5052
20230909 5052
20230910 5052
20230911 5048
20230912 5047
20230913 5047
20230914 5047
20230915 5045
20230916 5044
20230917 5043
20230918 5041
20230919 5041
20230920 5041
20230921 5041
20230922 5037
20230923 5037
20230924 5037
20230925 5036
20230926 5037
20230927 5035
20230928 5031
20230929 5031
20230930 5031
20231001 5023
20231002 5021
20231003 5021
20231005 5020
20231007 5020
20231008 5020
