20230707 29011
20230709 29021
20230710 29018
20230711 29035
20230712 29021
20230713 29036
20230714 29042
20230715 29046
20230730 29292
20230731 29313
20230801 29342
20230802 29350
20230803 29374
20230804 29380
20230805 29404
20230806 29420
20230807 29413
20230808 29423
20230809 29470
20230810 29485
20230811 29498
20230812 29520
20230813 29530
20230815 29562
20230816 29565
20230817 29584
20230818 29593
20230819 29607
20230820 29614
20230821 29591
20230822 29617
20230823 29628
20230824 29635
20230825 29650
20230826 29657
20230827 29651
20230828 29639
20230829 29659
20230830 29674
20230831 29680
20230901 29708
20230902 29698
20230903 29688
20230904 29658
20230905 29651
20230906 29672
20230907 29660
20230908 29662
20230909 29665
