20230922 6205
20230924 6236
20230925 6242
20230926 6240
20230927 6239
20230928 6237
20230929 6241
20230930 6241
20231001 6240
20231002 6252
20231003 6250
20231005 6258
20231007 6262
20231008 6261
20231009 6265
20231010 6260
20231011 6259
20231012 6247
20231013 6249
20231014 6248
20231015 6252
20231016 6249
20231017 6249
20231018 6245
20231019 6245
20231020 6244
20231021 6250
20231022 6249
20231023 6254
20231024 6258
20231025 6255
20231026 6260
20231027 6271
20231028 6270
20231029 6281
20231030 6282
20231031 6281
20231101 6276
20231102 6277
20231103 6280
20231104 6285
20231105 6294
20231106 6294
20231107 6292
20231108 6292
20231109 6269
20231110 6257
20231111 6265
