20230707 773
20230709 773
20230710 773
20230711 772
20230712 772
20230714 772
20230715 771
20230730 768
20230731 768
20230801 768
20230802 769
20230803 768
20230804 768
20230805 768
20230806 768
20230807 769
20230808 769
20230809 770
20230810 769
20230811 768
20230812 765
20230813 764
20230815 763
20230816 645
20230817 643
20230818 642
20230819 643
20230820 643
20230821 643
20230822 643
20230823 643
20230824 643
20230825 641
20230826 641
20230827 641
20230828 642
20230829 641
20230830 641
20230831 641
20230901 640
20230902 640
20230903 640
20230904 640
20230905 640
20230906 640
20230907 640
20230908 640
20230909 640
20230910 640
20230911 640
20230912 638
20230913 638
20230914 637
20230915 637
20230916 636
