20230707 3974
20230709 3974
20230710 3971
20230711 3971
20230712 3973
20230713 3976
20230714 3978
20230715 3976
20230730 3987
20230731 3988
20230801 3989
20230802 3990
20230803 3992
20230804 3992
20230805 3991
20230806 3989
20230807 3989
20230808 3991
20230809 3992
20230810 3991
20230811 3991
20230812 3997
20230813 3995
20230815 3995
20230816 3995
20230817 3996
20230818 3997
20230819 3997
20230820 3996
20230821 3996
20230822 3997
20230823 3997
20230824 3999
20230825 3999
20230826 4001
20230827 4000
20230828 4000
20230829 4000
20230830 4002
20230831 4002
20230901 4002
