20230707 5
20230709 5
20230710 5
20230711 5
20230712 5
20230714 5
20230715 5
20230730 5
20230731 5
20230801 5
20230802 5
20230803 5
20230804 5
20230805 5
20230806 5
20230807 5
20230808 5
20230809 5
20230810 5
20230811 5
20230812 5
20230813 5
20230815 5
20230816 5
20230817 5
20230818 5
20230819 5
20230820 5
20230821 5
20230822 5
20230823 5
20230824 5
20230825 5
20230826 5
20230827 5
20230828 5
20230829 5
20230830 5
20230831 5
20230901 5
20230902 5
20230903 5
20230904 5
20230905 5
20230906 5
20230907 5
20230908 5
20230909 5
20230910 5
20230911 5
20230912 5
20230913 5
20230914 5
20230915 5
20230916 5
20230917 5
20230918 5
20230919 5
20230920 2
20230921 2
20230922 2
20230923 2
20230924 2
20230925 2
20230926 2
20230927 2
20230928 2
20230929 2
20230930 2
20231001 2
20231002 2
20231003 2
20231005 2
20231007 2
20231008 2
20231009 2
20231010 2
20231011 2
20231012 2
20231013 2
20231014 2
20231015 2
20231016 2
20231017 2
20231018 2
20231019 2
20231020 2
20231021 2
20231022 2
20231023 2
20231024 2
20231025 2
20231026 2
20231027 2
20231028 2
20231029 2
20231030 2
20231031 2
20231101 2
20231102 2
20231103 2
20231104 2
20231105 2
20231106 2
20231107 2
20231108 2
20231109 2
20231110 2
20231111 2
20231112 2
20231113 2
20231114 2
20231115 2
20231116 2
20231117 2
20231118 2
20231120 2
20231121 2
20231122 2
20231123 2
20231124 2
20231125 2
20231126 2
20231127 2
20231128 2
20231129 2
20231130 2
20231201 2
20231202 2
20231203 2
20231204 2
