20230707 4930
20230709 4931
20230710 4928
20230711 4930
20230712 4929
20230713 4928
20230714 4923
20230715 4925
20230730 4916
20230731 4917
20230801 4917
20230802 4915
20230803 4912
20230804 4915
20230805 4919
20230806 4915
20230807 4915
20230808 4916
20230809 4918
20230810 4916
20230811 4920
20230812 4918
20230813 4919
20230815 4923
20230816 4919
20230817 4925
20230818 4921
20230819 4922
20230820 4922
20230821 4921
20230822 4925
20230823 4931
20230824 4930
20230825 4936
20230826 4938
20230827 4942
20230828 4938
20230829 4945
20230830 4943
20230831 4940
20230901 4942
20230902 4946
20230903 4948
20230904 4947
20230905 4948
20230906 4946
20230907 4947
20230908 4945
20230909 4950
20230910 4949
20230911 4945
20230912 4945
20230913 4944
20230914 4938
20230915 4937
20230916 4933
20230917 4928
20230918 4926
20230919 4926
20230920 4460
20230921 4460
20230922 4464
20230923 4463
20230924 4462
20230925 4462
20230926 4463
20230927 4459
20230928 4460
20230929 4461
20230930 4465
20231001 4466
20231002 4467
20231003 4470
20231005 4471
20231007 4464
20231008 4463
20231009 4457
20231010 4457
20231011 4458
20231012 4461
20231013 4459
20231014 4454
20231015 4452
20231016 4451
20231017 4446
20231018 4442
20231019 4447
20231020 4448
20231021 4447
20231022 4448
20231023 4452
20231024 4451
20231025 4447
20231026 4443
20231027 4439
20231028 4434
20231029 4430
20231030 4434
20231031 4437
20231101 4438
20231102 4439
20231103 4439
