20230707 3
20230709 3
20230710 3
20230711 3
20230712 3
20230714 3
20230715 3
20230730 3
20230731 3
20230801 3
20230802 3
20230803 3
20230804 3
20230805 3
20230806 3
20230807 3
20230808 3
20230809 3
20230810 3
20230811 3
20230812 3
20230813 3
20230815 3
20230816 3
20230817 3
20230818 3
20230819 3
20230820 3
20230821 3
20230822 3
20230823 3
20230824 3
20230825 3
20230826 3
20230827 3
20230828 3
20230829 3
20230830 3
20230831 3
20230901 3
20230902 3
20230903 3
20230904 3
20230905 3
20230906 3
20230907 3
20230908 3
20230909 3
20230910 3
20230911 3
20230912 3
20230913 3
20230914 3
20230915 3
20230916 3
20230917 3
20230918 3
20230919 3
20230920 3
20230921 3
20230922 3
20230923 3
20230924 3
20230925 3
20230926 3
20230927 3
20230928 3
20230929 3
20230930 3
20231001 3
20231002 3
20231003 3
20231005 3
20231007 3
20231008 3
20231009 3
20231010 3
20231011 3
20231012 3
20231013 3
20231014 3
20231015 3
20231016 3
20231017 3
20231018 3
20231019 3
