20230707 36
20230709 36
20230710 36
20230711 36
20230712 36
20230714 36
20230715 36
20230730 36
20230731 36
20230801 36
20230802 36
20230803 36
20230804 36
20230805 36
20230806 36
20230807 36
20230808 36
20230809 36
20230810 36
20230811 36
20230812 36
20230813 36
20230815 36
20230816 36
20230817 36
20230818 36
20230819 36
20230820 36
20230821 36
20230822 36
20230823 36
20230824 36
20230825 36
20230826 36
20230827 36
20230828 36
20230829 36
20230830 36
20230831 36
20230901 36
20230902 36
20230903 36
20230904 36
20230905 36
20230906 36
20230907 36
20230908 36
20230909 36
20230910 36
20230911 36
20230912 36
20230913 36
20230914 36
20230915 36
20230916 36
20230917 36
20230918 36
20230919 36
20230920 34
20230921 34
20230922 34
20230923 34
20230924 34
20230925 34
20230926 34
20230927 34
20230928 34
