20230707 17
20230711 17
20230712 18
20230919 18
20230920 16
20240306 16
20240307 28
20240308 28
20240309 29
20240624 29
20240626 29
20240627 29
20240628 29
20240629 29
20240630 29
20240701 29
20240702 29
20240703 29
20240704 29
20240705 29
20240706 29
20240707 29
20240708 29
20240709 29
20240710 29
20240711 29
20240712 29
20240713 29
20240714 29
20240715 29
20240716 29
20240717 29
20240718 29
20240719 29
20240720 29
20240721 29
20240722 29
20240723 29
20240724 29
20240725 29
20240726 29
20240727 29
20240728 29
20240729 29
20240730 29
