20230707 18
20230709 18
20230710 18
20230711 18
20230712 18
20230714 19
20230715 19
20230730 19
20230731 19
20230801 19
20230802 19
20230803 19
20230804 19
20230805 19
20230806 19
20230807 19
20230808 19
20230809 19
20230810 19
20230811 19
20230812 19
20230813 19
20230815 19
20230816 19
20230817 19
20230818 19
20230819 19
20230820 19
20230821 19
20230822 19
20230823 19
20230824 19
20230825 19
20230826 19
20230827 19
20230828 19
20230829 19
20230830 19
20230831 19
20230901 19
20230902 19
20230903 19
20230904 19
20230905 19
20230906 19
20230907 19
20230908 19
20230909 19
20230910 19
20230911 19
20230912 19
20230913 19
20230914 19
20230915 19
20230916 19
20230917 19
20230918 19
20230919 19
20230920 18
20230921 18
20230922 18
20230923 18
20230924 18
20230925 18
20230926 18
20230927 18
20230928 18
20230929 18
20230930 18
20231001 18
20231002 18
20231003 18
20231005 18
20231007 18
20231008 18
20231009 18
20231010 18
20231011 18
20231012 18
20231013 18
20231014 18
20231015 18
20231016 18
20231017 18
20231018 18
20231019 19
20231020 19
20231021 19
20231022 19
20231023 19
20231024 19
20231025 19
20231026 19
20231027 19
20231028 19
20231029 19
20231030 19
20231031 19
20231101 19
20231102 19
20231103 19
20231104 19
20231105 19
20231106 19
20231107 19
20231108 19
20231109 19
20231110 19
20231111 19
20231112 19
20231113 19
20231114 19
20231115 19
20231116 19
20231117 19
20231118 19
20231120 19
20231121 19
20231122 19
20231123 19
20231124 19
20231125 19
20231126 19
20231127 19
20231128 19
20231129 19
20231130 19
20231201 19
20231202 19
20231203 19
20231204 19
20231205 19
20231206 19
20231207 19
20231208 19
20231209 19
20231210 19
20231211 19
20231212 19
20231213 19
20231214 19
20231215 19
20231216 19
20231217 19
20231218 19
20231219 19
20231220 19
20231221 19
20231222 19
20231223 19
20231224 19
20231225 19
20231226 19
20231227 19
20231230 19
20231231 19
20240101 19
20240102 19
20240103 19
20240104 19
20240105 19
20240106 19
20240107 19
20240108 19
20240109 19
20240110 19
20240111 19
20240112 19
20240113 19
20240114 19
20240115 19
20240116 19
20240117 19
