20230707 34
20230709 34
20230710 34
20230711 34
20230712 34
20230714 34
20230715 34
20230730 34
20230731 34
20230801 34
20230802 34
20230803 34
20230804 34
20230805 34
20230806 34
20230807 34
20230808 34
20230809 34
20230810 34
20230811 34
20230812 34
20230813 34
20230815 34
20230816 34
20230817 34
20230818 34
20230819 34
20230820 34
20230821 34
20230822 34
20230823 34
20230824 34
20230825 34
20230826 34
20230827 34
20230828 34
20230829 34
20230830 34
20230831 34
20230901 34
20230902 34
20230903 34
20230904 34
20230905 34
20230906 34
20230907 34
20230908 34
20230909 34
20230910 34
20230911 34
20230912 34
20230913 34
20230914 34
20230915 34
20230916 34
20230917 34
20230918 34
20230919 34
20230920 31
20230921 31
20230922 31
20230923 31
20230924 31
20230925 31
20230926 31
20230927 31
20230928 31
20230929 31
20230930 31
20231001 31
20231002 31
20231003 31
20231005 31
20231007 31
20231008 31
20231009 31
20231010 31
20231011 31
20231012 31
20231013 31
20231014 31
20231015 31
20231016 31
20231017 31
20231018 31
20231019 31
20231020 31
20231021 31
20231022 31
20231023 31
20231024 31
20231025 31
20231026 31
20231027 31
20231028 31
20231029 31
20231030 31
20231031 31
20231101 31
20231102 31
20231103 31
20231104 31
20231105 31
20231106 31
20231107 31
20231108 31
20231109 31
20231110 31
20231111 31
20231112 31
20231113 31
20231114 31
20231115 31
20231116 31
20231117 31
20231118 31
20231120 31
20231121 31
20231122 31
20231123 31
20231124 31
20231125 31
20231126 31
20231127 31
20231128 31
20231129 31
20231130 31
20231201 31
20231202 31
20231203 31
20231204 31
20231205 31
20231206 31
20231207 31
20231208 31
20231209 31
20231210 31
20231211 31
20231212 31
20231213 31
20231214 31
20231215 31
20231216 31
20231217 31
20231218 31
20231219 31
20231220 31
20231221 31
20231222 31
20231223 31
20231224 31
20231225 31
20231226 31
20231227 31
20231230 31
20231231 31
20240101 31
20240102 31
20240103 31
20240104 31
20240105 31
20240106 31
20240107 31
20240108 31
20240109 31
20240110 31
20240111 31
20240112 31
20240113 31
20240114 31
20240115 31
20240116 31
20240117 31
20240118 31
20240119 31
20240120 31
20240121 31
20240122 31
20240124 31
20240125 31
20240126 31
20240127 31
20240128 31
20240129 31
20240130 31
20240131 31
20240201 31
20240202 31
20240203 31
20240204 31
20240205 31
20240206 31
20240207 31
20240208 31
20240209 31
20240210 31
20240211 31
20240212 31
20240213 31
20240214 31
20240215 31
20240216 31
20240217 31
20240218 31
20240219 31
20240220 31
20240221 31
20240222 31
20240223 31
20240224 31
20240225 31
20240226 31
20240227 31
20240228 31
20240229 31
20240301 31
20240302 31
20240303 31
20240304 31
20240305 31
20240306 31
20240307 31
20240308 31
20240309 31
20240310 31
20240311 31
20240312 31
20240313 31
20240314 31
20240315 31
20240316 31
20240317 31
20240318 31
20240319 31
20240320 31
20240321 31
20240322 31
20240323 31
20240324 31
20240325 31
20240326 31
20240327 31
20240328 31
20240329 31
20240330 31
20240331 31
20240401 31
20240402 31
20240403 31
20240404 31
20240405 31
20240406 31
20240407 31
20240408 31
20240409 31
20240410 31
20240411 31
20240412 31
20240413 31
20240415 31
20240416 31
20240417 31
20240418 31
20240419 31
20240420 31
20240421 31
20240422 31
20240423 31
20240424 31
20240425 31
20240426 31
20240427 31
20240428 31
20240429 31
20240430 31
20240501 31
20240503 31
20240504 31
20240505 31
20240506 31
20240507 31
20240508 31
20240509 31
20240510 31
20240511 31
20240512 31
20240513 31
20240514 31
20240515 31
20240516 31
20240517 31
20240518 31
20240519 31
20240520 31
20240521 31
20240522 31
20240523 31
20240524 31
20240525 31
20240526 31
20240527 31
20240528 31
20240529 31
20240530 31
20240531 31
20240601 31
20240602 31
20240603 31
20240604 31
20240605 31
20240606 31
20240609 31
