20230707 1212
20230709 1213
20230710 1213
20230711 1213
20230712 1214
20230713 1212
20230714 1212
20230715 1211
20230730 1213
20230731 1211
20230801 1211
20230802 1212
20230803 1212
20230804 1213
20230805 1213
20230806 1211
20230807 1211
20230808 1211
20230809 1210
20230810 1212
20230811 1211
20230812 1211
20230813 1211
20230815 1213
20230816 1213
20230817 1212
20230818 1212
20230819 1210
20230820 1210
20230821 1211
20230822 1211
20230823 1210
20230824 1209
20230825 1210
20230826 1209
20230827 1209
20230828 1206
20230829 1207
20230830 1209
20230831 1208
20230901 1208
20230902 1210
20230903 1210
20230904 1210
20230905 1209
20230906 1212
20230907 1213
20230908 1213
20230909 1212
20230910 1213
20230911 1213
20230912 1213
20230913 1212
20230914 1212
20230915 1212
20230916 1212
20230917 1212
20230918 1211
20230919 1212
20230920 995
20230921 994
20230922 995
20230923 997
20230924 997
20230925 997
20230926 997
20230927 997
20230928 994
20230929 993
20230930 991
20231001 991
20231002 992
20231003 992
20231005 992
20231007 991
20231008 992
20231009 991
20231010 991
20231011 993
20231012 994
20231013 995
20231014 995
20231015 995
20231016 995
20231017 996
20231018 996
20231019 995
