20230707 97
20230715 97
20230730 98
20230919 98
20230920 96
20231117 96
20231118 97
20240215 97
20240216 98
20240312 98
20240313 99
20240624 99
20240626 99
20240627 99
20240628 99
20240629 99
20240630 99
20240701 99
20240702 99
20240703 99
20240704 99
20240705 99
20240706 99
20240707 99
20240708 99
20240709 99
20240710 99
20240711 99
20240712 99
20240713 99
20240714 99
20240715 99
20240716 99
20240717 99
20240718 99
20240719 99
20240720 99
20240721 99
20240722 99
20240723 99
20240724 99
20240725 99
20240726 99
20240727 99
20240728 99
20240729 99
20240730 99
20240731 99
20240801 99
20240802 99
20240803 99
20240804 99
20240805 99
20240806 99
20240807 99
20240808 99
20240809 99
20240810 99
20240811 99
20240812 99
20240813 99
20240814 99
20240815 99
20240816 99
20240817 99
20240818 99
20240819 99
20240820 99
20240821 99
20240822 99
20240823 99
20240824 99
20240825 99
20240826 99
20240827 99
20240828 99
20240829 99
20240830 99
20240831 99
20240901 99
20240902 99
20240903 99
20240904 99
