20230922 2027
20230924 2024
20230925 2024
20230926 2023
20230927 2024
20230928 2024
20230929 2024
20230930 2024
20231001 2026
20231002 2026
20231003 2026
20231005 2028
20231007 2032
20231008 2032
20231009 2031
20231010 2030
20231011 2030
20231012 2031
20231013 2032
20231014 2033
20231015 2034
20231016 2034
20231017 2034
20231018 2035
20231019 2035
20231020 2037
20231021 2038
20231022 2038
20231023 2038
20231024 2038
20231025 2037
20231026 2036
20231027 2037
20231028 2037
20231029 2037
20231030 2037
20231031 2038
20231101 2037
20231102 2035
20231103 2035
20231104 2035
20231105 2034
20231106 2033
20231107 2032
20231108 2032
20231109 2037
20231110 2038
20231111 2040
20231112 2041
20231113 2041
20231114 2045
20231115 2048
20231116 2050
20231117 2049
20231118 2049
20231120 2047
20231121 2047
20231122 2045
20231123 2046
20231124 2046
20231125 2046
20231126 2049
20231127 2049
20231128 2049
20231129 2050
20231130 2051
20231201 2051
20231202 2051
20231203 2050
20231204 2048
20231205 2048
20231206 2047
20231207 2044
20231208 2037
20231209 2038
20231210 2036
20231211 2036
20231212 2035
20231213 2035
20231214 2035
20231215 2030
