20230707 218
20230709 218
20230710 218
20230711 218
20230712 218
20230714 218
20230715 218
20230730 111
20230731 111
20230801 111
20230802 111
20230803 113
20230804 113
20230805 113
20230806 113
20230807 113
20230808 113
20230809 113
20230810 113
20230811 113
20230812 113
20230813 113
20230815 113
20230816 113
20230817 113
20230818 116
20230819 116
20230820 123
20230821 123
20230822 123
20230823 123
20230824 123
20230825 123
20230826 124
20230827 124
20230828 124
20230829 124
20230830 124
20230831 124
20230901 124
20230902 124
20230903 124
20230904 124
20230905 124
20230906 124
20230907 124
20230908 123
20230909 123
20230910 123
20230911 123
20230912 122
20230913 124
20230914 124
20230915 124
20230916 124
20230917 124
20230918 124
20230919 124
20230920 110
20230921 110
20230922 110
20230923 111
20230924 111
20230925 111
20230926 111
20230927 111
20230928 111
20230929 111
20230930 111
20231001 111
20231002 111
20231003 111
20231005 111
20231007 111
20231008 111
20231009 111
20231010 111
20231011 111
20231012 112
20231013 112
20231014 112
20231015 112
20231016 112
20231017 112
20231018 113
20231019 113
20231020 113
20231021 113
20231022 113
20231023 113
20231024 113
20231025 113
20231026 113
20231027 113
20231028 113
20231029 113
20231030 113
20231031 113
20231101 113
20231102 113
20231103 113
20231104 113
20231105 113
20231106 113
20231107 113
20231108 113
20231109 113
20231110 113
20231111 113
20231112 113
20231113 113
20231114 113
20231115 113
20231116 113
20231117 113
20231118 113
20231120 113
20231121 113
20231122 113
20231123 113
20231124 113
20231125 113
