20230707 154538
20230709 155798
20230710 157868
20230711 159391
20230712 159722
20230713 160973
20230714 161144
20230715 161998
20230730 172282
20230731 172384
20230801 172534
20230802 173303
20230803 174139
20230804 174462
20230805 174629
20230806 174947
20230807 174926
20230808 175457
20230809 175922
20230810 176449
20230811 177402
20230812 177926
20230813 178040
20230815 179126
20230816 181744
20230817 182337
20230818 183770
20230819 185425
20230820 185694
20230821 186074
20230822 188108
20230823 189266
20230824 190547
20230825 190517
20230826 191754
