20230707 72
20230709 72
20230710 72
20230711 72
20230712 72
20230714 72
20230715 72
20230730 72
20230731 72
20230801 72
20230802 72
20230803 72
20230804 72
20230805 72
20230806 72
20230807 72
20230808 72
20230809 72
20230810 72
20230811 72
20230812 72
20230813 72
20230815 72
20230816 72
20230817 72
20230818 72
20230819 72
20230820 72
20230821 72
20230822 72
20230823 72
20230824 72
20230825 72
20230826 72
20230827 72
20230828 72
20230829 72
20230830 72
20230831 72
20230901 72
20230902 72
20230903 72
20230904 72
20230905 72
20230906 72
20230907 72
20230908 72
20230909 72
20230910 72
20230911 72
20230912 72
20230913 72
20230914 72
20230915 72
20230916 72
20230917 72
20230918 72
20230919 72
20230920 39
20230921 39
20230922 39
20230923 39
20230924 39
20230925 39
20230926 39
20230927 39
20230928 39
20230929 39
20230930 39
20231001 39
20231002 39
20231003 39
20231005 39
20231007 39
20231008 39
20231009 39
20231010 39
20231011 39
20231012 39
20231013 39
20231014 39
20231015 39
20231016 39
20231017 39
20231018 39
20231019 39
20231020 39
20231021 39
20231022 39
20231023 39
20231024 39
20231025 39
20231026 39
20231027 39
20231028 39
20231029 39
20231030 39
20231031 39
20231101 39
20231102 39
20231103 39
20231104 39
