20230707 22
20230709 22
20230710 22
20230711 22
20230712 22
20230714 22
20230715 22
20230730 22
20230731 22
20230801 22
20230802 22
20230803 22
20230804 22
20230805 22
20230806 22
20230807 22
20230808 22
20230809 22
20230810 22
20230811 22
20230812 22
20230813 22
20230815 22
20230816 22
20230817 22
20230818 22
20230819 22
20230820 22
20230821 22
20230822 22
20230823 22
20230824 22
20230825 22
20230826 22
20230827 22
20230828 22
20230829 22
20230830 22
20230831 22
20230901 22
20230902 22
20230903 22
20230904 22
20230905 22
20230906 22
20230907 22
20230908 22
20230909 22
20230910 22
20230911 22
20230912 22
20230913 22
20230914 22
20230915 22
20230916 22
20230917 22
20230918 22
20230919 22
20230920 21
20230921 21
20230922 21
20230923 21
20230924 21
20230925 21
20230926 21
20230927 21
20230928 21
20230929 21
20230930 21
20231001 21
20231002 21
20231003 21
20231005 21
20231007 21
20231008 21
20231009 21
20231010 21
20231011 21
20231012 21
20231013 21
20231014 21
20231015 21
20231016 21
20231017 21
20231018 21
20231019 21
20231020 21
20231021 21
20231022 21
20231023 21
20231024 21
20231025 21
20231026 21
20231027 21
20231028 21
20231029 21
20231030 21
20231031 21
20231101 21
20231102 21
20231103 21
20231104 21
20231105 21
20231106 21
20231107 21
20231108 21
20231109 21
20231110 21
20231111 21
20231112 21
20231113 21
20231114 21
20231115 21
20231116 21
20231117 21
20231118 21
20231120 21
20231121 21
20231122 21
20231123 21
20231124 21
20231125 21
20231126 21
20231127 21
20231128 21
20231129 21
20231130 21
20231201 21
20231202 21
20231203 21
20231204 21
20231205 21
20231206 21
20231207 21
20231208 21
20231209 21
20231210 21
20231211 21
20231212 21
20231213 21
20231214 21
20231215 21
20231216 21
20231217 21
20231218 21
20231219 21
20231220 21
20231221 21
20231222 21
20231223 21
20231224 21
20231225 21
20231226 21
20231227 21
20231230 21
20231231 21
20240101 21
20240102 21
20240103 21
20240104 21
20240105 21
20240106 21
20240107 21
20240108 21
20240109 21
20240110 21
20240111 21
20240112 21
20240113 21
20240114 21
20240115 21
20240116 21
20240117 21
20240118 21
20240119 21
20240120 21
20240121 21
20240122 21
20240124 21
20240125 21
20240126 21
20240127 21
20240128 21
20240129 21
20240130 21
20240131 21
20240201 21
20240202 21
20240203 21
20240204 21
20240205 21
20240206 21
20240207 21
20240208 21
20240209 21
20240210 21
20240211 21
20240212 21
20240213 21
20240214 21
20240215 21
20240216 21
20240217 21
20240218 21
20240219 21
20240220 21
20240221 21
20240222 21
20240223 21
20240224 21
20240225 21
20240226 21
20240227 21
20240228 21
20240229 21
20240301 21
20240302 21
20240303 21
20240304 21
20240305 21
20240306 21
20240307 21
20240308 21
20240309 21
20240310 21
20240311 21
20240312 21
20240313 21
20240314 21
20240315 21
20240316 21
20240317 21
20240318 21
20240319 21
20240320 21
20240321 21
20240322 21
20240323 21
20240324 21
20240325 21
20240326 22
20240327 22
20240328 22
20240329 22
20240330 22
20240331 22
20240401 22
20240402 22
20240403 22
20240404 22
20240405 22
20240406 22
20240407 22
20240408 22
20240409 22
20240410 22
20240411 22
20240412 22
20240413 22
20240415 22
20240416 22
20240417 22
20240418 22
20240419 22
20240420 22
20240421 22
20240422 22
20240423 22
20240424 22
20240425 22
20240426 22
20240427 22
20240428 22
20240429 22
20240430 22
20240501 22
20240503 22
20240504 22
20240505 22
20240506 22
20240507 22
20240508 22
20240509 23
20240510 23
20240511 23
20240512 23
20240513 23
20240514 23
20240515 23
20240516 23
20240517 23
20240518 24
20240519 24
20240520 24
20240521 24
20240522 24
20240523 24
20240524 24
20240525 24
20240526 24
20240527 24
20240528 24
20240529 24
20240530 24
20240531 24
20240601 24
20240602 24
20240603 24
20240604 24
20240605 24
20240606 24
20240609 24
20240611 24
