20230707 37
20230709 37
20230710 37
20230711 37
20230712 37
20230714 37
20230715 37
20230730 37
20230731 37
20230801 37
20230802 37
20230803 37
20230804 37
20230805 37
20230806 37
20230807 37
20230808 37
20230809 37
20230810 37
20230811 37
20230812 37
20230813 37
20230815 37
20230816 37
20230817 37
20230818 37
20230819 37
20230820 37
20230821 37
20230822 37
20230823 37
20230824 37
20230825 37
20230826 37
20230827 37
20230828 37
20230829 37
20230830 37
20230831 37
20230901 37
20230902 37
20230903 36
20230904 36
20230905 36
20230906 36
20230907 36
20230908 36
20230909 36
20230910 36
20230911 36
20230912 36
20230913 36
20230914 36
20230915 36
20230916 36
20230917 36
20230918 36
20230919 36
20230920 34
20230921 34
20230922 34
20230923 34
20230924 34
20230925 34
20230926 34
20230927 34
20230928 34
20230929 34
20230930 34
20231001 34
20231002 34
20231003 34
20231005 34
20231007 34
20231008 34
20231009 34
20231010 34
20231011 34
20231012 34
20231013 34
20231014 34
20231015 34
20231016 34
20231017 34
20231018 34
20231019 34
20231020 34
