20230707 24306
20230709 24308
20230710 24302
20230711 24300
20230712 24293
20230713 24286
20230714 24287
20230715 24273
20230730 24245
20230731 24263
20230801 24281
20230802 24286
20230803 24272
20230804 24281
20230805 24266
20230806 24257
20230807 24266
20230808 24288
20230809 24300
20230810 24305
20230811 24322
20230812 24310
20230813 24307
20230815 24307
20230816 24322
20230817 24332
20230818 24339
20230819 24349
20230820 24356
20230821 24353
20230822 24352
20230823 24355
20230824 24364
20230825 24374
20230826 24385
20230827 24374
20230828 24366
20230829 24380
20230830 24386
20230831 24396
20230901 24396
20230902 24400
20230903 24397
20230904 24399
20230905 24402
20230906 24411
20230907 24412
20230908 24412
20230909 24419
20230910 24416
20230911 24404
20230912 24404
20230913 24400
20230914 24407
20230915 24405
20230916 24415
20230917 24413
20230918 24392
20230919 24404
20230920 22306
20230921 22329
20230922 22329
20230923 22326
20230924 22313
20230925 22296
20230926 22280
20230927 22280
20230928 22282
20230929 22287
20230930 22283
20231001 22269
20231002 22263
20231003 22268
20231005 22273
20231007 22281
20231008 22293
20231009 22302
20231010 22298
20231011 22301
20231012 22298
20231013 22306
20231014 22306
