20230707 4243
20230709 4245
20230710 4244
20230711 4210
20230712 4207
20230713 4208
20230714 4205
20230715 4206
20230730 4210
20230731 4212
20230801 4214
20230802 4218
20230803 4215
20230804 4216
20230805 4217
20230806 4214
20230807 4216
20230808 4219
20230809 4221
20230810 4220
20230811 4218
20230812 4217
20230813 4217
20230815 4218
20230816 4218
20230817 4219
20230818 4220
20230819 4220
20230820 4219
20230821 4219
20230822 4220
20230823 4219
20230824 4226
20230825 4226
20230826 4227
20230827 4220
20230828 4212
20230829 4213
20230830 4215
20230831 4217
20230901 4218
20230902 4220
20230903 4220
20230904 4221
20230905 4220
20230906 4219
20230907 4220
20230908 4221
20230909 4221
20230910 4222
20230911 4222
20230912 4225
20230913 4223
20230914 4220
20230915 4224
20230916 4224
20230917 4223
20230918 4223
20230919 4225
20230920 4093
20230921 4095
20230922 4097
20230923 4095
20230924 4097
20230925 4096
20230926 4096
20230927 4085
20230928 4087
20230929 4086
20230930 4087
20231001 4088
20231002 4090
20231003 4091
20231005 4097
20231007 4095
20231008 4095
20231009 4096
20231010 4096
20231011 4089
20231012 4090
20231013 4087
20231014 4078
20231015 4077
20231016 4077
20231017 4075
20231018 4076
20231019 4077
20231020 4076
20231021 4075
20231022 4076
20231023 4076
20231024 4074
20231025 4075
20231026 4075
20231027 4075
20231028 4077
20231029 4077
20231030 4078
20231031 4079
20231101 4081
20231102 4085
20231103 4088
20231104 4088
20231105 4089
20231106 4088
20231107 4085
20231108 4087
20231109 4086
20231110 4088
20231111 4089
20231112 4090
20231113 4089
20231114 4091
20231115 4087
20231116 4087
20231117 4091
20231118 4092
20231120 4094
20231121 4096
20231122 4094
20231123 4094
20231124 4096
20231125 4097
20231126 4097
20231127 4091
20231128 4093
20231129 4094
20231130 4094
20231201 4095
20231202 4101
20231203 4100
20231204 4100
20231205 4102
20231206 4102
20231207 4106
20231208 4105
20231209 4106
20231210 4105
20231211 4106
20231212 4109
20231213 4109
20231214 4110
20231215 4113
20231216 4114
20231217 4111
20231218 4112
20231219 4113
20231220 4109
20231221 4108
20231222 4109
20231223 4109
20231224 4110
20231225 4109
20231226 4106
20231227 4106
20231230 4103
20231231 4104
20240101 4103
20240102 4103
20240103 4108
20240104 4110
20240105 4109
20240106 4138
20240107 4136
20240108 4137
20240109 4137
20240110 4137
20240111 4164
20240112 4164
20240113 4165
20240114 4165
