20230707 384
20230715 384
20230730 388
20230731 388
20230801 386
20230813 386
20230815 388
20230816 388
20230817 387
20230828 387
20230829 391
20230912 391
20230913 390
20230915 390
20230916 392
20230919 392
20230920 385
20230927 385
20230928 386
20231009 386
20231010 387
20231107 387
20231108 393
20231121 393
20231122 397
20231127 397
20231128 398
20231207 398
20231208 401
20231211 401
20231212 402
20240119 402
20240120 404
20240129 404
20240130 408
20240201 408
20240202 414
20240205 414
20240206 418
20240214 418
20240215 419
20240216 419
20240217 422
20240227 422
20240228 423
20240301 423
20240302 424
20240325 424
20240326 425
20240408 425
20240409 429
20240415 429
20240416 431
20240418 431
20240419 435
20240422 435
20240423 436
20240430 436
20240501 439
20240503 439
20240504 440
20240510 440
20240511 442
20240514 442
20240515 441
20240524 441
20240525 443
20240613 443
20240614 448
20240624 448
20240626 448
20240627 448
20240628 448
20240629 448
20240630 448
20240701 448
20240702 452
20240703 452
20240704 452
20240705 452
20240706 451
20240707 451
20240708 451
20240709 451
20240710 451
20240711 452
20240712 452
20240713 452
20240714 452
20240715 452
20240716 452
20240717 452
20240718 452
20240719 452
20240720 452
20240721 452
20240722 452
20240723 452
20240724 452
20240725 461
20240726 461
20240727 461
20240728 461
20240729 461
20240730 461
20240731 461
20240801 462
20240802 462
20240803 462
20240804 462
20240805 462
20240806 462
20240807 462
20240808 462
20240809 462
20240810 462
20240811 462
20240812 462
20240813 462
20240814 462
20240815 463
20240816 464
20240817 464
20240818 464
20240819 464
20240820 464
20240821 464
