20230707 13712
20230709 13711
20230710 13708
20230711 13702
20230712 13695
20230713 13696
20230714 13689
20230715 13686
20230730 13620
20230731 13622
20230801 13620
20230802 13627
20230803 13636
20230804 13631
20230805 13610
20230806 13601
20230807 13601
20230808 13610
20230809 13601
20230810 13603
20230811 13578
20230812 13569
20230813 13564
20230815 13562
20230816 13551
20230817 13558
20230818 13561
20230819 13565
20230820 13564
20230821 13572
20230822 13574
20230823 13571
20230824 13573
20230825 13572
20230826 13566
20230827 13571
20230828 13563
20230829 13567
20230830 13567
20230831 13560
20230901 13566
20230902 13543
