20230707 13666
20230709 13650
20230710 13651
20230711 13650
20230712 13648
20230713 13649
20230714 13650
20230715 13649
20230730 13640
20230731 13637
20230801 13639
20230802 13642
20230803 13640
20230804 13642
20230805 13645
20230806 13640
20230807 13636
20230808 13638
20230809 13642
20230810 13639
20230811 13634
20230812 13635
20230813 13632
20230815 13628
20230816 13628
20230817 13636
20230816 13628
20230818 13638
20230816 13628
20230819 13632
20230820 13628
20230816 13628
20230821 13627
20230816 13628
20230822 13633
20230816 13628
20230823 13636
20230816 13628
20230824 13637
20230816 13628
20230825 13638
20230816 13628
20230826 13641
20230816 13628
20230827 13635
20230816 13628
20230828 13633
20230816 13628
20230829 13631
20230816 13628
20230830 13623
20230816 13628
20230831 13625
20230816 13628
20230901 13631
20230816 13628
20230902 13637
20230816 13628
20230903 13635
20230816 13628
20230904 13636
20230816 13628
20230905 13643
20230816 13628
20230906 13647
20230816 13628
20230907 13641
20230908 13641
20230909 13640
20230910 13640
20230911 13632
20230910 13640
20230912 13634
20230910 13640
20230913 13631
20230910 13640
20230914 13635
20230910 13640
20230915 13634
20230910 13640
20230916 13632
20230910 13640
20230917 13628
20230910 13640
20230918 13630
20230919 13630
20230920 13483
20230919 13630
20230921 13493
20230919 13630
20230922 13502
20230919 13630
20230923 13485
20230919 13630
20230924 13465
20230919 13630
20230925 13453
20230919 13630
20230926 13450
20230927 13450
20230928 13454
20230927 13450
20230929 13460
20230927 13450
20230930 13448
20230927 13450
20231001 13453
20230927 13450
20231002 13449
20231003 13450
20230927 13450
20231005 13444
20230927 13450
20231007 13441
20230927 13450
20231008 13445
20230927 13450
20231009 13448
20230927 13450
20231010 13447
20231011 13450
20230927 13450
20231012 13451
20230927 13450
20231013 13452
20230927 13450
20231014 13445
20230927 13450
20231015 13442
20230927 13450
20231016 13441
20230927 13450
20231017 13440
20230927 13450
20231018 13429
20230927 13450
20231019 13431
20230927 13450
20231020 13435
20230927 13450
20231021 13432
20230927 13450
20231022 13428
20230927 13450
20231023 13421
20230927 13450
20231024 13426
20230927 13450
20231025 13423
20230927 13450
20231026 13425
20230927 13450
20231027 13428
20230927 13450
20231028 13433
20231029 13433
20231030 13430
20231029 13433
20231031 13435
20231029 13433
20231101 13434
20231029 13433
20231102 13439
20231029 13433
20231103 13434
20231029 13433
20231104 13424
20231029 13433
20231105 13418
20231029 13433
20231106 13423
20231029 13433
20231107 13408
20231029 13433
20231108 13409
20231029 13433
20231109 13403
20231029 13433
20231110 13402
20231029 13433
20231111 13395
20231029 13433
20231112 13393
20231029 13433
20231113 13391
20231029 13433
20231114 13384
20231029 13433
20231115 13386
20231029 13433
20231116 13382
20231118 13382
20231120 13373
20231118 13382
20231121 13376
20231122 13376
20231123 13373
20231122 13376
20231124 13368
20231122 13376
20231125 13370
20231126 13370
20231127 13367
20231126 13370
20231128 13368
20231126 13370
20231129 13365
20231126 13370
20231130 13359
20231126 13370
20231201 13358
20231126 13370
20231202 13348
20231126 13370
20231203 13347
20231126 13370
20231204 13345
20231126 13370
20231205 13338
20231126 13370
20231206 13342
20231126 13370
20231207 13343
20231126 13370
20231208 13359
20231126 13370
20231209 13366
20231126 13370
20231210 13365
20231126 13370
20231211 13366
20231126 13370
20231212 13364
20231126 13370
20231213 13357
20231126 13370
20231214 13361
20231126 13370
20231215 13360
20231126 13370
20231216 13358
20231217 13358
20231218 13357
20231217 13358
20231219 13350
20231217 13358
20231220 13346
20231217 13358
20231221 13341
20231217 13358
20231222 13337
20231217 13358
20231223 13334
20231224 13334
20231225 13333
20231224 13334
20231226 13324
20231224 13334
20231227 13325
20231224 13334
20231230 13323
20231224 13334
20231231 13319
20231224 13334
20240101 13315
20231224 13334
20240102 13299
20231224 13334
20240103 13301
20240104 13301
20240105 13303
20240106 13303
20240107 13307
20240108 13303
20240106 13303
20240109 13302
20240106 13303
20240110 13308
20240106 13303
20240111 13310
20240106 13303
20240112 13320
20240106 13303
20240113 13322
20240106 13303
20240114 13307
20240115 13303
20240106 13303
20240116 13314
20240106 13303
20240117 13312
20240106 13303
20240118 13313
20240106 13303
20240119 13317
20240106 13303
20240120 13319
20240106 13303
20240121 13320
20240106 13303
20240122 13319
20240106 13303
20240124 13316
20240106 13303
20240125 13323
20240106 13303
20240126 13343
20240127 13343
20240128 13346
20240127 13343
20240129 13344
20240127 13343
20240130 13352
20240131 13352
20240201 13350
20240131 13352
20240202 13360
20240131 13352
20240203 13366
20240131 13352
20240204 13364
20240131 13352
20240205 13365
20240206 13365
20240207 13366
20240206 13365
20240208 13380
20240206 13365
20240209 13387
20240206 13365
20240210 13398
20240206 13365
20240211 13392
20240206 13365
20240212 13393
20240213 13393
20240214 13391
20240213 13393
20240215 13390
20240213 13393
20240216 13392
20240217 13393
20240213 13393
20240218 13392
20240213 13393
20240219 1523
20240213 13393
20240220 13391
20240213 13393
20240221 13397
20240213 13393
20240222 13400
20240213 13393
20240223 13401
20240213 13393
20240224 13395
20240225 13393
20240213 13393
20240226 13395
20240213 13393
20240227 13391
20240228 13393
20240213 13393
20240229 13397
20240213 13393
20240301 13398
20240302 13398
20240303 13395
20240302 13398
20240304 13391
20240302 13398
20240305 13409
20240302 13398
20240306 13411
20240302 13398
20240307 13416
20240308 13398
20240302 13398
20240309 13400
20240310 13398
20240302 13398
20240311 13397
20240302 13398
20240312 13394
20240302 13398
20240313 13397
20240302 13398
20240314 13408
20240302 13398
20240315 13401
20240302 13398
20240316 13371
20240302 13398
20240317 13367
20240318 13367
20240319 13366
20240318 13367
20240320 13368
20240321 13367
20240318 13367
20240322 13370
20240323 13370
20240324 13367
20240323 13370
20240325 13365
20240323 13370
20240326 13367
20240323 13370
20240327 13369
20240323 13370
20240328 13368
20240323 13370
20240329 13367
20240323 13370
20240330 13369
20240323 13370
20240331 13358
20240323 13370
20240401 13359
20240323 13370
20240402 13367
20240323 13370
20240403 13365
20240404 13365
20240405 13364
20240404 13365
20240406 13360
20240404 13365
20240407 13362
20240404 13365
20240408 13360
20240409 13360
20240410 13357
20240409 13360
20240411 13355
20240409 13360
20240412 13359
20240413 13359
20240415 13347
20240413 13359
20240416 13348
20240413 13359
20240417 13349
20240418 13349
20240419 13351
20240418 13349
20240420 13347
20240418 13349
20240421 13348
20240418 13349
20240422 13346
20240418 13349
20240423 13345
20240418 13349
20240424 13347
20240418 13349
20240425 13350
20240426 13349
20240418 13349
20240427 13350
20240428 13350
20240429 13347
20240428 13350
20240430 13355
20240428 13350
20240501 13354
20240428 13350
20240503 13355
20240428 13350
20240504 13348
20240428 13350
20240505 13351
20240428 13350
20240506 13349
20240428 13350
20240507 13355
20240428 13350
20240508 13358
20240428 13350
20240509 13357
20240428 13350
20240510 13358
20240428 13350
20240511 13356
20240428 13350
20240512 13353
20240513 13350
20240428 13350
20240514 13355
20240428 13350
20240515 13360
20240428 13350
20240516 13359
20240428 13350
20240517 13358
20240428 13350
20240518 13355
20240428 13350
20240519 13354
20240520 13354
20240521 13358
20240520 13354
20240522 13359
20240520 13354
20240523 13358
20240520 13354
20240524 13360
20240525 13360
20240526 13359
20240525 13360
20240527 13355
20240525 13360
20240528 13354
20240525 13360
20240529 13357
20240525 13360
20240530 13358
20240525 13360
20240531 13362
20240525 13360
20240601 13367
20240525 13360
20240602 13366
20240525 13360
20240603 13367
20240604 13367
20240605 13372
20240604 13367
20240606 13369
20240604 13367
20240609 13374
20240604 13367
20240611 13371
20240604 13367
20240612 13372
20240604 13367
20240613 13373
20240604 13367
20240614 13374
20240615 13367
20240604 13367
20240616 13359
20240604 13367
20240617 13361
20240618 13367
20240604 13367
20240620 13376
20240604 13367
20240621 13378
20240604 13367
20240622 13379
20240604 13367
20240623 13374
20240604 13367
20240624 13371
20240604 13367
20240626 13372
20240604 13367
20240627 13369
20240628 13369
20240629 13367
20240628 13369
20240630 13361
20240628 13369
20240701 13359
20240628 13369
20240702 13357
20240628 13369
20240703 13360
20240628 13369
20240704 13362
20240628 13369
20240705 13363
20240628 13369
20240706 13366
20240628 13369
20240707 13363
20240628 13369
20240708 13362
20240628 13369
20240709 13359
20240628 13369
20240710 13363
20240711 13363
20240712 13368
20240711 13363
20240713 13373
20240711 13363
20240714 13372
20240715 13372
20240716 13376
20240715 13372
20240717 13378
20240715 13372
20240718 13377
20240715 13372
20240719 13375
20240715 13372
20240720 13369
20240715 13372
20240721 13368
20240715 13372
20240722 13366
20240715 13372
20240723 13370
20240724 13370
20240725 13378
20240726 13378
20240727 13380
20240726 13378
20240728 13381
20240729 13378
20240726 13378
20240730 13381
20240726 13378
20240731 13380
20240801 13378
20240726 13378
20240802 13380
20240726 13378
20240803 13382
20240726 13378
20240804 13380
20240726 13378
20240805 13374
20240806 13374
20240807 13372
20240808 13374
20240806 13374
20240809 13375
20240806 13374
20240810 13376
20240806 13374
20240811 13372
20240806 13374
20240812 13365
20240806 13374
20240813 13362
20240806 13374
20240814 13361
20240806 13374
20240815 13360
20240816 13360
20240817 13363
20240816 13360
20240818 13356
20240816 13360
20240819 13352
20240816 13360
20240820 13349
20240816 13360
20240821 13347
20240816 13360
20240822 13345
20240816 13360
20240823 13348
20240816 13360
20240824 13352
20240816 13360
20240825 13351
20240816 13360
20240826 13341
20240816 13360
20240827 13346
20240816 13360
20240828 13349
20240816 13360
20240829 13351
20240816 13360
20240830 13353
20240816 13360
20240831 13356
20240816 13360
20240901 13354
20240816 13360
20240902 13345
20240816 13360
20240903 13351
20240816 13360
20240904 13348
20240816 13360
20240905 13352
20240816 13360
20240906 13354
20240907 13354
20240908 13351
20240907 13354
20240909 13346
20240910 13346
20240911 13348
20240910 13346
20240912 13350
20240913 13346
20240910 13346
20240914 13345
20240910 13346
20240915 13343
20240916 13343
20240917 13346
20240918 13346
20240919 13345
20240918 13346
20240920 13342
20240918 13346
20240921 13343
20240922 13343
20240925 13307
20240922 13343
20240926 13301
20240922 13343
20240927 13294
20240922 13343
20240928 13290
20240922 13343
20240929 13291
20240929 13291
