20230922 6288
20230924 6291
20230925 6291
20230926 6292
20230927 6292
20230928 6292
20230929 6293
20230930 6293
20231001 6294
20231002 6294
20231003 6295
20231005 6296
20231007 6296
20231008 6297
20231009 6297
20231010 6297
20231011 6297
20231012 6297
20231013 6298
20231014 6298
20231015 6299
20231016 6299
20231017 6299
20231018 6299
20231019 6299
20231020 6299
20231021 6299
20231022 6299
20231023 6300
20231024 6300
20231025 6301
20231026 6301
20231027 6301
20231028 6302
20231029 6302
20231030 6302
20231031 6302
20231101 6302
20231102 6303
20231103 6303
20231104 6303
20231105 6303
20231106 6303
20231107 6303
20231108 6303
20231109 6303
20231110 6303
20231111 6303
20231112 6304
20231113 6305
20231114 6306
20231115 6306
20231116 6306
20231117 6306
20231118 6306
20231120 6309
20231121 6310
20231122 6310
20231123 6311
20231124 6311
20231125 6311
20231126 6312
20231127 6312
20231128 6312
20231129 6312
20231130 6312
20231201 6315
20231202 6315
