20230707 1490917
20230710 1490060
20230711 1489849
20230712 1489682
20230713 1489549
20230714 1489384
20230715 1489179
20230716 1488953
20230717 1488948
20230718 1488789
20230719 1488530
20230720 1488319
20230721 1488203
20230722 1487950
20230723 1487799
20230724 1487732
20230725 1487608
20230726 1487541
20230727 1487460
20230728 1487332
20230729 1486996
20230730 1486752
20230731 1486516
20230801 1486469
20230802 1486342
20230803 1486215
20230804 1486096
20230805 1485961
20230806 1485728
20230807 1485539
20230808 1485637
20230809 1485608
20230810 1485657
20230811 1485644
20230812 1485565
20230813 1485315
20230815 1485647
20230815 1485723
20230816 1485541
20230817 1485684
20230818 1486085
20230819 1486252
20230820 1486200
20230821 1486252
20230822 1486489
20230823 1486687
20230824 1486814
20230825 1486947
20230826 1487091
20230827 1487078
20230828 1487076
20230829 1487379
20230830 1487542
20230831 1487854
20230901 1488476
20230902 1488472
20230903 1488265
20230904 1488180
20230905 1488737
20230906 1488470
20230907 1488593
20230908 1488742
20230909 1488852
20230910 1488747
20230911 1488716
20230912 1488995
20230913 1489177
20230914 1489250
20230915 1489472
20230915 1489769
20230916 1489591
20230917 1489461
20230918 1489464
20230919 1489656
20230920 1489796
20230921 1490423
20230922 1490242
20230923 1490449
20230924 1490336
20230925 1490315
20230926 1490739
20230927 1490580
20230928 1490799
20230929 1491121
20230930 1491223
20231001 1491421
20231002 1491241
20231003 1491419
20231005 1491887
20231007 1492243
20231008 1492172
20231009 1492196
20231010 1492336
20231011 1492411
20231012 1492525
20231013 1492535
20231014 1492551
20231015 1492439
20231016 1492475
20231017 1492579
20231018 1492614
20231019 1492666
20231020 1492768
20231021 1492651
20231022 1492376
20231023 1492421
20231024 1492533
20231025 1492581
20231026 1492538
20231027 1492494
20231028 1492195
20231029 1491714
20231030 1491408
20231031 1491524
20231101 1491516
20231102 1491353
20231103 1491209
20231104 1490755
20231105 1490379
20231105 1490384
20231106 1490092
20231107 1490064
20231108 1490001
20231109 1490058
20231110 1489865
20231111 1489709
20231112 1489415
20231113 1489125
20231114 1489156
20231115 1489101
20231116 1489153
20231117 1489119
20231118 1488900
20231120 1488380
20231121 1488559
20231122 1488520
20231123 1488696
20231124 1488737
20231125 1488650
20231126 1488372
20231127 1488005
20231128 1488406
20231129 1488214
20231130 1488092
20231201 1487989
20231202 1488273
20231203 1487999
20231204 1487668
20231205 1487704
20231206 1487542
20231207 1487397
20231208 1487265
20231209 1486902
20231210 1486461
20231210 1486711
20231211 1485944
20231212 1486098
20231213 1485756
20231214 1485237
20231215 1484874
20231216 1484467
20231217 1484035
20231218 1483656
20231219 1483373
20231220 1482902
20231221 1482447
20231222 1482176
20231223 1481745
20231224 1481347
20231225 1480792
20231226 1480455
20231227 1479928
20231230 1479294
20231231 1478717
20240101 1478253
20240102 1477718
20240103 1477561
20240104 1477382
20240105 1477388
20240106 1477079
20240107 1476676
20240108 1476591
20240109 1476524
20240110 1476585
20240111 1476724
20240112 1476785
20240113 1476679
20240114 1476459
20240115 1476447
20240116 1476527
20240117 1476389
20240118 1476206
20240119 1476203
20240120 1475907
20240121 1475756
20240122 1475587
20240123 1475659
20240124 1475683
20240125 1475430
20240126 1475614
20240127 1475474
20240128 1475185
20240129 1474932
20240130 1474472
20240131 1474425
20240201 1474445
20240202 1474352
20240203 1474103
20240204 1473738
20240205 1473401
20240206 1473357
20240207 1473180
20240208 1472923
20240209 1472888
20240210 1472767
20240211 1472518
20240212 1472252
20240213 1472124
20240214 1472016
20240215 1472027
20240216 1471979
20240217 1471610
20240218 1471358
20240219 1471076
20240220 1470924
20240221 1470742
20240222 1470730
20240223 1470585
20240224 1470285
20240225 1469961
20240226 1469860
20240227 1469776
20240228 1469718
20240229 1469701
20240301 1469773
20240302 1469715
20240303 1469545
20240304 1469463
20240305 1469573
20240306 1469591
20240307 1469627
20240308 1469705
20240309 1469551
20240310 1469030
20240311 1468990
20240312 1469019
20240313 1468838
20240314 1468764
20240315 1468750
20240316 1468619
20240317 1468418
20240318 1468134
20240319 1467978
20240320 1468007
20240321 1467766
20240322 1467731
20240323 1467696
20240324 1466949
20240325 1466849
20240326 1466823
20240327 1466864
20240328 1466812
20240329 1466785
20240330 1466537
20240331 1466384
20240401 1466090
20240402 1465985
20240403 1465906
20240404 1465739
20240405 1465613
20240406 1465538
20240406 1465848
20240407 1465296
20240408 1465051
20240409 1464992
20240410 1464865
20240411 1464724
20240412 1464688
20240413 1464592
20240415 1464035
20240416 1463126
20240417 1463198
20240418 1463112
20240419 1463147
20240420 1463039
20240421 1462679
20240422 1462651
20240423 1462610
20240424 1462711
20240425 1462716
20240426 1462777
20240427 1462681
20240428 1462268
20240429 1462207
20240430 1462291
20240501 1462045
20240503 1461869
20240504 1461638
20240505 1461299
20240506 1461303
20240507 1461303
20240508 1461843
20240509 1461635
20240510 1461378
20240511 1461283
20240512 1460828
20240513 1460541
20240514 1460643
20240515 1460644
20240516 1460826
20240517 1460859
20240518 1460727
20240519 1460245
20240520 1459897
20240521 1459933
20240522 1459763
20240523 1459535
20240524 1459378
20240525 1459077
20240526 1458844
20240527 1458562
20240528 1458753
20240529 1458675
20240530 1458609
20240531 1458555
20240601 1457959
20240602 1457573
20240603 1457203
20240604 1457152
20240605 1457110
20240606 1457059
20240609 1456195
20240611 1454526
20240612 1454631
20240613 1454593
20240614 1454573
20240615 1453558
20240616 1453285
20240617 1453075
20240618 1453262
20240620 1453335
20240621 1453285
20240622 1453238
20240623 1453059
20240624 1452755
20240626 1452724
20240627 1453265
20240628 1453292
20240629 1453327
20240630 1452689
20240701 1452638
20240702 1452604
20240703 1452493
20240704 1452334
20240705 1452190
20240706 1452117
20240707 1451932
20240708 1451884
20240709 1452066
20240710 1452311
20240711 1452125
20240712 1452011
20240713 1451628
20240714 1451235
20240715 1451051
20240716 1450871
20240717 1450707
20240718 1450587
20240719 1450533
20240720 1450461
20240721 1450291
20240722 1450203
20240723 1450369
20240724 1450252
20240725 1450442
20240726 1450195
20240727 1450211
20240728 1449912
20240729 1449697
20240730 1449617
20240731 1449765
20240801 1449988
20240802 1450437
20240803 1451523
20240804 1452115
20240805 1452077
20240806 1451896
20240806 1452155
20240807 1451586
20240808 1451392
20240809 1451315
20240810 1451086
20240811 1450695
20240812 1450460
20240813 1450609
20240814 1450681
20240815 1450838
20240816 1450827
20240817 1450831
20240818 1450096
20240819 1449879
20240820 1450016
20240821 1450089
20240822 1450175
20240823 1450282
20240824 1450232
20240825 1450039
20240826 1449986
20240827 1450103
20240828 1450310
20240829 1450451
20240830 1450593
20240831 1450625
20240901 1450565
20240902 1450546
20240903 1450798
20240904 1451101
20240905 1451303
20240906 1451539
20240907 1451602
20240908 1451449
20240909 1451392
20240910 1451594
20240911 1451942
20240912 1452045
20240913 1452232
20240914 1452237
20240915 1452081
20240916 1452061
20240917 1452411
20240918 1452574
20240919 1452795
20240920 1452926
20240920 1453426
20240921 1453176
20240921 1453417
20240921 1453421
20240921 1453424
20240922 1453075
20240922 1453280
20240925 1453909
20240926 1455404
20240927 1455722
20240928 1455952
20240929 1455989
20240930 1456076
20241001 1456404
20241002 1456752
20241003 1457053
20241003 1457471
20241003 1457553
20241004 1457290
20241004 1457586
20241005 1457308
20241006 1457238
20241007 1457325
20241008 1457803
20241009 1458078
20241010 1458367
20241011 1458682
20241012 1459009
20241013 1458904
20241014 1458856
20241015 1459120
20241016 1459343
20241017 1459509
20241018 1459656
20241019 1459712
20241020 1459635
20241021 1459627
20241022 1459891
20241023 1459946
20241024 1460062
20241025 1459979
20241026 1459612
20241027 1459350
20241028 1459111
20241029 1459120
20241030 1459158
20241031 1459081
20241101 1459027
20241102 1458919
20241103 1458608
20241103 1458609
20241104 1458378
20241105 1458602
20241106 1458664
20241107 1458707
20241108 1458793
20241108 1459179
20241109 1458644
20241110 1458482
20241111 1458368
20241111 1458937
20241112 1458634
20241113 1458757
20241113 1459126
20241113 1459134
20241114 1458835
20241115 1459042
20241116 1459010
20241117 1458705
20241118 1458572
20241119 1458793
20241120 1458770
20241121 1458931
20241122 1458907
20241123 1458856
20241124 1458601
20241125 1458552
20241126 1458840
20241127 1459011
20241128 1459237
20241129 1459494
20241130 1459711
20241201 1459535
20241202 1459582
20241203 1459728
20241204 1459723
20241205 1459620
20241206 1459475
20241207 1459434
20241208 1459154
20241209 1458963
20241210 1459080
20241211 1459133
20241212 1459112
20241213 1458925
20241214 1458812
20241215 1458622
20241216 1458448
20241217 1458396
20241218 1458418
20241219 1458471
20241220 1458365
20241221 1458261
20241222 1458003
20241223 1457771
20241224 1457641
20241225 1457195
20241226 1456902
20241227 1456568
20241228 1456363
20241229 1456063
20241230 1455931
20241231 1455930
20250101 1455615
20250102 1455282
20250103 1455006
20250104 1454807
20250105 1454587
20250106 1454450
20250107 1454457
20250108 1454587
20250109 1454537
20250110 1454492
20250111 1454495
20250112 1454255
20250113 1454075
20250114 1454097
20250115 1454196
20250116 1454327
20250117 1454311
20250118 1454138
20250119 1453843
20250120 1453562
20250121 1453818
20250122 1453874
20250123 1453878
20250124 1453807
20250125 1453788
20250126 1453583
20250127 1453467
20250128 1453718
20250129 1453662
20250130 1453793
20250131 1453734
20250201 1453687
20250202 1453438
20250203 1453250
20250204 1453163
20250205 1453020
20250206 1452889
20250207 1452850
20250208 1452690
20250210 1451921
20250211 1452115
20250212 1452217
20250213 1452244
20250214 1452271
20250215 1452142
20250216 1451952
20250217 1451812
20250218 1451821
20250219 1451513
20250220 1451609
20250221 1451765
20250222 1451670
20250223 1451485
20250224 1451387
20250225 1451544
20250226 1451536
20250227 1451591
20250228 1451643
20250301 1451721
20250302 1451552
20250303 1451545
20250304 1452096
20250305 1452558
20250306 1452686
20250307 1452795
20250308 1452723
20250309 1452516
20250310 1452391
20250311 1452367
20250312 1452748
20250313 1452887
20250314 1452962
20250315 1452939
20250316 1452712
20250317 1452745
20250318 1452868
20250319 1452889
20250320 1452914
20250321 1452750
20250322 1452725
20250323 1452346
20250324 1452087
20250326 1452021
20250327 1452040
20250328 1452056
20250329 1451997
20250330 1451711
20250331 1451502
20250401 1451629
20250402 1451603
20250403 1451538
20250404 1451509
20250405 1451338
20250406 1451073
20250407 1450864
20250408 1450953
20250409 1450949
20250410 1450971
20250411 1450999
20250412 1450867
20250413 1450514
20250414 1450213
20250415 1450151
20250416 1450096
20250417 1450027
20250418 1449879
20250419 1449602
20250420 1449283
20250421 1449099
20250422 1448900
20250423 1448797
20250424 1448815
20250425 1448861
20250426 1449074
20250427 1448750
20250428 1448570
20250429 1448588
20250430 1448507
20250501 1448490
20250502 1448274
20250503 1448085
20250504 1447729
20250505 1447556
20250506 1447664
20250507 1447597
20250508 1447662
20250509 1447022
20250510 1446997
20250511 1446769
20250512 1446618
20250513 1446644
20250514 1446732
20250515 1446753
20250516 1446658
20250517 1446543
20250518 1446353
20250519 1446103
20250520 1446016
20250521 1446029
20250522 1445923
20250523 1445900
20250524 1445782
20250525 1445616
20250526 1445336
20250527 1445392
20250528 1445359
20250529 1445322
20250530 1445102
20250531 1444947
20250601 1444707
20250602 1444581
20250603 1444611
20250604 1444685
20250605 1444719
20250606 1444661
20250607 1444528
20250608 1444440
20250609 1444287
20250610 1444325
20250611 1444385
20250612 1444447
20250613 1444450
20250614 1444325
20250615 1444009
20250616 1443769
20250617 1443834
20250618 1443843
20250619 1443901
20250620 1443781
20250621 1443436
20250622 1443180
20250623 1443019
20250624 1442904
20250625 1442900
20250626 1442876
20250627 1442894
20250628 1442748
20250629 1442492
20250630 1442261
20250701 1442127
20250702 1442032
20250703 1441880
20250704 1441753
20250705 1441604
20250706 1441333
20250707 1441106
20250708 1441082
20250709 1441159
20250710 1441231
20250711 1441120
20250712 1440866
20250713 1440770
20250714 1440559
20250715 1440442
20250716 1440220
20250717 1440080
20250718 1439979
20250719 1439758
20250720 1439570
20250722 1439309
20250723 1439305
20250724 1439106
20250725 1438844
20250726 1438601
20250727 1438405
20250728 1438264
20250729 1438117
20250730 1438177
20250731 1438182
20250801 1438190
20250802 1438192
20250803 1438149
20250804 1438039
20250805 1438033
20250806 1438270
20250807 1438449
20250808 1438439
20250810 1438544
20250811 1438379
20250812 1438482
20250813 1438589
20250814 1438684
20250815 1438932
20250816 1438976
20250817 1438829
20250818 1438774
20250819 1438934
20250820 1439062
20250821 1439188
20250822 1439377
20250823 1439181
20250824 1439107
20250825 1439028
20250826 1439271
20250827 1439371
20250828 1439712
20250829 1439990
20250830 1440163
20250831 1440153
20250901 1440394
20250902 1440654
20250903 1440916
20250904 1441108
20250905 1441413
20250906 1441343
20250907 1441176
20250908 1440989
20250909 1441069
20250910 1441348
20250911 1441461
20250912 1441454
20250913 1441392
20250914 1441100
20250915 1441028
20250916 1441202
20250917 1441368
20250918 1441548
20250919 1441668
20250920 1441754
20250921 1441696
20250922 1441617
20250923 1441954
20250924 1442233
20250925 1442433
20250926 1442687
20250926 1443004
20250927 1442738
20250928 1442620
20250929 1442596
20250930 1442884
20251001 1442916
20251002 1443045
20251003 1443236
20251004 1443305
20251005 1443245
20251006 1443275
20251007 1443410
20251008 1443582
20251009 1443740
20251010 1442990
20251011 1442560
20251012 1440923
20251013 1440882
20251014 1441113
