20230707 766
20230709 766
20230710 766
20230711 766
20230712 766
20230714 766
20230715 766
20230730 766
20230731 766
20230801 766
20230802 766
20230803 766
20230804 766
20230805 766
20230806 766
20230807 766
20230808 766
20230809 766
20230810 766
20230811 766
20230812 766
20230813 766
20230815 766
20230816 766
20230817 766
20230818 766
20230819 766
20230820 766
20230821 766
20230822 766
20230823 766
20230824 766
20230825 766
20230826 766
20230827 766
20230828 766
20230829 766
20230830 766
20230831 766
20230901 766
20230902 766
20230903 766
20230904 766
20230905 766
20230906 766
20230907 766
20230908 766
20230909 766
20230910 766
20230911 766
20230912 766
20230913 766
20230914 766
20230915 766
20230916 766
