20230707 615
20230709 615
20230710 615
20230711 615
20230712 615
20230714 614
20230715 615
20230730 616
20230731 616
20230801 616
20230802 620
20230803 621
20230804 620
20230805 620
20230806 620
20230807 620
20230808 620
20230809 622
20230810 621
20230811 621
20230812 621
20230813 622
20230815 623
20230816 624
20230817 624
20230818 626
20230819 626
20230820 627
20230821 626
20230822 626
20230823 626
20230824 626
20230825 626
20230826 626
20230827 626
20230828 626
20230829 626
20230830 626
20230831 625
20230901 626
20230902 625
20230903 625
20230904 625
20230905 625
20230906 626
20230907 625
20230908 627
20230909 628
20230910 628
20230911 629
20230912 629
20230913 630
20230914 632
20230915 632
20230916 633
20230917 633
20230918 634
20230919 634
20230920 605
20230921 606
20230922 606
20230923 606
20230924 606
20230925 605
20230926 605
20230927 605
20230928 605
20230929 605
20230930 607
20231001 606
20231002 606
20231003 606
20231005 606
20231007 606
20231008 605
20231009 604
20231010 604
20231011 605
20231012 605
20231013 605
20231014 604
20231015 604
20231016 603
20231017 603
20231018 602
20231019 593
20231020 592
20231021 592
20231022 592
20231023 591
20231024 592
20231025 595
20231026 595
20231027 595
20231028 595
20231029 595
20231030 593
20231031 595
20231101 595
20231102 596
20231103 597
20231104 597
20231105 597
20231106 597
20231107 596
20231108 596
20231109 597
20231110 597
20231111 597
20231112 597
20231113 597
20231114 597
20231115 599
20231116 599
20231117 599
20231118 599
20231120 598
20231121 599
20231122 599
20231123 598
20231124 599
20231125 600
20231126 600
20231127 600
20231128 600
20231129 599
20231130 600
20231201 600
20231202 601
20231203 601
20231204 600
20231205 601
20231206 602
20231207 602
20231208 602
20231209 602
20231210 602
20231211 603
20231212 603
20231213 603
20231214 603
20231215 602
20231216 602
20231217 603
20231218 602
20231219 602
20231220 602
20231221 602
20231222 602
20231223 602
20231224 602
20231225 602
20231226 602
20231227 603
20231230 604
20231231 604
20240101 604
20240102 604
20240103 604
20240104 604
20240105 604
20240106 604
20240107 604
20240108 603
20240109 604
20240110 605
20240111 605
20240112 605
20240113 606
20240114 606
20240115 606
20240116 605
20240117 605
20240118 607
20240119 608
20240120 609
20240121 609
20240122 610
20240124 609
20240125 609
20240126 609
20240127 609
20240128 609
20240129 610
20240130 610
20240131 611
20240201 612
20240202 612
20240203 611
20240204 611
20240205 611
20240206 611
20240207 587
20240208 588
20240209 588
20240210 589
20240211 589
20240212 589
20240213 589
20240214 589
20240215 589
20240216 588
20240217 587
20240218 587
20240219 587
20240220 586
20240221 586
20240222 586
20240223 586
20240224 585
20240225 585
20240226 584
20240227 585
20240228 585
