20230707 539
20230709 540
20230710 539
20230711 540
20230712 541
20230714 543
20230715 548
20230730 546
20230731 546
20230801 547
20230802 546
20230803 546
20230804 547
20230805 547
20230806 549
20230807 549
20230808 548
20230807 549
20230809 546
20230812 546
20230813 545
20230815 545
20230816 544
20230818 544
20230819 545
20230824 545
20230825 546
20230828 546
20230829 547
20230830 547
20230831 546
20230901 546
20230902 545
20230901 546
20230903 543
20230901 546
20230904 544
20230901 546
20230905 545
20230906 545
20230907 544
20230908 544
20230909 543
20230910 544
20230911 544
20230912 542
20230911 544
20230913 543
20230911 544
20230914 542
20230917 542
20230918 543
20230919 543
20230920 529
20230919 543
20230921 531
20230924 531
20230925 530
20230924 531
20230926 528
20230924 531
20230927 529
20230928 529
20230929 531
20230928 529
20230930 532
20231005 532
20231007 533
20231005 532
20231008 534
20231005 532
20231009 535
20231005 532
20231010 536
20231005 532
20231011 535
20231005 532
20231012 536
20231005 532
20231013 537
20231014 537
20231015 538
20231016 538
20231017 540
20231016 538
20231018 541
20231016 538
20231019 546
20231016 538
20231020 549
20231016 538
20231021 548
20231016 538
20231022 547
20231016 538
20231023 548
20231016 538
20231024 552
20231016 538
20231025 554
20231016 538
20231026 555
20231016 538
20231027 554
20231016 538
20231028 553
20231016 538
20231029 554
20231016 538
20231030 553
20231104 553
20231105 555
20231104 553
20231106 559
20231109 559
20231110 560
20231109 559
20231111 561
20231109 559
20231112 563
20231113 563
20231114 562
20231115 563
20231113 563
20231116 565
20231113 563
20231117 566
20231113 563
20231118 567
20231120 567
20231121 564
20231120 567
20231122 558
20231120 567
20231123 559
20231120 567
20231124 563
20231120 567
20231125 565
20231126 565
20231127 567
20231128 567
20231129 566
20231130 566
20231201 567
20231130 566
20231202 568
20231203 568
20231204 570
20231203 568
20231205 571
20231206 571
20231207 573
20231206 571
20231208 576
20231210 576
20231211 577
20231210 576
20231212 578
20231210 576
20231213 579
20231210 576
20231214 578
20231215 578
20231216 576
20231220 576
20231221 575
20231222 575
20231223 571
20231222 575
20231224 566
20231222 575
20231225 565
20231222 575
20231226 564
20231227 564
20231230 566
20231227 564
20231231 565
20231227 564
20240101 563
20240102 563
20240103 565
20240102 563
20240104 564
20240105 564
20240106 582
20240105 564
20240107 581
20240105 564
20240108 594
20240105 564
20240109 596
20240105 564
20240110 624
20240105 564
20240111 623
20240105 564
20240112 624
20240105 564
20240113 625
20240105 564
20240114 623
20240105 564
20240115 619
20240105 564
20240116 617
20240105 564
20240117 620
20240105 564
20240118 623
20240105 564
20240119 624
20240105 564
20240120 622
20240105 564
20240121 621
20240105 564
20240122 624
20240105 564
20240124 622
20240105 564
20240125 621
20240105 564
20240126 624
20240105 564
20240127 625
20240105 564
20240128 628
20240105 564
20240129 630
20240105 564
20240130 628
20240105 564
20240131 627
20240206 627
20240207 626
20240206 627
20240208 625
20240206 627
20240209 626
20240206 627
20240210 628
20240206 627
20240211 631
20240206 627
20240212 629
20240206 627
20240213 630
20240206 627
20240214 632
20240206 627
20240215 630
20240216 630
20240217 628
20240216 630
20240218 631
20240216 630
20240219 633
20240216 630
20240220 634
20240216 630
20240221 632
20240216 630
20240222 631
20240223 630
20240216 630
20240224 628
20240216 630
20240225 631
20240216 630
20240226 629
20240227 629
20240228 628
20240227 629
20240229 627
20240301 627
20240302 626
20240301 627
20240303 624
20240304 624
20240305 625
20240306 625
20240307 626
20240308 626
20240309 625
20240311 625
20240312 627
20240311 625
20240313 629
20240311 625
20240314 631
20240315 631
20240316 627
20240317 627
20240318 620
20240317 627
20240319 621
20240317 627
20240320 624
20240317 627
20240321 622
20240317 627
20240322 623
20240317 627
20240323 622
20240317 627
20240324 623
20240325 627
20240326 627
20240327 628
20240329 628
20240330 627
20240329 628
20240331 626
20240329 628
20240401 625
20240403 625
20240404 630
20240403 625
20240405 629
20240403 625
20240406 631
20240403 625
20240407 633
20240403 625
20240408 634
20240403 625
20240409 633
20240403 625
20240410 634
20240403 625
20240411 636
20240412 636
20240413 635
20240415 636
20240412 636
20240416 633
20240412 636
20240417 634
20240412 636
20240418 632
20240412 636
20240419 629
20240420 629
20240421 628
20240420 629
20240422 627
20240423 627
20240424 626
20240423 627
20240425 625
20240426 625
20240427 626
20240430 626
20240501 627
20240430 626
20240503 619
20240430 626
20240504 621
20240505 621
20240506 622
20240507 622
20240508 623
20240509 623
20240510 622
20240511 623
20240509 623
20240512 622
20240509 623
20240513 620
20240509 623
20240514 622
20240509 623
20240515 621
20240509 623
20240516 620
20240509 623
20240517 619
20240518 619
20240519 620
20240518 619
20240520 622
20240521 622
20240522 616
20240521 622
20240523 620
20240521 622
20240524 615
20240525 622
20240521 622
20240526 625
20240521 622
20240527 624
20240521 622
20240528 626
20240521 622
20240529 627
20240521 622
20240530 626
20240521 622
20240531 625
20240521 622
20240601 626
20240521 622
20240602 627
20240521 622
20240603 628
20240606 628
20240609 629
20240611 628
20240606 628
20240612 629
20240613 629
20240614 627
20240615 627
20240616 628
20240617 627
20240615 627
20240618 628
20240620 627
20240615 627
20240621 626
20240615 627
20240622 625
20240615 627
20240623 622
20240615 627
20240624 619
20240615 627
20240626 610
20240615 627
20240627 609
20240615 627
20240628 610
20240701 610
20240702 607
20240701 610
20240703 606
20240701 610
20240704 607
20240705 607
20240706 608
20240708 608
20240709 609
20240711 609
20240712 610
20240711 609
20240713 611
20240714 609
20240716 609
20240717 610
20240718 610
20240719 609
20240721 609
20240722 608
20240724 608
20240725 598
20240726 598
20240727 599
20240726 598
20240728 600
20240726 598
20240729 605
20240726 598
20240730 607
20240726 598
20240731 608
20240804 608
20240805 607
20240804 608
20240806 606
20240804 608
20240807 604
20240809 604
20240810 605
20240812 605
20240813 604
20240815 604
20240816 603
20240815 604
20240817 602
20240824 602
20240825 601
20240824 602
20240826 600
20240824 602
20240827 599
20240828 599
20240829 598
20240830 599
20240828 599
20240831 603
20240904 603
20240905 604
20240911 604
20240912 605
20240913 605
20240914 606
20240916 606
20240917 607
20240916 606
20240918 608
20240919 608
20240920 607
20240919 608
20240921 609
20240919 608
20240921 610
20240922 610
