20230707 22
20230709 22
20230710 22
20230711 22
20230712 22
20230714 22
20230715 22
20230730 22
20230731 22
20230801 22
20230802 22
20230803 22
20230804 22
20230805 22
20230806 22
20230807 22
20230808 22
20230809 22
20230810 22
20230811 22
20230812 22
20230813 22
20230815 22
20230816 22
20230817 22
20230818 22
20230819 22
20230820 22
20230821 22
20230822 22
20230823 22
20230824 22
20230825 22
20230826 22
20230827 22
20230828 22
20230829 22
20230830 22
20230831 22
20230901 22
20230902 22
20230903 22
20230904 22
20230905 22
20230906 22
20230907 22
20230908 22
20230909 22
20230910 22
20230911 22
20230912 22
20230913 22
20230914 22
20230915 22
20230916 22
20230917 22
20230918 22
20230919 24
20230920 23
20230921 23
20230922 23
20230923 23
20230924 23
20230925 23
20230926 23
20230927 23
20230928 23
20230929 23
20230930 23
20231001 23
20231002 23
20231003 23
20231005 23
20231007 23
20231008 23
20231009 23
20231010 23
20231011 23
20231012 23
20231013 23
20231014 23
20231015 23
20231016 23
20231017 23
20231018 23
20231019 23
20231020 23
20231021 23
20231022 23
20231023 23
20231024 23
20231025 23
20231026 23
20231027 23
20231028 23
20231029 23
20231030 23
20231031 23
20231101 23
20231102 23
20231103 23
20231104 23
20231105 23
20231106 23
20231107 23
20231108 23
20231109 24
20231110 24
20231111 24
20231112 24
20231113 24
20231114 24
20231115 24
20231116 24
20231117 24
20231118 24
20231120 24
20231121 24
20231122 24
20231123 24
20231124 24
20231125 24
20231126 24
20231127 24
20231128 24
20231129 24
20231130 24
20231201 24
20231202 24
20231203 24
20231204 24
20231205 24
20231206 24
20231207 24
20231208 24
20231209 24
20231210 24
20231211 24
20231212 24
20231213 24
20231214 24
20231215 24
20231216 24
20231217 24
20231218 24
20231219 24
20231220 24
20231221 24
20231222 24
20231223 24
20231224 24
20231225 24
20231226 24
20231227 24
20231230 24
20231231 24
20240101 24
20240102 24
20240103 24
20240104 24
20240105 24
20240106 24
20240107 24
20240108 24
20240109 24
20240110 24
20240111 24
20240112 24
20240113 24
20240114 24
20240115 24
20240116 24
20240117 24
20240118 24
20240119 24
20240120 24
20240121 24
20240122 24
20240124 24
20240125 24
20240126 24
20240127 24
20240128 24
20240129 24
20240130 24
20240131 24
20240201 24
20240202 24
20240203 24
20240204 24
20240205 24
20240206 24
20240207 24
20240208 24
20240209 24
20240210 24
20240211 24
20240212 24
20240213 24
20240214 24
20240215 27
20240216 27
20240217 27
20240218 27
20240219 27
20240220 27
20240221 27
20240222 27
20240223 27
20240224 27
20240225 27
20240226 27
20240227 27
20240228 27
20240229 27
20240301 27
20240302 27
20240303 27
20240304 27
20240305 27
20240306 27
20240307 27
20240308 27
20240309 27
20240310 27
20240311 27
20240312 27
20240313 27
20240314 27
20240315 27
20240316 27
20240317 27
20240318 27
20240319 27
20240320 27
20240321 27
20240322 27
20240323 27
20240324 27
20240325 27
20240326 27
20240327 27
20240328 27
20240329 27
20240330 27
20240331 27
20240401 27
20240402 27
20240403 27
20240404 27
20240405 27
20240406 27
20240407 27
20240408 27
20240409 27
20240410 27
20240411 27
20240412 27
20240413 27
20240415 27
20240416 27
20240417 27
20240418 27
20240419 27
20240420 27
20240421 27
20240422 27
20240423 27
20240424 27
20240425 27
20240426 27
