20230707 72231
20230709 72252
20230710 72235
20230711 72312
20230712 72367
20230713 72409
20230714 72463
20230715 72488
20230730 72821
20230731 72823
20230801 72865
20230802 72963
20230803 73010
20230804 73057
20230805 73066
20230806 73071
20230807 73103
20230808 73143
20230809 73165
20230810 73202
20230811 73267
20230812 73259
20230813 73251
20230815 73305
20230816 73342
20230817 73391
20230818 73476
20230819 73526
20230820 73563
20230821 73560
20230822 73629
20230823 73657
20230824 73709
20230825 73756
20230826 73798
20230827 73803
20230828 73795
20230829 73839
20230830 73919
20230831 73983
20230901 74022
20230902 74087
