20230707 8
20230709 8
20230710 8
20230711 8
20230712 8
20230714 8
20230715 8
20230730 13
20230731 13
20230801 13
20230802 13
20230803 13
20230804 13
20230805 13
20230806 13
20230807 13
20230808 13
20230809 13
20230810 13
20230811 13
20230812 13
20230813 13
20230815 13
20230816 13
20230817 13
20230818 13
20230819 13
20230820 13
20230821 13
20230822 13
20230823 13
20230824 13
20230825 13
20230826 13
20230827 13
20230828 13
20230829 13
20230830 13
20230831 13
20230901 13
20230902 13
20230903 13
20230904 13
