20230707 26
20230709 26
20230710 26
20230711 26
20230712 26
20230714 27
20230715 27
20230730 27
20230731 27
20230801 27
20230802 27
20230803 27
20230804 27
20230805 27
20230806 27
20230807 27
20230808 27
20230809 27
20230810 27
20230811 27
20230812 27
20230813 27
20230815 27
20230816 27
20230817 27
20230818 27
20230819 27
20230820 27
20230821 27
20230822 27
20230823 27
20230824 27
20230825 27
20230826 27
20230827 27
20230828 27
20230829 27
20230830 27
20230831 27
20230901 27
20230902 27
20230903 27
20230904 27
20230905 27
20230906 27
20230907 27
20230908 27
20230909 27
20230910 27
20230911 27
20230912 27
20230913 27
20230914 27
20230915 27
20230916 27
20230917 27
20230918 27
20230919 27
20230920 25
20230921 25
20230922 25
20230923 25
20230924 25
20230925 25
20230926 25
20230927 25
20230928 25
20230929 25
20230930 25
20231001 25
20231002 25
20231003 25
20231005 25
20231007 25
20231008 25
20231009 25
20231010 25
20231011 25
20231012 25
20231013 25
20231014 25
20231015 25
20231016 25
20231017 25
20231018 25
20231019 25
20231020 25
20231021 25
20231022 25
20231023 25
20231024 25
20231025 25
20231026 25
20231027 25
20231028 25
20231029 25
20231030 25
20231031 25
20231101 25
20231102 25
20231103 25
20231104 25
20231105 25
20231106 25
20231107 25
20231108 25
20231109 25
20231110 25
20231111 25
20231112 25
20231113 25
20231114 25
20231115 25
20231116 25
20231117 25
20231118 25
20231120 25
20231121 25
20231122 25
20231123 25
20231124 25
20231125 25
20231126 25
20231127 25
20231128 25
20231129 25
20231130 25
20231201 25
20231202 25
20231203 25
20231204 25
20231205 25
20231206 25
20231207 25
20231208 25
20231209 25
20231210 25
20231211 25
20231212 25
20231213 25
20231214 25
20231215 25
20231216 25
20231217 25
20231218 25
20231219 25
20231220 25
20231221 25
20231222 25
20231223 25
20231224 25
20231225 25
20231226 25
20231227 25
20231230 25
20231231 25
20240101 25
20240102 25
20240103 25
20240104 25
20240105 25
20240106 25
20240107 25
20240108 25
20240109 25
20240110 25
20240111 25
20240112 25
20240113 25
20240114 25
20240115 25
20240116 25
20240117 25
20240118 25
20240119 25
20240120 25
20240121 25
20240122 25
20240124 25
20240125 25
20240126 25
20240127 25
20240128 25
20240129 25
20240130 25
20240131 25
20240201 25
20240202 25
20240203 25
20240204 25
20240205 25
20240206 25
20240207 25
20240208 25
20240209 25
20240210 25
20240211 25
20240212 25
20240213 25
20240214 25
20240215 25
20240216 25
20240217 25
20240218 25
20240219 25
20240220 25
20240221 25
