20230707 199234
20230802 199234
20230803 198455
20230901 198663
20231005 198663
20231007 197712
20231107 197712
20231108 197307
20231205 197307
20231206 197044
20240102 197044
20240103 196579
20240201 196579
20240202 196689
20240306 196689
20240307 197013
20240511 197013
20240512 195992
20240601 195992
20240602 197241
20240703 197241
20240704 197715
20240804 197715
20240805 198135
20240910 198135
20240911 199221
20240921 199221
20241003 199725
20241006 199725
20241111 200125
20241205 200125
20241206 201735
20250105 201735
20250106 200554
20250203 200554
20250204 201132
20250303 201132
20250304 201765
20250407 201765
20250408 202633
20250501 202633
20250502 202981
20250602 202981
20250603 203096
20250702 203096
20250703 202905
20250802 202905
20250803 202758
20250831 202758
20250901 203000
20251002 203000
20251003 202695
20251101 202695
20251102 201642
20251130 201642
20251202 201454
20260105 201454
20260107 200957
20260202 200957
20260203 201314
20260301 201314
20260303 201434
20260304 201434
