20230707 20
20230709 20
20230710 20
20230711 20
20230712 20
20230714 20
20230715 20
20230730 20
20230731 20
20230801 20
20230802 20
20230803 20
20230804 20
20230805 20
20230806 20
20230807 20
20230808 20
20230809 20
20230810 20
20230811 20
20230812 20
20230813 20
20230815 20
20230816 20
20230817 20
20230818 20
20230819 20
20230820 20
20230821 20
20230822 20
20230823 20
20230824 20
20230825 20
20230826 20
20230827 20
20230828 20
20230829 20
20230830 20
20230831 20
20230901 20
20230902 20
20230903 20
20230904 20
20230905 20
20230906 20
20230907 20
20230908 20
20230909 20
20230910 20
20230911 20
20230912 20
20230913 20
20230914 20
20230915 20
20230916 20
20230917 20
20230918 20
20230919 20
20230920 19
20230921 19
20230922 19
20230923 19
20230924 19
