20230707 68
20230715 68
20230730 69
20230810 69
20230811 70
20230813 70
20230815 71
20230817 71
20230818 72
20230821 72
20230822 77
20230823 78
20230919 78
20230920 48
20230926 48
20230927 47
20231003 47
20231005 48
20231019 48
20231020 49
20240319 49
20240320 48
20240624 48
20240626 48
20240627 48
20240628 48
20240629 48
20240630 48
20240701 48
20240702 48
20240703 48
20240704 48
20240705 49
20240706 49
20240707 49
20240708 49
20240709 49
20240710 49
20240711 49
20240712 49
20240713 49
20240714 49
20240715 49
20240716 49
20240717 49
20240718 49
20240719 49
20240720 49
20240721 49
20240722 49
20240723 49
20240724 49
20240725 49
20240726 49
20240727 49
20240728 49
20240729 49
20240730 49
20240731 49
20240801 49
20240802 49
20240803 49
