20230707 549
20230709 551
20230710 551
20230711 551
20230712 553
20230714 553
20230715 552
20230730 554
20230731 554
20230801 553
20230802 554
20230803 555
20230804 555
20230805 555
20230806 554
20230807 554
20230808 554
20230809 554
20230810 553
20230811 555
20230812 555
20230813 556
20230815 556
20230816 557
20230817 557
20230818 557
20230819 556
20230820 557
20230821 557
20230822 555
20230823 555
20230824 555
20230825 554
20230826 554
20230827 554
20230828 555
20230829 556
20230830 555
20230831 555
20230901 555
20230902 557
20230903 557
20230904 556
20230905 546
20230906 546
20230907 546
20230908 546
20230909 546
20230910 546
20230911 546
20230912 546
20230913 546
20230914 546
