20230707 4607
20230709 4608
20230710 4605
20230711 4606
20230712 4607
20230713 4606
20230714 4602
20230715 4606
20230730 4618
20230731 4617
20230801 4616
20230802 4619
20230803 4616
20230804 4615
20230805 4616
20230806 4617
20230807 4616
20230808 4616
20230809 4613
20230808 4616
20230810 4607
20230808 4616
20230811 4606
20230812 4606
20230813 4607
20230815 4607
20230816 4600
20230815 4607
20230817 4597
20230815 4607
20230818 4599
20230815 4607
20230819 4597
20230815 4607
20230820 4593
20230815 4607
20230821 4591
20230822 4591
20230823 4578
20230822 4591
20230824 4580
20230822 4591
20230825 4581
20230822 4591
20230826 4579
20230822 4591
20230827 4577
20230822 4591
20230828 4576
20230822 4591
20230829 4572
20230822 4591
20230830 4570
20230822 4591
20230831 4571
20230822 4591
20230901 4570
20230822 4591
20230902 4573
20230822 4591
20230903 4577
20230904 4577
20230905 4579
20230906 4577
20230904 4577
20230907 4575
20230904 4577
20230908 4572
20230904 4577
20230909 4573
20230904 4577
20230910 4572
20230911 4572
20230912 4574
20230911 4572
20230913 4570
20230911 4572
20230914 4569
20230911 4572
20230915 4567
20230911 4572
20230916 4565
20230911 4572
20230917 4567
20230911 4572
20230918 4563
20230911 4572
20230919 4560
20230911 4572
20230920 4295
20230911 4572
20230921 4297
20230911 4572
20230922 4304
20230911 4572
20230923 4302
20230911 4572
20230924 4304
20230911 4572
20230925 4302
20230911 4572
20230926 4301
20230911 4572
20230927 4300
20230928 4300
20230929 4301
20230928 4300
20230930 4298
20231001 4298
20231002 4295
20231001 4298
20231003 4293
20231007 4293
20231008 4294
20231009 4294
20231010 4290
20231011 4290
20231012 4288
20231011 4290
20231013 4289
20231011 4290
20231014 4291
20231015 4290
20231016 4290
20231017 4289
20231018 4289
20231019 4291
20231018 4289
20231020 4293
20231018 4289
20231021 4295
20231018 4289
20231022 4294
20231018 4289
20231023 4291
20231018 4289
20231024 4290
20231018 4289
20231025 4288
20231027 4288
20231028 4290
20231027 4288
20231029 4292
20231027 4288
20231030 4293
20231027 4288
20231031 4298
20231027 4288
20231101 4297
20231027 4288
20231102 4298
20231027 4288
20231103 4299
20231027 4288
20231104 4297
20231027 4288
20231105 4295
20231027 4288
20231106 4294
20231027 4288
20231107 4296
20231027 4288
20231108 4295
20231027 4288
20231109 4296
20231027 4288
20231110 4295
20231111 4295
20231112 4296
20231113 4295
20231111 4295
20231114 4293
20231115 4293
20231116 4290
20231115 4293
20231117 4297
20231118 4293
20231115 4293
20231120 4289
20231115 4293
20231121 4280
20231115 4293
20231122 4279
20231115 4293
20231123 4278
20231124 4278
20231125 4277
20231127 4277
20231128 4279
20231127 4277
20231129 4276
20231127 4277
20231130 4278
20231201 4278
20231202 4280
20231201 4278
20231203 4277
20231201 4278
20231204 4273
20231201 4278
20231205 4271
20231201 4278
20231206 4273
20231201 4278
20231207 4276
20231201 4278
20231208 4272
20231201 4278
20231209 4268
20231201 4278
20231210 4270
20231213 4270
20231214 4279
20231213 4270
20231215 4280
20231213 4270
20231216 4279
20231213 4270
20231217 4280
20231213 4270
20231218 4278
20231219 4278
20231220 4279
20231219 4278
20231221 4280
20231219 4278
20231222 4279
20231219 4278
20231223 4276
20231224 4276
20231225 4273
20231226 4273
20231227 4274
20231226 4273
20231230 4272
20231226 4273
20231231 4269
20240101 4269
20240102 4271
20240101 4269
20240103 4276
20240105 4276
20240106 4296
20240107 4296
20240108 4297
20240109 4296
20240107 4296
20240110 4298
20240107 4296
20240111 4329
20240113 4329
20240114 4328
20240115 4329
20240116 4329
20240117 4330
20240116 4329
20240118 4335
20240116 4329
20240119 4336
20240116 4329
20240120 4337
20240116 4329
20240121 4338
20240116 4329
20240122 4337
20240116 4329
20240124 4342
20240116 4329
20240125 4340
20240116 4329
20240126 4338
20240116 4329
20240127 4337
20240116 4329
20240128 4338
20240116 4329
20240129 4339
20240116 4329
20240130 4341
20240116 4329
20240131 4339
20240201 4339
20240202 4340
20240203 4339
20240201 4339
20240204 4342
20240205 4342
20240206 4341
20240207 4342
20240205 4342
20240208 4340
20240205 4342
20240209 4337
20240205 4342
20240210 4339
20240205 4342
20240211 4336
20240205 4342
20240212 4334
20240205 4342
20240213 4333
20240214 4333
20240215 4331
20240214 4333
20240216 4324
20240214 4333
20240217 4325
20240218 4333
20240214 4333
20240219 4337
20240220 4337
20240221 4336
20240220 4337
20240222 4330
20240220 4337
20240223 4327
20240220 4337
20240224 4326
20240225 4326
20240226 4329
20240225 4326
20240227 4327
20240225 4326
20240228 4329
20240225 4326
20240229 4330
20240301 4330
20240302 4333
20240303 4333
20240304 4330
20240306 4330
20240307 4329
20240308 4330
20240309 4330
20240310 4331
20240309 4330
20240311 4327
20240309 4330
20240312 4326
20240314 4326
20240315 4331
20240314 4326
20240316 4328
20240314 4326
20240317 4329
20240318 4329
20240319 4330
20240320 4330
20240321 4329
20240320 4330
20240322 4328
20240323 4328
20240324 4327
20240325 4328
20240323 4328
20240326 4327
20240327 4327
20240328 4328
20240327 4327
20240329 4319
20240327 4327
20240330 4314
20240327 4327
20240331 4313
20240327 4327
20240401 4312
20240327 4327
20240402 4308
20240327 4327
20240403 4307
20240327 4327
20240404 4306
20240327 4327
20240405 4307
20240327 4327
20240406 4309
20240327 4327
20240407 4307
20240327 4327
20240408 4296
20240327 4327
20240409 4295
20240327 4327
20240410 4294
20240327 4327
20240411 4292
20240412 4292
20240413 4294
20240412 4292
20240415 4293
20240412 4292
20240416 4291
20240412 4292
20240417 4284
20240412 4292
20240418 4281
20240412 4292
20240419 4276
20240412 4292
20240420 4272
20240422 4272
20240423 4269
20240422 4272
20240424 4271
20240422 4272
20240425 4268
20240422 4272
20240426 4270
20240422 4272
20240427 4269
20240422 4272
20240428 4270
20240422 4272
20240429 4267
20240430 4267
20240501 4268
20240503 4267
20240430 4267
20240504 4268
20240505 4267
20240430 4267
20240506 4264
20240507 4264
20240508 4259
20240507 4264
20240509 4260
20240507 4264
20240510 4259
20240507 4264
20240511 4257
20240512 4257
20240513 4260
20240512 4257
20240514 4259
20240512 4257
20240515 4253
20240512 4257
20240516 4249
20240512 4257
20240517 4248
20240512 4257
20240518 4249
20240519 4249
20240520 4251
20240521 4249
20240519 4249
20240522 4248
20240524 4248
20240525 4247
20240524 4248
20240526 4246
20240527 4246
20240528 4244
20240527 4246
20240529 4242
20240527 4246
20240530 4238
20240601 4238
20240602 4237
20240601 4238
20240603 4233
20240604 4233
20240605 4232
20240604 4233
20240606 4236
20240604 4233
20240609 4224
20240604 4233
20240611 4217
20240604 4233
20240612 4216
20240604 4233
20240613 4217
20240604 4233
20240614 4221
20240604 4233
20240615 4220
20240604 4233
20240616 4222
20240618 4222
20240620 4220
20240621 4220
20240622 4219
20240623 4219
20240624 4218
20240626 4219
20240623 4219
20240627 4218
20240623 4219
20240628 4217
20240629 4219
20240623 4219
20240630 4217
20240701 4217
20240702 4218
20240701 4217
20240703 4220
20240701 4217
20240704 4218
20240701 4217
20240705 4213
20240701 4217
20240706 4212
20240701 4217
20240707 4211
20240701 4217
20240708 4213
20240709 4213
20240710 4212
20240709 4213
20240711 4211
20240709 4213
20240712 4210
20240709 4213
20240713 4209
20240709 4213
20240714 4206
20240709 4213
20240715 4207
20240709 4213
20240716 4206
20240709 4213
20240717 4208
20240709 4213
20240718 4203
20240709 4213
20240719 4201
20240720 4201
20240721 4198
20240720 4201
20240722 4194
20240720 4201
20240723 4195
20240724 4195
20240725 4194
20240724 4195
20240726 4197
20240724 4195
20240727 4196
20240724 4195
20240728 4194
20240724 4195
20240729 4189
20240724 4195
20240730 4187
20240724 4195
20240731 4188
20240724 4195
20240801 4189
20240802 4189
20240803 4187
20240802 4189
20240804 4186
20240805 4189
20240806 4189
20240807 4183
20240806 4189
20240808 4180
20240806 4189
20240809 4175
20240806 4189
20240810 4172
20240812 4172
20240813 4169
20240812 4172
20240814 4168
20240812 4172
20240815 4163
20240812 4172
20240816 4161
20240812 4172
20240817 4160
20240812 4172
20240818 4161
20240819 4161
20240820 4156
20240819 4161
20240821 4157
20240819 4161
20240822 4156
20240819 4161
20240823 4155
20240825 4155
20240826 4156
20240827 4155
20240825 4155
20240828 4153
20240825 4155
20240829 4160
20240825 4155
20240830 4161
20240825 4155
20240831 4162
20240901 4162
20240902 4160
20240901 4162
20240903 4151
20240901 4162
20240904 4154
20240901 4162
20240905 4151
20240901 4162
20240906 4154
20240901 4162
20240907 4152
20240901 4162
20240908 4150
20240901 4162
20240909 4148
20240901 4162
20240910 4153
20240912 4153
20240913 4151
20240914 4151
20240915 4153
20240914 4151
20240916 4152
20240914 4151
20240917 4155
20240919 4155
20240920 4153
20240919 4155
20240921 4156
20240922 4156
20240925 4163
20240922 4156
20240926 4162
20240922 4156
20240927 4166
20240922 4156
20240928 4165
20240928 4165
