20230707 11800
20230709 11799
20230710 11794
20230711 11795
20230712 11795
20230713 11799
20230712 11795
20230714 11792
20230712 11795
20230715 11793
20230712 11795
20230730 11760
20230731 11760
20230801 11756
20230731 11760
20230802 11748
20230731 11760
20230803 11740
20230731 11760
20230804 11741
20230731 11760
20230805 11731
20230731 11760
20230806 11722
20230731 11760
20230807 11711
20230731 11760
20230808 11720
20230731 11760
20230809 11727
20230731 11760
20230810 11722
20230731 11760
20230811 11725
20230812 11725
20230813 11728
20230812 11725
20230815 11734
20230812 11725
20230816 11749
20230812 11725
20230817 11748
20230812 11725
20230818 11746
20230812 11725
20230819 11748
20230820 11748
20230821 11743
20230822 11748
20230820 11748
20230823 11737
20230820 11748
20230824 11735
20230820 11748
20230825 11734
20230820 11748
20230826 11736
20230820 11748
20230827 11733
20230820 11748
20230828 11723
20230820 11748
20230829 11722
20230820 11748
20230830 11724
20230820 11748
20230831 11735
20230820 11748
20230901 11730
20230820 11748
20230902 11728
20230820 11748
20230903 11724
20230820 11748
20230904 11725
20230820 11748
20230905 11731
20230820 11748
20230906 11726
20230820 11748
20230907 11728
20230820 11748
20230908 11736
20230820 11748
20230909 11739
20230820 11748
20230910 11732
20230820 11748
20230911 11729
20230820 11748
20230912 11718
20230820 11748
20230913 11713
20230820 11748
20230914 11712
20230820 11748
20230915 11694
20230820 11748
20230916 11681
20230820 11748
20230917 11669
20230820 11748
20230918 11661
20230820 11748
20230919 11645
20230820 11748
20230920 11037
20230820 11748
20230921 11002
20230820 11748
20230922 10999
20230820 11748
20230923 10995
20230820 11748
20230924 10992
20230820 11748
20230925 10989
20230820 11748
20230926 10991
20230820 11748
20230927 10989
20230820 11748
20230928 10984
20230820 11748
20230929 10975
20230930 10975
20231001 10973
20231002 10973
20231003 10975
20231002 10973
20231005 10978
20231007 10978
20231008 10974
20231007 10978
20231009 10968
20231007 10978
20231010 10967
20231007 10978
20231011 10960
20231007 10978
20231012 10958
20231007 10978
20231013 10953
20231007 10978
20231014 10924
20231007 10978
20231015 10862
20231007 10978
20231016 10693
20231007 10978
20231017 10600
20231007 10978
20231018 10644
20231007 10978
20231019 10526
20231007 10978
20231020 10525
20231007 10978
20231021 10548
20231022 10548
20231023 10584
20231022 10548
20231024 10622
20231022 10548
20231025 10677
20231022 10548
20231026 10680
20231022 10548
20231027 10676
20231022 10548
20231028 10637
20231022 10548
20231029 10663
20231022 10548
20231030 10556
20231022 10548
20231031 10437
20231022 10548
20231101 10423
20231022 10548
20231102 10437
20231022 10548
20231103 10483
20231022 10548
20231104 10545
20231022 10548
20231105 10599
20231022 10548
20231106 10602
20231022 10548
20231107 10607
20231022 10548
20231108 10611
20231022 10548
20231109 10624
20231022 10548
20231110 10616
20231022 10548
20231111 10609
20231022 10548
20231112 10585
20231022 10548
20231113 10576
20231022 10548
20231114 10582
20231022 10548
20231115 10590
20231022 10548
20231116 10596
20231022 10548
20231117 10632
20231022 10548
20231118 10621
20231022 10548
20231120 10630
20231022 10548
20231121 10639
20231022 10548
20231122 10655
20231022 10548
20231123 10610
20231022 10548
20231124 10549
20231022 10548
20231125 10495
20231022 10548
20231126 10456
20231022 10548
20231127 10385
20231022 10548
20231128 10313
20231022 10548
20231129 10230
20231022 10548
20231130 10157
20231022 10548
20231201 10069
20231022 10548
20231202 10009
20231022 10548
20231203 9968
20231022 10548
20231204 9942
20231022 10548
20231205 9875
20231022 10548
20231206 9790
20231022 10548
20231207 9697
20231022 10548
20231208 9626
20231022 10548
20231209 9543
20231022 10548
20231210 9473
20231022 10548
20231211 9390
20231022 10548
20231212 9309
20231022 10548
20231213 9261
20231022 10548
20231214 9218
20231022 10548
20231215 9184
20231022 10548
20231216 9162
20231022 10548
20231217 9141
20231022 10548
20231218 9121
20231022 10548
20231219 9117
20231022 10548
20231220 9099
20231022 10548
20231221 9072
20231022 10548
20231222 9047
20231022 10548
20231223 9011
20231022 10548
20231224 8972
20231022 10548
20231225 8944
20231022 10548
20231226 8931
20231022 10548
20231227 8913
20231022 10548
20231230 8828
20231022 10548
20231231 8791
20231022 10548
20240101 8778
20231022 10548
20240102 8761
20231022 10548
20240103 8783
20231022 10548
20240104 8775
20231022 10548
20240105 8783
20231022 10548
20240106 8785
20231022 10548
20240107 8761
20231022 10548
20240108 8760
20231022 10548
20240109 8736
20231022 10548
20240110 8708
20231022 10548
20240111 8716
20231022 10548
20240112 8723
20231022 10548
20240113 8733
20231022 10548
20240114 8735
20231022 10548
20240115 8727
20231022 10548
20240116 8738
20231022 10548
20240117 8745
20231022 10548
20240118 8747
20231022 10548
20240119 8758
20231022 10548
20240120 8759
20231022 10548
20240121 8732
20231022 10548
20240122 8712
20231022 10548
20240124 8671
20231022 10548
20240125 8673
20231022 10548
20240126 8655
20231022 10548
20240127 8637
20231022 10548
20240128 8626
20231022 10548
20240129 8615
20231022 10548
20240130 8600
20231022 10548
20240131 8577
20231022 10548
20240201 8568
20231022 10548
20240202 8567
20231022 10548
20240203 8530
20231022 10548
20240204 8515
20231022 10548
20240205 8501
20231022 10548
20240206 8489
20231022 10548
20240207 8474
20231022 10548
20240208 8461
20231022 10548
20240209 8422
20231022 10548
20240210 8402
20231022 10548
20240211 8389
20231022 10548
20240212 8383
20231022 10548
20240213 8378
20231022 10548
20240214 8381
20231022 10548
20240215 8383
20231022 10548
20240216 8376
20231022 10548
20240217 8378
20231022 10548
20240218 8375
20231022 10548
20240219 8367
20231022 10548
20240220 8364
20231022 10548
20240221 8366
20231022 10548
20240222 8369
20231022 10548
20240223 8376
20240224 8376
20240225 8365
20240224 8376
20240226 8360
20240224 8376
20240227 8352
20240224 8376
20240228 8355
20240224 8376
20240229 8359
20240224 8376
20240301 8361
20240224 8376
20240302 8372
20240224 8376
20240303 8365
20240224 8376
20240304 8367
20240224 8376
20240305 8374
20240224 8376
20240306 8386
20240224 8376
20240307 8382
20240224 8376
20240308 8361
20240224 8376
20240309 8365
20240224 8376
20240310 8368
20240224 8376
20240311 8356
20240224 8376
20240312 8361
20240313 8361
20240314 8357
20240313 8361
20240315 8362
20240313 8361
20240316 8365
20240313 8361
20240317 8373
20240313 8361
20240318 8376
20240313 8361
20240319 8370
20240313 8361
20240320 8368
20240313 8361
20240321 8360
20240313 8361
20240322 8365
20240313 8361
20240323 8366
20240313 8361
20240324 8362
20240313 8361
20240325 8364
20240313 8361
20240326 8366
20240313 8361
20240327 8370
20240313 8361
20240328 8367
20240313 8361
20240329 8372
20240313 8361
20240330 8374
20240313 8361
20240331 8369
20240313 8361
20240401 8372
20240313 8361
20240402 8369
20240313 8361
20240403 8370
20240313 8361
20240404 8374
20240313 8361
20240405 8375
20240313 8361
20240406 8371
20240313 8361
20240407 8372
20240408 8361
20240313 8361
20240409 8366
20240313 8361
20240410 8369
20240313 8361
20240411 8378
20240313 8361
20240412 8386
20240313 8361
20240413 8391
20240313 8361
20240415 8388
20240416 8388
20240417 8394
20240418 8394
20240419 8406
20240418 8394
20240420 8401
20240418 8394
20240421 8402
20240418 8394
20240422 8401
20240423 8401
20240424 8399
20240423 8401
20240425 8396
20240423 8401
20240426 8386
20240423 8401
20240427 8385
20240423 8401
20240428 8381
20240423 8401
20240429 8376
20240423 8401
20240430 8381
20240423 8401
20240501 8380
20240423 8401
20240503 8369
20240423 8401
20240504 8374
20240423 8401
20240505 8373
20240423 8401
20240506 8383
20240423 8401
20240507 8380
20240423 8401
20240508 8379
20240423 8401
20240509 8380
20240423 8401
20240510 8377
20240423 8401
20240511 8376
20240423 8401
20240512 8372
20240513 8372
20240514 8371
20240513 8372
20240515 8373
20240516 8373
20240517 8379
20240516 8373
20240518 8371
20240516 8373
20240519 8370
20240516 8373
20240520 8372
20240521 8373
20240516 8373
20240522 8375
20240516 8373
20240523 8385
20240516 8373
20240524 8382
20240516 8373
20240525 8383
20240516 8373
20240526 8375
20240527 8375
20240528 8382
20240527 8375
20240529 8379
20240527 8375
20240530 8387
20240527 8375
20240531 8384
20240527 8375
20240601 8394
20240527 8375
20240602 8396
20240527 8375
20240603 8397
20240527 8375
20240604 8402
20240527 8375
20240605 8397
20240527 8375
20240606 8392
20240527 8375
20240609 8369
20240527 8375
20240611 8372
20240527 8375
20240612 8370
20240527 8375
20240613 8377
20240614 8375
20240527 8375
20240615 8366
20240527 8375
20240616 8368
20240527 8375
20240617 8367
20240527 8375
20240618 8372
20240527 8375
20240620 8363
20240527 8375
20240621 8365
20240622 8365
20240623 8371
20240622 8365
20240624 8379
20240622 8365
20240626 8376
20240622 8365
20240627 8375
20240622 8365
20240628 8379
20240622 8365
20240629 8375
20240622 8365
20240630 8376
20240622 8365
20240701 8375
20240622 8365
20240702 8379
20240622 8365
20240703 8378
20240622 8365
20240704 8377
20240622 8365
20240705 8381
20240622 8365
20240706 8385
20240622 8365
20240707 8379
20240622 8365
20240708 8375
20240622 8365
20240709 8371
20240622 8365
20240710 8372
20240622 8365
20240711 8371
20240622 8365
20240712 8370
20240622 8365
20240713 8373
20240622 8365
20240714 8364
20240622 8365
20240715 8358
20240622 8365
20240716 8363
20240622 8365
20240717 8360
20240622 8365
20240718 8368
20240719 8368
20240720 8363
20240719 8368
20240721 8359
20240722 8368
20240719 8368
20240723 8370
20240724 8370
20240725 8365
20240724 8370
20240726 8360
20240724 8370
20240727 8361
20240724 8370
20240728 8358
20240724 8370
20240729 8351
20240724 8370
20240730 8349
20240724 8370
20240731 8355
20240724 8370
20240801 8358
20240724 8370
20240802 8365
20240724 8370
20240803 8364
20240724 8370
20240804 8363
20240724 8370
20240805 8365
20240724 8370
20240806 8362
20240724 8370
20240807 8359
20240724 8370
20240808 8357
20240724 8370
20240809 8360
20240724 8370
20240810 8364
20240724 8370
20240811 8369
20240812 8370
20240813 8370
20240814 8374
20240813 8370
20240815 8372
20240813 8370
20240816 8362
20240813 8370
20240817 8364
20240813 8370
20240818 8361
20240813 8370
20240819 8346
20240813 8370
20240820 8352
20240813 8370
20240821 8351
20240813 8370
20240822 8350
20240813 8370
20240823 8344
20240813 8370
20240824 8338
20240813 8370
20240825 8352
20240813 8370
20240826 8354
20240813 8370
20240827 8357
20240813 8370
20240828 8362
20240813 8370
20240829 8365
20240830 8370
20240813 8370
20240831 8374
20240813 8370
20240901 8378
20240902 8378
20240903 8374
20240902 8378
20240904 8375
20240902 8378
20240905 8379
20240902 8378
20240906 8382
20240902 8378
20240907 8379
20240902 8378
20240908 8372
20240902 8378
20240909 8377
20240902 8378
20240910 8383
20240902 8378
20240911 8392
20240902 8378
20240912 8391
20240902 8378
20240913 8392
20240902 8378
20240914 8396
20240902 8378
20240915 8389
20240902 8378
20240916 8386
20240902 8378
20240917 8380
20240902 8378
20240918 8384
20240902 8378
20240919 8400
20240902 8378
20240920 8401
20240902 8378
20240921 8395
20240902 8378
20240921 8398
20240902 8378
20240922 8395
20240902 8378
20240925 8392
20240902 8378
20240926 8399
20240902 8378
20240927 8396
20240902 8378
20240928 8391
20240902 8378
20240929 8374
20240902 8378
20240930 8383
20240930 8383
