20230707 1668770
20230709 1668650
20230710 1668250
20230711 1671365
20230712 1674319
20230713 1677279
20230714 1680042
20230715 1683693
20230730 1712841
20230731 1714056
20230801 1717785
20230802 1720398
20230803 1723826
20230804 1725943
20230805 1727992
20230806 1728542
20230807 1728165
20230808 1730545
20230809 1733331
20230810 1735657
20230811 1738840
20230812 1740401
20230813 1742518
20230815 1745812
20230816 1752746
20230817 1757035
20230818 1760424
20230819 1764150
20230820 1767885
20230821 1769515
20230822 1771740
20230823 1773520
20230824 1776702
20230825 1780085
20230826 1781568
20230827 1783926
20230828 1784368
20230829 1786904
20230830 1789231
