20230707 18835
20230709 18824
20230710 18800
20230711 18795
20230712 18789
20230713 18786
20230714 18795
20230715 18794
20230730 18803
20230731 18794
20230801 18794
20230802 18791
20230803 18779
20230804 18779
20230805 18785
20230806 18790
20230807 18788
20230808 18792
20230809 18790
20230810 18796
20230811 18795
20230812 18800
20230813 18814
20230815 18808
20230816 18803
20230817 18811
20230818 18795
20230819 18791
20230820 18773
20230821 18773
20230822 18783
20230823 18761
20230824 18750
20230825 18754
20230826 18747
20230827 18747
20230828 18742
20230829 18745
20230830 18739
20230831 18748
20230901 18740
20230902 18723
20230903 18716
20230904 18712
20230905 18720
20230906 18707
20230907 18709
20230908 18703
20230909 18646
20230910 18636
20230911 18635
20230912 18634
20230913 18629
20230914 18637
20230915 18630
20230916 18623
20230917 18620
20230918 18620
20230919 18621
20230920 17503
20230921 17515
20230922 17514
20230923 17508
20230924 17493
20230925 17493
20230926 17505
20230927 17520
20230928 17519
20230929 17527
20230930 17533
20231001 17540
20231002 17541
20231003 17540
20231005 17544
20231007 17521
20231008 17525
20231009 17508
20231010 17502
20231011 17486
20231012 17499
20231013 17492
20231014 17488
20231015 17466
20231016 17460
20231017 17463
20231018 17464
20231019 17479
20231020 17477
20231021 17555
20231022 17568
20231023 17566
20231024 17570
20231025 17569
20231026 17555
20231027 17557
20231028 17550
20231029 17582
20231030 17585
20231031 17589
20231101 17591
20231102 17590
20231103 17577
20231104 17585
20231105 17576
20231106 17565
20231107 17557
20231108 17563
20231109 17563
20231110 17577
20231111 17576
20231112 17559
20231113 17557
20231114 17549
20231115 17545
20231116 17541
20231117 17576
20231118 17576
20231120 17555
20231121 17552
20231122 17548
20231123 17553
20231124 17545
20231125 17555
20231126 17550
20231127 17538
20231128 17529
20231129 17520
20231130 17520
20231201 17523
20231202 17513
20231203 17509
20231204 17497
20231205 17500
20231206 17492
20231207 17467
20231208 17458
20231209 17458
20231210 17457
20231211 17449
20231212 17451
20231213 17478
20231214 17474
20231215 17463
20231216 17473
20231217 17480
20231218 17467
20231219 17451
20231220 17455
20231221 17450
20231222 17460
20231223 17457
20231224 17443
20231225 17451
20231226 17447
20231227 17445
20231230 17430
20231231 17439
20240101 17443
20240102 17436
20240103 17439
20240104 17445
20240105 17443
20240106 17443
20240107 17439
20240108 17430
20240109 17428
20240110 17441
20240111 17441
20240112 17443
20240113 17444
20240114 17440
20240115 17432
20240116 17431
20240117 17437
20240118 17417
20240119 17413
20240120 17421
20240121 17410
20240122 17399
20240124 17397
20240125 17384
20240126 17404
20240127 17416
20240128 17414
20240129 17416
20240130 17418
20240131 17435
20240201 17420
20240202 17436
20240203 17447
20240204 17431
20240205 17426
20240206 17427
20240207 17440
20240208 17443
20240209 17447
20240210 17448
20240211 17453
20240212 17441
20240213 17450
20240214 17454
20240215 17453
20240216 17471
20240217 17479
20240218 17478
20240219 17466
20240220 17462
20240221 17464
20240222 17464
20240223 17470
20240224 17470
20240225 17460
20240226 17470
20240227 17471
20240228 17471
20240229 17459
20240301 17468
20240302 17458
20240303 17460
20240304 17444
20240305 17446
20240306 17455
20240307 17467
20240308 17458
20240309 17467
