20230707 1317192
20230709 1318164
20230710 1319018
20230711 1321858
20230712 1324648
20230713 1329435
20230714 1331358
20230715 1333724
20230730 1363211
20230731 1364060
20230801 1363098
20230802 1364878
20230803 1366425
20230804 1367257
20230805 1370863
20230806 1374127
20230807 1374810
20230808 1377543
20230809 1379473
20230810 1379978
20230811 1380463
20230812 1381388
20230813 1381073
20230815 1378732
20230816 1379614
20230817 1380524
20230818 1383957
20230819 1384652
20230820 1384292
20230821 1384289
20230822 1384969
20230823 1386413
20230824 1387293
20230825 1388121
20230826 1389256
20230827 1389506
20230828 1389395
20230829 1389787
20230830 1390571
20230831 1391076
20230901 1390941
20230902 1391003
20230903 1391382
20230904 1391373
20230905 1393590
20230906 1394997
20230907 1395695
20230908 1396377
20230909 1398134
20230910 1398460
20230911 1397965
20230912 1399894
20230913 1400152
20230914 1399922
20230915 1400520
20230916 1400968
20230917 1400768
20230918 1397765
20230919 1398779
20230920 1372804
20230921 1374825
20230922 1374424
20230923 1375365
20230924 1375437
20230925 1375017
20230926 1376209
