20230707 455993
20230709 456016
20230710 455870
20230711 455985
20230712 456062
20230713 456036
20230714 456067
20230715 456054
20230720 455849
20230730 455889
20230731 455857
20230801 456046
20230802 456137
20230803 456123
20230804 456079
20230805 456075
20230806 455946
20230807 455890
20230808 456018
20230809 456055
20230810 456005
20230811 456105
20230812 456161
20230813 456043
20230814 456028
20230815 456059
20230816 456086
20230817 455979
20230818 455870
20230819 455942
20230820 455833
20230821 455752
20230822 455881
20230823 455907
20230824 455929
20230825 455862
20230826 455900
20230827 455793
20230828 455735
20230829 455912
20230830 455970
20230831 456016
20230901 456062
20230902 456106
20230903 456005
20230904 455895
20230905 455885
20230906 456014
20230907 456124
20230908 456172
20230909 456230
20230910 456139
20230911 456078
20230912 456213
20230913 456297
20230914 456346
20230915 456415
20230916 456479
20230917 456388
20230918 456337
20230919 456494
20230920 456540
20230921 456621
20230922 0
20230922 456700
20230923 456795
20230924 456675
20230925 456633
20230926 456722
20230927 456825
20230928 456841
20230929 456860
20230930 456850
20231001 456766
20231002 456743
20231003 456975
20231005 457142
20231007 457375
20231008 457340
20231009 457253
