20230707 7224
20230709 7224
20230710 7221
20230709 7224
20230711 7222
20230709 7224
20230712 7223
20230709 7224
20230714 7225
20230709 7224
20230715 7223
20230709 7224
20230730 7207
20230709 7224
20230731 7205
20230709 7224
20230801 7203
20230709 7224
20230802 7204
20230709 7224
20230803 7209
20230709 7224
20230804 7213
20230709 7224
20230805 7212
20230709 7224
20230806 7213
20230709 7224
20230807 7214
20230709 7224
20230808 7213
20230709 7224
20230809 7219
20230709 7224
20230810 7218
20230709 7224
20230811 7220
20230709 7224
20230812 7221
20230709 7224
20230813 7220
20230709 7224
20230815 7215
20230709 7224
20230816 7214
20230709 7224
20230817 7219
20230709 7224
20230818 7214
20230709 7224
20230819 7216
20230709 7224
20230820 7214
20230709 7224
20230821 7211
20230709 7224
20230822 7213
20230709 7224
20230823 7215
20230824 7215
20230825 7213
20230824 7215
20230826 7217
20230824 7215
20230827 7214
20230824 7215
20230828 7217
20230824 7215
20230829 7213
20230824 7215
20230830 7216
20230831 7216
20230901 7219
20230831 7216
20230902 7220
20230831 7216
20230903 7214
20230904 7216
20230831 7216
20230905 7217
20230906 7216
20230831 7216
20230907 7215
20230831 7216
20230908 7217
20230831 7216
20230909 7197
20230831 7216
20230910 7192
20230911 7192
20230912 7187
20230911 7192
20230913 7175
20230911 7192
20230914 7190
20230911 7192
20230915 7191
20230911 7192
20230916 7188
20230911 7192
20230917 7184
20230911 7192
20230918 7178
20230911 7192
20230919 7177
20230911 7192
20230920 6430
20230911 7192
20230921 6438
20230911 7192
20230922 6439
20230911 7192
20230923 6437
20230911 7192
20230924 6438
20230911 7192
20230925 6436
20230911 7192
20230926 6438
20230911 7192
20230927 6437
20230911 7192
20230928 6444
20230911 7192
20230929 6433
20230911 7192
20230930 6436
20230911 7192
20231001 6429
20230911 7192
20231002 6427
20230911 7192
20231003 6423
20230911 7192
20231005 6421
20230911 7192
20231007 6419
20230911 7192
20231008 6418
20230911 7192
20231009 6411
20230911 7192
20231010 6410
20230911 7192
20231011 6408
20230911 7192
20231012 6409
20230911 7192
20231013 6407
20230911 7192
20231014 6409
20230911 7192
20231015 6404
20230911 7192
20231016 6400
20230911 7192
20231017 6397
20230911 7192
20231018 6400
20231019 6400
20231020 6398
20231019 6400
20231021 6380
20231019 6400
20231022 6376
20231019 6400
20231023 6366
20231019 6400
20231024 6343
20231019 6400
20231025 6342
20231026 6342
20231027 6340
20231028 6340
20231029 6305
20231028 6340
20231030 6304
20231031 6304
20231101 6303
20231031 6304
20231102 6305
20231031 6304
20231103 6307
20231031 6304
20231104 6306
20231031 6304
20231105 6303
20231031 6304
20231106 6308
20231107 6308
20231108 6306
20231109 6306
20231110 6308
20231111 6306
20231109 6306
20231112 6301
20231109 6306
20231113 6302
20231109 6306
20231114 6299
20231109 6306
20231115 6296
20231109 6306
20231116 6293
20231117 6293
20231118 6288
20231117 6293
20231120 6275
20231121 6275
20231122 6272
20231121 6275
20231123 6276
20231121 6275
20231124 6264
20231121 6275
20231125 6259
20231121 6275
20231126 6255
20231121 6275
20231127 6263
20231121 6275
20231128 6269
20231121 6275
20231129 6273
20231121 6275
20231130 6279
20231121 6275
20231201 6276
20231121 6275
20231202 6265
20231121 6275
20231203 6249
20231121 6275
20231204 6243
20231121 6275
20231205 6253
20231121 6275
20231206 6254
20231121 6275
20231207 6255
20231121 6275
20231208 6254
20231121 6275
20231209 6252
20231121 6275
20231210 6254
20231121 6275
20231211 6255
20231121 6275
20231212 6256
20231121 6275
20231213 6254
20231121 6275
20231214 6253
20231121 6275
20231215 6257
20231121 6275
20231216 6256
20231121 6275
20231217 6250
20231218 6250
20231219 6257
20231218 6250
20231220 6260
20231218 6250
20231221 6261
20231218 6250
20231222 6267
20231218 6250
20231223 6266
20231218 6250
20231224 6269
20231218 6250
20231225 6275
20231218 6250
20231226 6278
20231218 6250
20231227 6276
20231218 6250
20231230 6282
20231218 6250
20231231 6278
20231218 6250
20240101 6275
20231218 6250
20240102 6274
20231218 6250
20240103 6276
20231218 6250
20240104 6274
20231218 6250
20240105 6273
20231218 6250
20240106 6314
20231218 6250
20240107 6313
20240109 6313
20240110 6311
20240109 6313
20240111 6312
20240112 6312
20240113 6310
20240114 6310
20240115 6305
20240114 6310
20240116 6307
20240117 6310
20240114 6310
20240118 6313
20240114 6310
20240119 6316
20240114 6310
20240120 6318
20240114 6310
20240121 6316
20240114 6310
20240122 6320
20240114 6310
20240124 6326
20240114 6310
20240125 6329
20240114 6310
20240126 6333
20240114 6310
20240127 6335
20240128 6335
20240129 6336
20240128 6335
20240130 6342
20240128 6335
20240131 6347
20240128 6335
20240201 6349
20240128 6335
20240202 6351
20240128 6335
20240203 6353
20240128 6335
20240204 6356
20240128 6335
20240205 6357
20240206 6357
20240207 6362
20240206 6357
20240208 6366
20240206 6357
20240209 6362
20240206 6357
20240210 6359
20240206 6357
20240211 6361
20240212 6361
20240213 6362
20240214 6362
20240215 6361
20240214 6362
20240216 6365
20240214 6362
20240217 6363
20240218 6363
20240219 6364
20240220 6364
20240221 6366
20240220 6364
20240222 6362
20240220 6364
20240223 6363
20240220 6364
20240224 6362
20240225 6364
20240220 6364
20240226 6365
20240220 6364
20240227 6369
20240228 6369
20240229 6371
20240228 6369
20240301 6374
20240228 6369
20240302 6372
20240228 6369
20240303 6374
20240228 6369
20240304 6370
20240228 6369
20240305 6365
20240228 6369
20240306 6366
20240228 6369
20240307 6355
20240228 6369
20240308 6360
20240309 6360
20240310 6364
20240311 6360
20240309 6360
20240312 6361
20240309 6360
20240313 6364
20240309 6360
20240314 6368
20240309 6360
20240315 6371
20240309 6360
20240316 6370
20240309 6360
20240317 6367
20240309 6360
20240318 6365
20240319 6365
20240320 6363
20240321 6365
20240319 6365
20240322 6352
20240319 6365
20240323 6350
20240319 6365
20240324 6341
20240319 6365
20240325 6342
20240319 6365
20240326 6343
20240319 6365
20240327 6338
20240319 6365
20240328 6337
20240319 6365
20240329 6333
20240319 6365
20240330 6330
20240319 6365
20240331 6328
20240319 6365
20240401 6327
20240319 6365
20240402 6320
20240319 6365
20240403 6318
20240319 6365
20240404 6314
20240319 6365
20240405 6312
20240319 6365
20240406 6310
20240319 6365
20240407 6309
20240319 6365
20240408 6307
20240319 6365
20240409 6304
20240319 6365
20240410 6308
20240319 6365
20240411 6305
20240319 6365
20240412 6300
20240319 6365
20240413 6293
20240319 6365
20240415 6291
20240319 6365
20240416 6288
20240417 6288
20240418 6285
20240417 6288
20240419 6282
20240417 6288
20240420 6278
20240417 6288
20240421 6280
20240417 6288
20240422 6273
20240417 6288
20240423 6269
20240417 6288
20240424 6265
20240417 6288
20240425 6261
20240417 6288
20240426 6258
20240427 6258
20240428 6259
20240427 6258
20240429 6253
20240427 6258
20240430 6245
20240427 6258
20240501 6193
20240427 6258
20240503 6194
20240427 6258
20240504 6186
20240506 6186
20240507 6187
20240508 6187
20240509 6182
20240508 6187
20240510 6183
20240508 6187
20240511 6182
20240508 6187
20240512 6184
20240513 6184
20240514 6186
20240513 6184
20240515 6185
20240513 6184
20240516 6182
20240513 6184
20240517 6183
20240513 6184
20240518 6185
20240513 6184
20240519 6188
20240513 6184
20240520 6185
20240521 6185
20240522 6184
20240521 6185
20240523 6182
20240521 6185
20240524 6177
20240521 6185
20240525 6173
20240521 6185
20240526 6167
20240521 6185
20240527 6163
20240521 6185
20240528 6166
20240521 6185
20240529 6168
20240521 6185
20240530 6171
20240521 6185
20240531 6166
20240521 6185
20240601 6171
20240521 6185
20240602 6159
20240521 6185
20240603 6157
20240521 6185
20240604 6153
20240605 6153
20240606 6150
20240605 6153
20240609 6135
20240605 6153
20240611 6129
20240605 6153
20240612 6136
20240605 6153
20240613 6138
20240605 6153
20240614 6134
20240605 6153
20240615 6127
20240605 6153
20240616 6124
20240605 6153
20240617 6120
20240605 6153
20240618 6093
20240605 6153
20240620 6078
20240605 6153
20240621 6069
20240605 6153
20240622 6061
20240605 6153
20240623 6058
20240605 6153
20240624 6081
20240605 6153
20240626 6079
20240605 6153
20240627 6081
20240605 6153
20240628 6080
20240605 6153
20240629 6069
20240605 6153
20240630 6058
20240605 6153
20240701 6050
20240605 6153
20240702 6049
20240605 6153
20240703 6054
20240605 6153
20240704 6059
20240605 6153
20240705 6056
20240605 6153
20240706 6055
20240605 6153
20240707 6050
20240708 6050
20240709 6058
20240708 6050
20240710 6060
20240708 6050
20240711 6062
20240708 6050
20240712 6059
20240708 6050
20240713 6061
20240714 6061
20240715 6056
20240714 6061
20240716 6055
20240717 6061
20240714 6061
20240718 6066
20240714 6061
20240719 6070
20240714 6061
20240720 6072
20240721 6072
20240722 6076
20240721 6072
20240723 6075
20240724 6075
20240725 6059
20240724 6075
20240726 6060
20240724 6075
20240727 6057
20240728 6057
20240729 6054
20240728 6057
20240730 6047
20240728 6057
20240731 6051
20240728 6057
20240801 6048
20240728 6057
20240802 6031
20240803 6031
20240804 6036
20240803 6031
20240805 6037
20240803 6031
20240806 6034
20240803 6031
20240807 6032
20240808 6032
20240809 6031
20240808 6032
20240810 6028
20240811 6028
20240812 6027
20240811 6028
20240813 6031
20240811 6028
20240814 6032
20240811 6028
20240815 6033
20240811 6028
20240816 6027
20240811 6028
20240817 6025
20240811 6028
20240818 6020
20240811 6028
20240819 6019
20240811 6028
20240820 6022
20240811 6028
20240821 6016
20240811 6028
20240822 6015
20240811 6028
20240823 6016
20240811 6028
20240824 6015
20240811 6028
20240825 6018
20240811 6028
20240826 6020
20240811 6028
20240827 6021
20240828 6021
20240829 6022
20240828 6021
20240830 6026
20240828 6021
20240831 6027
20240828 6021
20240901 6025
20240828 6021
20240902 6022
20240828 6021
20240903 6020
20240828 6021
20240904 6024
20240828 6021
20240905 6027
20240828 6021
20240906 6032
20240907 6032
20240908 6030
20240907 6032
20240909 6029
20240907 6032
20240910 6025
20240907 6032
20240911 6024
20240907 6032
20240912 6028
20240907 6032
20240913 6027
20240907 6032
20240914 6028
20240907 6032
20240915 6029
20240907 6032
20240916 6025
20240907 6032
20240917 6028
20240918 6028
20240919 6029
20240918 6028
20240920 6032
20240918 6028
20240921 6033
20240918 6028
20240921 6034
20240918 6028
20240922 6033
20240918 6028
20240925 6035
20240926 6035
20240927 6037
20240926 6035
20240928 6040
20240926 6035
20240929 6039
20240926 6035
20240930 6032
20240926 6035
20241001 6036
20241001 6036
