20230707 28252
20230709 28357
20230710 28441
20230711 28510
20230712 28633
20230713 28604
20230714 28678
20230715 28769
20230730 30037
20230731 30140
20230801 30230
20230802 30289
20230803 30381
20230804 29967
20230805 30046
20230806 30256
20230807 30355
20230808 30612
20230809 30610
20230810 30794
20230811 30808
20230812 30779
20230813 31032
20230815 31194
20230816 31400
20230817 31354
20230818 31407
20230819 31554
20230820 31586
20230821 31751
20230822 31829
20230823 31900
20230824 31976
20230825 32097
20230826 32204
20230827 32116
20230828 32248
20230829 32275
20230830 32388
