20230707 98
20230715 98
20230730 99
20230731 99
20230801 100
20230802 101
20230811 101
20230812 102
20230906 102
20230907 103
20230915 103
20230916 104
20230919 104
20230920 102
20231005 102
20231007 104
20231026 104
20231027 105
20231212 105
20231213 106
20240125 106
20240126 105
20240127 106
20240130 106
20240131 108
20240201 109
20240307 109
20240308 110
20240328 110
20240329 111
20240416 111
20240417 112
20240424 112
20240425 114
20240606 114
20240609 115
20240624 115
20240626 116
20240627 116
20240628 116
20240629 116
20240630 116
20240701 116
20240702 116
20240703 117
20240704 117
20240705 117
20240706 117
20240707 117
20240708 117
20240709 117
20240710 117
20240711 117
20240712 117
20240713 117
20240714 117
20240715 117
20240716 117
20240717 117
20240718 117
20240719 117
20240720 117
20240721 117
20240722 117
20240723 117
20240724 117
20240725 117
20240726 118
20240727 118
20240728 118
20240729 118
