20230707 1960
20230709 1960
20230711 2583
20230712 2583
20230714 2584
20230715 2584
20230729 2586
20230731 2586
20230801 2586
20230802 2586
20230803 2586
20230804 2587
20230805 2596
20230806 2595
20230807 2596
20230808 2596
20230809 2597
20230810 2598
20230811 2598
20230812 2598
20230813 2598
20230816 2595
20230817 2596
20230818 2597
20230819 2597
20230820 2600
20230821 2597
20230822 2595
20230823 2596
20230824 2597
20230825 2598
20230826 2598
20230827 2599
20230828 2599
20230829 2600
20230830 2599
20230831 2598
20230901 2600
20230902 2600
20230903 2599
20230904 2600
20230905 2600
20230906 2606
20230908 2607
20230909 2607
20230910 2607
20230911 2608
20230912 2609
20230913 2609
