20230922 2327
20230924 2328
20230925 2325
20230926 2326
20230927 2326
20230928 2326
20230929 2328
20230930 2328
20231001 2329
20231002 2332
20231003 2332
20231005 2332
20231007 2332
20231008 2331
20231009 2333
20231010 2334
20231011 2334
20231012 2330
20231013 2331
20231014 2333
20231015 2333
20231016 2333
20231017 2333
20231018 2333
20231019 2333
20231020 2337
20231021 2333
20231022 2333
20231023 2333
20231024 2333
20231025 2335
20231026 2332
20231027 2333
20231028 2334
20231029 2334
20231030 2334
20231031 2334
20231101 2334
20231102 2334
20231103 2334
20231104 2334
20231105 2333
20231106 2333
20231107 2333
20231108 2333
20231109 2333
20231110 2333
20231111 2333
20231112 2332
20231113 2331
20231114 2331
20231115 2331
20231116 2330
20231117 2332
20231118 2332
20231120 2326
20231121 2328
20231122 2328
20231123 2329
20231124 2329
20231125 2329
20231126 2329
20231127 2330
20231128 2330
20231129 2330
20231130 2330
20231201 2330
20231202 2323
20231203 2324
20231204 2324
20231205 2324
20231206 2324
20231207 2329
20231208 2330
20231209 2330
20231210 2330
20231211 2330
20231212 2330
20231213 2330
20231214 2330
20231215 2331
20231216 2331
20231217 2331
20231218 2331
20231219 2331
20231220 2331
20231221 2331
20231222 2330
20231223 2329
20231224 2330
20231225 2330
20231226 2330
20231227 2330
20231230 2329
20231231 2329
20240101 2329
20240102 2329
20240103 2328
20240104 2328
20240105 2328
20240106 2328
20240107 2329
20240108 2330
20240109 2330
20240110 2330
20240111 2330
20240112 2330
20240113 2327
20240114 2327
20240115 2327
20240116 2330
20240117 2330
20240118 2331
20240119 2381
20240120 2321
20240121 2322
20240122 2323
20240124 2323
20240125 2323
20240126 2303
20240127 2329
20240128 2329
20240129 2331
20240130 2330
20240131 2330
20240201 2330
20240202 2333
20240203 2333
20240204 2334
20240205 2334
20240206 2334
20240207 2335
20240208 2335
20240209 2336
20240210 2336
20240211 2335
20240212 2335
20240213 2335
20240214 2335
20240215 2335
20240216 2335
20240217 2337
20240218 2338
20240219 2338
20240220 2338
20240221 2338
20240222 2336
20240223 2337
20240224 2337
20240225 2337
20240226 2337
20240227 2337
20240228 2337
20240229 2335
20240301 2335
20240302 2335
20240303 2335
20240304 2338
20240305 2339
20240306 2339
20240307 2339
20240308 2339
20240309 2339
20240310 2337
20240311 2337
20240312 2338
20240313 2338
20240314 2338
20240315 2338
20240316 2338
20240317 2333
20240318 2334
20240319 2334
20240320 2334
20240321 2335
20240322 2335
20240323 2335
20240324 2337
20240325 2335
20240326 2336
20240327 2336
20240328 2337
20240329 2338
20240330 2337
20240331 2337
20240401 2338
20240402 2338
20240403 2338
20240404 2338
20240405 2339
20240406 2344
20240407 2345
20240408 2347
20240409 2351
20240410 2351
20240411 2306
20240412 2305
20240413 2306
20240415 2306
20240416 2306
20240417 2306
20240418 2306
20240419 2305
20240420 2306
20240421 2306
20240422 2309
20240423 2309
20240424 2309
20240425 2309
20240426 2309
20240427 2308
20240428 2308
20240429 2308
20240430 2308
20240501 2308
