20230707 49
20230709 49
20230710 49
20230711 49
20230712 49
20230714 49
20230715 49
20230730 49
20230731 49
20230801 49
20230802 49
20230803 49
20230804 49
20230805 49
20230806 49
20230807 49
20230808 49
20230809 49
20230810 49
20230811 49
20230812 49
20230813 49
20230815 49
20230816 49
20230817 49
20230818 49
20230819 49
20230820 49
20230821 49
20230822 49
20230823 49
20230824 49
20230825 49
20230826 49
20230827 49
20230828 49
20230829 49
20230830 49
20230831 49
20230901 49
20230902 49
20230903 49
20230904 49
20230905 49
20230906 49
20230907 49
20230908 49
20230909 49
20230910 49
20230911 49
20230912 49
20230913 49
20230914 49
20230915 49
20230916 49
20230917 49
20230918 49
20230919 49
20230920 48
20230921 48
20230922 48
20230923 48
20230924 48
20230925 48
20230926 48
20230927 48
20230928 48
20230929 48
20230930 48
20231001 48
20231002 48
20231003 48
20231005 48
20231007 48
20231008 48
20231009 48
20231010 48
20231011 48
20231012 48
20231013 48
20231014 48
20231015 48
20231016 48
20231017 48
20231018 48
20231019 48
20231020 48
20231021 48
20231022 48
20231023 48
20231024 48
20231025 48
20231026 48
20231027 48
20231028 48
20231029 48
20231030 48
20231031 48
20231101 48
20231102 48
20231103 48
20231104 48
20231105 48
20231106 48
20231107 48
20231108 48
20231109 48
20231110 48
20231111 48
20231112 48
20231113 48
20231114 48
20231115 48
20231116 48
20231117 48
20231118 48
20231120 48
20231121 48
20231122 48
20231123 48
20231124 48
20231125 48
20231126 48
20231127 48
20231128 48
20231129 48
20231130 48
20231201 48
20231202 48
20231203 48
20231204 48
20231205 48
20231206 48
20231207 48
20231208 48
20231209 48
20231210 48
20231211 48
20231212 48
20231213 48
20231214 48
20231215 48
20231216 48
20231217 48
20231218 48
20231219 48
20231220 48
20231221 48
20231222 48
20231223 48
20231224 48
20231225 48
20231226 48
20231227 48
20231230 48
20231231 48
20240101 48
20240102 48
20240103 48
20240104 48
20240105 48
20240106 48
20240107 48
20240108 48
20240109 48
20240110 48
20240111 48
20240112 48
20240113 48
20240114 48
20240115 48
20240116 48
20240117 48
20240118 48
20240119 48
20240120 48
20240121 48
20240122 48
20240124 48
20240125 48
20240126 48
20240127 48
20240128 48
20240129 48
20240130 48
20240131 48
20240201 48
20240202 48
20240203 48
20240204 48
20240205 48
20240206 48
20240207 48
20240208 48
20240209 48
20240210 48
20240211 48
20240212 48
20240213 48
20240214 48
20240215 48
20240216 48
20240217 48
20240218 48
20240219 48
20240220 48
20240221 48
20240222 48
20240223 48
20240224 48
20240225 48
20240226 48
20240227 48
20240228 48
20240229 48
20240301 48
20240302 48
20240303 48
20240304 48
