20230922 9108
20230924 9111
20230925 9115
20230926 9118
20230927 9116
20230928 9118
20230929 9120
20230930 9117
20231001 9115
20231002 9117
20231003 9117
20231005 9130
20231007 9120
20231008 9125
20231009 9129
20231010 9137
20231011 9139
20231012 9134
20231013 9150
20231014 9157
20231015 9153
20231016 9153
20231017 9153
20231018 9156
20231019 9156
20231020 9144
20231021 9149
20231022 9155
20231023 9157
20231024 9163
20231025 9163
20231026 9161
20231027 9159
20231028 9158
20231029 9165
20231030 9164
20231031 9161
20231101 9165
20231102 9164
20231103 9165
20231104 9164
