20230707 63
20230709 63
20230710 63
20230711 63
20230712 63
20230714 64
20230715 64
20230730 64
20230731 64
20230801 64
20230802 64
20230803 64
20230804 64
20230805 64
20230806 64
20230807 64
20230808 64
20230809 64
20230810 64
20230811 64
20230812 64
20230813 64
20230815 64
20230816 64
20230817 64
20230818 64
20230819 64
20230820 64
20230821 64
20230822 64
20230823 64
20230824 64
20230825 64
20230826 64
20230827 64
20230828 64
20230829 64
20230830 64
20230831 64
20230901 64
20230902 64
20230903 64
20230904 64
20230905 64
20230906 64
20230907 64
20230908 64
20230909 64
20230910 64
20230911 64
20230912 64
20230913 64
20230914 64
20230915 64
20230916 64
20230917 64
20230918 64
20230919 64
20230920 62
20230921 62
20230922 62
20230923 62
20230924 62
20230925 62
20230926 62
20230927 62
20230928 62
20230929 62
20230930 62
20231001 62
20231002 62
20231003 62
20231005 62
20231007 62
20231008 62
20231009 62
20231010 62
20231011 62
20231012 62
20231013 63
20231014 63
20231015 63
20231016 63
20231017 63
20231018 63
20231019 63
20231020 63
20231021 63
20231022 63
20231023 63
20231024 63
20231025 63
20231026 63
20231027 63
20231028 63
20231029 63
20231030 63
20231031 63
20231101 63
20231102 63
20231103 63
20231104 63
20231105 63
20231106 63
20231107 63
20231108 63
20231109 63
20231110 63
20231111 63
20231112 63
20231113 63
20231114 63
20231115 63
20231116 63
20231117 63
20231118 63
20231120 63
20231121 63
20231122 63
20231123 63
20231124 63
20231125 63
20231126 63
20231127 63
20231128 63
20231129 63
20231130 63
20231201 63
20231202 63
20231203 63
20231204 63
20231205 63
20231206 63
20231207 63
20231208 63
20231209 63
20231210 63
20231211 63
20231212 63
20231213 63
20231214 63
20231215 63
20231216 63
20231217 63
20231218 63
20231219 63
20231220 63
20231221 63
20231222 63
20231223 63
20231224 63
20231225 63
20231226 63
20231227 63
20231230 63
20231231 63
20240101 63
20240102 63
20240103 63
20240104 63
20240105 63
20240106 63
20240107 63
20240108 63
20240109 63
20240110 63
20240111 63
20240112 63
20240113 63
20240114 63
20240115 63
20240116 63
20240117 63
20240118 63
20240119 63
20240120 63
20240121 63
20240122 63
20240124 63
20240125 63
20240126 63
20240127 63
20240128 63
20240129 63
20240130 63
20240131 63
20240201 63
20240202 63
20240203 63
20240204 63
20240205 63
20240206 63
20240207 63
20240208 63
20240209 63
20240210 63
20240211 63
20240212 63
20240213 63
20240214 63
20240215 63
20240216 63
20240217 63
20240218 63
20240219 63
20240220 63
20240221 63
20240222 63
20240223 63
20240224 63
20240225 63
20240226 63
20240227 63
20240228 63
20240229 63
20240301 63
20240302 63
20240303 63
20240304 63
20240305 63
20240306 63
20240307 63
20240308 63
20240309 63
20240310 63
20240311 63
20240312 63
20240313 63
20240314 63
20240315 63
20240316 63
20240317 63
20240318 63
20240319 63
20240320 63
20240321 63
20240322 63
20240323 63
20240324 63
20240325 63
20240326 63
20240327 63
20240328 63
20240329 63
20240330 63
20240331 63
20240401 63
20240402 63
20240403 63
20240404 63
20240405 63
20240406 63
20240407 63
20240408 63
20240409 63
20240410 63
20240411 63
20240412 63
20240413 63
20240415 63
20240416 63
20240417 63
20240418 63
20240419 63
20240420 63
20240421 63
20240422 63
20240423 63
20240424 63
20240425 63
20240426 63
20240427 63
20240428 63
20240429 63
20240430 63
20240501 63
20240503 63
20240504 63
20240505 63
20240506 63
20240507 63
20240508 63
20240509 63
20240510 63
20240511 63
20240512 63
20240513 63
20240514 63
20240515 63
20240516 63
20240517 63
20240518 63
20240519 63
20240520 63
20240521 63
20240522 63
20240523 63
20240524 63
20240525 63
20240526 63
20240527 63
20240528 63
20240529 63
20240530 63
20240531 63
20240601 63
20240602 63
20240603 63
20240604 63
20240605 63
20240606 63
20240609 63
20240611 63
20240612 63
20240613 63
20240614 63
20240615 63
20240616 63
20240617 63
