20230922 17262
20230924 17255
20230925 17265
20230926 17251
20230927 17253
20230928 17260
20230929 17258
20230930 17265
20231001 17246
20231002 17250
20231003 17249
20231005 17223
20231007 17213
20231008 17214
20231009 17129
20231010 17062
20231011 17059
20231012 17057
20231013 17057
20231014 17057
20231015 17058
20231016 17068
20231017 17068
20231018 17054
20231019 17054
20231020 16975
20231021 16970
20231022 16996
20231023 16991
20231024 16984
20231025 16973
20231026 16980
20231027 16986
20231028 16985
20231029 16970
20231030 16965
20231031 16956
20231101 16949
20231102 16808
20231103 16806
20231104 16806
20231105 16818
20231106 16812
20231107 16811
20231108 16811
20231109 16806
20231110 16812
20231111 16833
20231112 16837
20231113 16844
20231114 16839
20231115 16838
20231116 16844
20231117 16829
20231118 16827
20231120 16843
20231121 16847
20231122 16842
20231123 16858
20231124 16865
20231125 16882
20231126 16882
20231127 16886
20231128 16886
20231129 16891
20231130 16889
20231201 16893
20231202 16890
20231203 16896
20231204 16901
20231205 16898
20231206 16913
20231207 16927
20231208 16940
