20230707 3840
20230709 3830
20230710 3831
20230711 3831
20230712 3829
20230713 3831
20230714 3831
20230715 3828
20230730 3833
20230731 3837
20230801 3842
20230802 3837
20230803 3836
20230804 3839
20230805 3842
20230806 3845
20230807 3845
20230808 3844
20230809 3846
20230810 3846
20230811 3843
20230812 3842
20230813 3836
20230815 3841
20230816 3840
20230817 3842
20230818 3855
20230819 3858
20230820 3861
20230821 3865
20230822 3862
20230823 3858
20230824 3853
20230825 3868
20230826 3866
20230827 3860
20230828 3861
20230829 3865
20230830 3867
20230831 3867
20230901 3866
20230902 3870
20230903 3869
20230904 3869
20230905 3869
20230906 3876
20230907 3878
20230908 3876
20230909 3876
20230910 3876
20230911 3875
20230912 3872
20230913 3875
20230914 3878
20230915 3872
20230916 3880
20230917 3880
20230918 3879
20230919 3878
20230920 3517
20230921 3521
20230922 3530
20230923 3528
20230924 3526
20230925 3523
20230926 3526
20230927 3526
20230928 3523
20230929 3524
20230930 3526
20231001 3525
20231002 3526
20231003 3527
20231005 3538
20231007 3550
20231008 3535
20231009 3528
20231010 3520
20231011 3511
20231012 3511
20231013 3508
20231014 3509
20231015 3507
20231016 3503
20231017 3505
20231018 3505
20231019 3505
20231020 3506
20231021 3506
20231022 3500
20231023 3502
20231024 3506
20231025 3505
20231026 3504
20231027 3506
20231028 3507
20231029 3508
20231030 3510
20231031 3510
20231101 3518
20231102 3523
20231103 3522
20231104 3519
20231105 3519
20231106 3519
20231107 3518
20231108 3518
20231109 3512
20231110 3514
20231111 3514
20231112 3515
20231113 3514
20231114 3512
20231115 3511
20231116 3511
20231117 3516
20231118 3515
20231120 3513
20231121 3512
20231122 3510
20231123 3511
20231124 3514
20231125 3510
20231126 3509
20231127 3510
20231128 3508
20231129 3509
20231130 3508
20231201 3510
20231202 3514
20231203 3508
20231204 3506
20231205 3513
20231206 3511
20231207 3507
20231208 3508
20231209 3510
20231210 3508
20231211 3508
20231212 3502
20231213 3500
20231214 3507
20231215 3508
20231216 3507
20231217 3503
20231218 3499
20231219 3499
20231220 3496
20231221 3488
20231222 3489
