20230707 53567
20230709 53648
20230710 53737
20230711 53825
20230712 53930
20230713 54019
20230714 54109
20230715 54199
20230730 55912
20230731 55994
20230801 56012
20230802 56114
20230803 56247
20230804 56356
20230805 56441
20230806 56478
20230807 56495
20230808 56571
20230809 56642
20230810 56704
20230811 56770
20230812 56839
20230813 56882
20230815 57000
20230816 57090
20230817 57220
20230818 57314
20230819 57401
20230820 57439
20230821 57459
20230822 57545
20230823 57681
20230824 57782
20230825 57892
20230826 57978
20230827 57996
