20230707 29137
20230709 29133
20230710 29144
20230711 29135
20230712 29142
20230713 29146
20230714 29141
20230715 29146
20230730 29196
20230731 29206
20230801 29217
20230802 29237
20230803 29252
20230804 29249
20230805 29249
20230806 29235
20230807 29229
20230808 29234
20230809 29231
20230810 29238
20230811 29239
20230812 29237
20230813 29222
20230815 29196
20230816 29195
20230817 29220
20230818 29230
20230819 29236
20230820 29231
20230821 29225
20230822 29235
20230823 29224
20230824 29235
20230825 29247
20230826 29243
20230827 29241
20230828 29238
20230829 29242
20230830 29248
20230831 29257
20230901 29287
20230902 29293
20230903 29294
20230904 29296
20230905 29311
20230906 29302
20230907 29310
20230908 29328
20230909 29329
20230910 29325
20230911 29322
20230912 29327
20230913 29324
20230914 29319
20230915 29321
20230916 29316
20230917 29312
20230918 29303
20230919 29315
20230920 27041
20230921 27028
20230922 27037
20230923 27039
20230924 27037
20230925 27033
20230926 27022
20230927 27031
20230928 27036
20230929 27031
20230930 27009
20231001 27006
20231002 27007
20231003 26972
20231005 26868
20231007 26782
20231008 26728
20231009 26699
20231010 26647
20231011 26639
20231012 26644
20231013 26632
20231014 26558
20231015 26538
20231016 26526
20231017 26527
20231018 26527
20231019 26533
20231020 26545
20231021 26538
20231022 26529
20231023 26528
20231024 26535
20231025 26528
20231026 26524
20231027 26532
20231028 26541
20231029 26548
20231030 26539
20231031 26537
20231101 26540
