20230707 7
20230919 7
20230920 6
20240624 6
20240626 6
20240627 6
20240628 6
20240629 6
20240630 6
20240701 6
20240702 6
20240703 6
20240704 6
20240705 6
20240706 6
20240707 6
20240708 6
20240709 6
20240710 6
20240711 6
20240712 6
20240713 6
20240714 6
20240715 6
20240716 6
20240717 6
20240718 6
20240719 6
20240720 6
20240721 6
20240722 6
20240723 6
20240724 6
20240725 6
20240726 6
20240727 6
20240728 6
20240729 6
20240730 6
20240731 6
20240801 6
20240802 6
20240803 6
20240804 6
20240805 6
20240806 6
20240807 6
20240808 6
20240809 6
20240810 6
20240811 6
20240812 6
20240813 6
20240814 6
20240815 6
20240816 6
20240817 6
20240818 6
20240819 6
20240820 6
20240821 6
20240822 6
20240823 6
20240824 6
20240825 6
20240826 6
20240827 6
20240828 6
20240829 6
20240830 6
20240831 6
20240901 6
20240902 6
20240903 6
20240904 6
20240905 6
20240906 6
20240907 6
20240908 6
20240909 6
20240910 6
20240911 6
20240912 6
20240913 6
