20230707 11963
20230709 11957
20230710 11952
20230711 11958
20230712 11947
20230713 11953
20230714 11955
20230715 11949
20230730 11968
20230731 11985
20230801 12006
20230802 12009
20230803 12015
20230804 12018
20230805 12028
20230806 12027
20230807 12034
20230808 12038
20230809 12043
20230810 12041
20230811 12052
20230812 12053
20230813 12045
20230815 12049
20230816 12053
20230817 12064
20230818 12067
20230819 12068
20230820 12062
20230821 12055
20230822 12068
20230823 12067
20230824 12072
20230825 12080
20230826 12080
20230827 12083
20230828 12082
20230829 12087
20230830 12108
