20230707 100204
20230709 100196
20230710 100190
20230711 100242
20230712 100275
20230713 100322
20230714 100335
20230715 100377
20230730 100545
20230731 100544
20230801 100590
20230802 100648
20230803 100662
20230804 100694
20230805 100763
20230806 100770
20230807 100734
20230808 100801
20230809 100888
20230810 100904
20230811 100912
20230812 100925
20230813 100945
20230815 101018
20230816 101061
20230817 101119
20230818 101223
20230819 101280
20230820 101289
20230821 101298
20230822 101355
20230823 101385
20230824 101408
20230825 101447
20230826 101476
20230827 101474
20230828 101466
20230829 101534
20230830 101577
20230831 101637
20230901 101662
20230902 101718
20230903 101722
20230904 101731
20230905 101750
20230906 101836
20230907 101916
20230908 101953
20230909 102016
20230910 102038
