20230707 2154
20230709 2156
20230710 2156
20230711 2153
20230712 2153
20230713 2151
20230714 2151
20230715 2152
20230730 2167
20230731 2168
20230801 2168
20230802 2175
20230803 2178
20230804 2178
20230805 2183
20230806 2182
20230807 2184
20230808 2183
20230809 2186
20230810 2188
20230811 2186
20230812 2185
20230813 2190
20230815 2194
20230816 2197
20230817 2199
20230818 2195
20230819 2194
20230820 2194
20230821 2194
20230822 2195
20230823 2196
20230824 2203
20230825 2205
20230826 2205
20230827 2204
20230828 2203
20230829 2203
20230830 2204
20230831 2205
20230901 2207
20230902 2207
20230903 2209
20230904 2210
20230905 2209
20230906 2210
20230907 2209
20230908 2210
20230909 2212
20230910 2215
20230911 2212
20230912 2211
20230913 2210
20230914 2209
20230915 2209
20230916 2209
20230917 2209
20230918 2209
20230919 2209
20230920 1754
20230921 1757
20230922 1761
20230923 1762
20230924 1762
20230925 1762
20230926 1762
20230927 1757
20230928 1756
20230929 1757
20230930 1758
20231001 1757
20231002 1757
20231003 1757
20231005 1755
20231007 1753
20231008 1754
20231009 1754
20231010 1754
20231011 1750
20231012 1748
20231013 1748
20231014 1748
20231015 1748
20231016 1749
20231017 1745
20231018 1743
20231019 1739
20231020 1741
20231021 1739
20231022 1738
20231023 1737
20231024 1736
20231025 1734
20231026 1734
20231027 1736
20231028 1737
20231029 1739
20231030 1739
20231031 1740
20231101 1737
20231102 1737
20231103 1742
20231104 1742
20231105 1742
20231106 1741
20231107 1739
20231108 1739
20231109 1739
20231110 1740
20231111 1739
20231112 1739
20231113 1739
20231114 1739
20231115 1739
20231116 1737
20231117 1738
20231118 1736
20231120 1737
20231121 1738
20231122 1740
20231123 1742
20231124 1743
20231125 1746
20231126 1746
20231127 1746
20231128 1746
20231129 1745
20231130 1745
20231201 1745
20231202 1746
20231203 1745
20231204 1745
20231205 1745
20231206 1748
20231207 1748
20231208 1748
20231209 1747
20231210 1766
20231211 1767
20231212 1770
20231213 1793
20231214 1794
20231215 1795
20231216 1796
20231217 1795
20231218 1796
20231219 1797
