20220928 1067
20221028 1105
20221128 1128
20221228 1151
20230128 1137
20230228 1143
20230328 1169
20230428 1182
20230528 1201
20230628 1213
20230728 1221
20231115 1092
20231116 1099
20231117 1099
20231118 1102
20231121 1102
20231122 1103
20231123 1103
20231124 1102
20231125 1098
20231126 1099
20231127 1098
20231128 1099
20231129 1095
20231130 1097
20231201 1095
20231202 1094
20231203 1094
20231204 1096
20231205 1097
20231206 1098
20231207 1095
20231208 1095
20231209 1094
20231210 1117
20231211 1120
20231212 1126
20231213 1147
20231214 1147
20231215 1148
20231216 1151
20231217 1150
20231218 1148
20231219 1150
20231223 1150
20231224 1151
20231225 1156
20231226 1156
20231227 1155
20231230 1155
20231231 1154
20240101 1147
20240102 1147
20240103 1138
20240104 1136
20240105 1144
20240106 1150
20240107 1138
20240108 1137
20240109 1139
20240110 1137
20240111 1136
20240114 1136
20240115 1135
20240116 1135
20240117 1136
20240118 1138
20240119 1141
20240120 1142
20240121 1144
20240122 1144
20240124 1143
20240125 1140
20240126 1140
20240127 1148
20240128 1149
20240129 1151
20240130 1155
20240131 1162
20240201 1163
20240202 1166
20240203 1165
20240204 1166
20240205 1172
20240206 1174
20240207 1179
20240208 1179
20240209 1175
20240210 1176
20240211 1175
20240212 1176
20240213 1176
20240214 1178
20240215 1177
20240216 1177
20240217 1185
20240219 1185
20240220 1186
20240221 1188
20240222 1186
20240223 1188
20240224 1195
20240225 1195
20240226 1194
20240227 1194
20240228 1195
20240229 1195
20240301 1196
20240302 1196
20240303 1195
20240305 1195
20240306 1196
20240307 1197
20240308 1193
20240309 1192
20240310 1194
20240311 1195
20240312 1196
20240313 1194
20240314 1195
20240315 1196
20240316 1197
20240317 1196
20240318 1196
20240319 1199
20240320 1199
20240321 1201
20240322 1207
20240323 1205
20240325 1205
20240326 1203
20240327 1208
20240328 1208
20240329 1207
20240330 1206
20240331 1206
20240401 1207
20240402 1207
20240403 1209
20240404 1211
20240405 1212
20240406 1212
20240407 1215
20240408 1213
20240409 1214
20240410 1215
20240411 1215
20240412 1217
20240413 1218
20240415 1218
20240416 1220
20240417 1221
20240418 1224
20240419 1223
20240421 1223
20240422 1224
20240423 1223
20240424 1223
20240425 1225
20240426 1233
20240427 1236
20240428 1238
20240429 1243
20240430 1244
20240501 1243
20240503 1245
20240504 1247
20240505 1249
20240506 1249
20240507 1250
20240508 1250
20240509 1249
20240510 1247
20240511 1243
20240512 1242
20240513 1243
20240514 1247
20240515 1249
20240516 1249
20240517 1252
20240518 1252
20240519 1253
20240520 1255
20240521 1256
20240522 1265
20240523 1274
20240524 1290
20240525 1292
20240526 1299
20240527 1307
20240528 1329
20240529 1331
20240530 1335
20240531 1335
20240601 1336
20240602 1338
20240603 1339
20240604 1337
20240605 1337
20240606 1342
20240609 1337
20240611 1342
20240612 1347
20240613 1359
20240614 1365
20240615 1365
20240616 1369
20240618 1369
20240620 1371
20240621 1373
20240622 1372
20240623 1374
20240624 1370
20240626 1371
20240627 1371
20240628 1379
20240629 1380
20240630 1380
20240701 1382
20240702 1385
20240703 1383
20240706 1383
20240707 1384
20240708 1384
20240709 1383
20240712 1383
20240713 1384
20240714 1383
20240716 1383
20240717 1385
20240718 1388
20240719 1388
20240720 1391
20240721 1394
20240722 1398
20240723 1399
20240724 1399
20240725 1422
20240726 1425
20240727 1436
20240728 1440
20240729 1442
20240730 1449
20240731 1456
20240801 1463
20240802 1472
20240803 1479
20240804 1483
20240805 1483
20240806 1487
20240807 1492
20240808 1491
20240809 1491
20240810 1493
20240811 1492
20240812 1493
20240813 1493
20240814 1494
20240815 1495
20240816 1494
20240817 1494
20240818 1492
20240819 1485
20240820 1483
20240821 1483
20240822 1476
20240823 1478
20240824 1480
20240825 1484
20240827 1484
20240828 1485
20240829 1483
20240830 1483
20240831 1484
20240903 1484
20240904 1485
20240905 1485
20240906 1484
20240907 1484
20240908 1485
20240911 1485
20240912 1486
20240913 1488
20240914 1488
20240915 1489
20240916 1494
20240917 1496
20240918 1494
20240919 1493
20240920 1496
20240925 1496
20240926 1495
20240927 1494
20240928 1498
20240929 1498
20240930 1499
20241001 1497
20241002 1502
20241003 1501
20241004 1500
20241005 1497
20241006 1497
20241007 1498
20241008 1500
20241009 1506
20241010 1509
20241011 1508
20241012 1508
20241013 1506
20241014 1505
20241015 1506
20241016 1505
20241017 1505
20241018 1506
20241019 1507
20241020 1509
20241021 1511
20241022 1513
20241023 1510
20241024 1509
20241025 1509
20241026 1511
20241027 1510
20241029 1510
20241030 1514
20241031 1515
20241101 1513
20241102 1515
20241103 1516
20241104 1511
20241105 1511
20241106 1512
20241107 1520
20241108 1520
20241109 1517
20241110 1517
20241111 1515
20241112 1516
20241113 1507
20241114 1512
20241115 1516
20241116 1525
20241117 1518
20241118 1517
20241119 1518
20241120 1516
20241121 1516
20241122 1515
20241123 1516
20241124 1515
20241125 1515
20241126 1518
20241127 1518
20241128 1517
20241129 1516
20241130 1517
20241201 1519
20241202 1519
20241203 1520
20241204 1520
20241205 1519
20241206 1520
20241207 1523
20241208 1523
20241209 1525
20241212 1525
20241213 1526
20241214 1521
20241215 1523
20241218 1523
20241219 1524
20241220 1527
20241221 1530
20241222 1525
20241223 1516
20241224 1523
20241225 1529
20241226 1527
20241227 1529
20241228 1528
20250102 1528
20250103 1530
20250104 1530
20250105 1532
20250106 1536
20250107 1536
20250108 1534
20250109 1536
20250110 1537
20250111 1537
20250112 1538
20250113 1541
20250114 1547
20250115 1548
20250116 1549
20250117 1549
20250118 1550
20250119 1534
20250120 1533
20250121 1533
20250122 1535
20250123 1530
20250124 1534
20250125 1522
20250126 1521
20250127 1522
20250128 1527
20250129 1534
20250130 1535
20250131 1536
20250202 1536
20250203 1531
20250204 1532
20250205 1534
20250206 1534
20250207 1536
20250208 1535
20250210 1538
20250211 1537
20250212 1538
20250213 1540
20250214 1542
20250215 1539
20250217 1539
20250218 1529
20250219 1529
20250220 1530
20250221 1539
20250222 1541
20250224 1541
20250225 1542
20250226 1544
20250227 1543
20250228 1543
20250301 1542
20250302 1541
20250303 1542
20250304 1544
20250305 1545
20250306 1545
20250307 1546
20250308 1547
20250309 1546
20250310 1545
20250311 1547
20250312 1544
20250313 1545
20250314 1547
20250315 1548
20250316 1550
20250317 1547
20250318 1546
20250319 1543
20250320 1543
20250321 1544
20250322 1545
20250323 1547
20250324 1548
20250326 1549
20250327 1549
20250328 1546
20250329 1547
20250330 1536
20250331 1539
20250401 1540
20250402 1541
20250403 1544
20250404 1546
20250405 1547
20250406 1547
20250407 1548
20250408 1545
20250409 1549
20250410 1547
20250411 1551
20250412 1552
20250413 1552
20250414 1553
20250415 1554
20250416 1555
20250417 1555
20250418 1556
20250419 1555
20250420 1555
20250421 1552
20250422 1555
20250423 1555
20250424 1561
20250426 1561
20250427 1557
20250428 1554
20250429 1555
20250430 1556
20250501 1560
20250502 1563
20250503 1562
20250504 1565
20250506 1565
20250507 1566
20250508 1566
20250509 1565
20250510 1566
20250511 1564
20250512 1562
20250513 1562
20250514 1566
20250515 1568
20250516 1569
20250517 1567
20250518 1563
20250519 1562
20250520 1565
20250521 1566
20250522 1569
20250523 1569
20250524 1571
20250525 1567
20250527 1567
20250528 1576
20250529 1576
20250530 1575
20250531 1570
20250601 1570
20250602 1574
20250603 1575
20250604 1577
20250605 1573
20250606 1572
20250607 1570
20250608 1565
20250609 1566
20250610 1566
20250611 1572
20250612 1572
20250613 1571
20250614 1572
20250615 1570
20250616 1570
20250617 1569
20250618 1571
20250619 1573
20250620 1574
20250621 1575
20250622 1573
20250625 1573
20250626 1570
20250627 1572
20250628 1569
20250629 1568
20250630 1566
20250701 1564
20250702 1552
20250703 1544
20250704 1533
20250705 1532
20250706 1526
20250707 1513
20250708 1510
20250709 1505
20250710 1503
20250711 1503
20250712 1500
20250713 1501
20250714 1504
20250715 1505
20250716 1505
20250717 1500
20250718 1500
20250719 1504
20250720 1504
20250722 1493
20250723 1485
20250724 1484
20250725 1478
20250726 1472
20250727 1474
20250728 1475
20250729 1479
20250731 1479
20250801 1478
20250802 1478
20250803 1480
20250804 1477
20250805 1477
20250806 1479
20250807 1483
20250808 1485
20250810 1483
20250811 1483
20250812 1485
20250813 1482
20250814 1486
20250815 1486
20250816 1488
20250817 1486
20250818 1487
20250819 1487
20250820 1486
20250821 1484
20250822 1484
20250823 1485
20250824 1487
20250825 1486
20250826 1487
20250827 1484
20250828 1486
20250829 1484
20250830 1484
20250831 1480
20250901 1479
20250902 1478
20250903 1469
20250904 1466
20250905 1461
20250906 1456
20250907 1452
20250908 1451
20250909 1452
20250910 1444
20250911 1436
20250912 1438
20250913 1438
20250914 1436
20250915 1432
20250916 1428
20250917 1429
20250918 1428
20250919 1428
20250920 1426
20250921 1428
20250922 1429
20250923 1430
20250925 1430
20250926 1428
20250927 1430
20250928 1433
20250929 1434
20250930 1435
20251001 1437
20251002 1438
20251003 1441
20251004 1441
20251005 1439
20251006 1426
20251007 1423
20251008 1423
20251009 1422
20251010 1421
20251011 1422
20251012 1424
20251013 1424
20251014 1425
20251015 1427
20251016 1428
20251017 1429
20251018 1430
20251019 1434
20251020 1434
20251021 1435
20251022 1437
20251023 1436
20251024 1437
20251025 1439
20251026 1443
20251027 1445
20251028 1446
20251029 1448
20251030 1446
20251031 1447
20251101 1448
20251102 1450
20251103 1451
