20230707 399983
20230709 400027
20230710 399879
20230711 400249
20230712 401217
20230713 402310
20230714 403170
20230715 403425
20230730 403450
20230731 403400
20230801 398751
20230802 398907
20230803 398830
20230804 398544
20230805 398699
20230806 398542
20230807 398507
20230808 398901
20230809 399042
20230810 399249
20230811 399234
20230812 398879
20230813 398495
20230815 397232
20230816 397224
20230817 397257
20230818 396291
20230819 396508
20230820 396489
20230821 396271
20230822 396233
20230823 396512
20230824 396476
20230825 396657
20230826 396363
20230827 396552
20230828 395903
20230829 395500
20230830 395999
20230831 396272
20230901 396391
20230902 395509
20230903 395343
20230904 394974
20230905 395046
20230906 395205
20230907 395139
20230908 395104
20230909 395445
20230910 395277
20230911 395197
20230912 395397
20230913 395332
20230914 395465
20230915 394677
20230916 394738
20230917 394663
20230918 392705
20230919 391155
20230920 378803
20230921 379287
20230922 379272
20230923 379444
20230924 379216
20230925 378866
20230926 379101
20230927 378949
20230928 378964
20230929 379081
20230930 379184
20231001 380627
20231002 380605
20231003 380955
20231005 381368
20231007 381522
20231008 381440
20231009 381473
20231010 381787
20231011 381958
20231012 382380
20231013 382542
20231014 382716
20231015 382477
20231016 381740
20231017 383793
20231018 384128
20231019 384243
20231020 384707
20231021 384865
20231022 384749
20231023 384666
20231024 384852
20231025 385022
20231026 384274
20231027 384383
20231028 384239
20231029 384038
20231030 384018
20231031 383918
20231101 383679
20231102 383641
20231103 383625
20231104 383700
20231105 383750
20231106 383646
20231107 384034
20231108 383986
20231109 384204
20231110 384333
20231111 384462
20231112 384085
20231113 383897
20231114 383851
20231115 383919
20231116 383985
20231117 382316
20231118 381677
20231120 381421
20231121 381828
20231122 382051
20231123 382256
20231124 381978
20231125 381769
20231126 381618
20231127 381526
20231128 382038
20231129 381843
20231130 382765
20231201 382816
20231202 383020
20231203 382792
20231204 382705
20231205 382748
20231206 383393
20231207 383489
20231208 383523
20231209 383455
20231210 383322
20231211 383201
20231212 383061
20231213 382424
20231214 382323
20231215 382394
20231216 382471
20231217 382302
20231218 382072
20231219 382308
20231220 382281
20231221 382606
20231222 382470
20231223 382316
20231224 382073
20231225 381816
20231226 381812
20231227 381837
20231230 382148
20231231 381785
20240101 381608
20240102 381171
20240103 381077
20240104 381477
20240105 381546
20240106 381579
20240107 381708
20240108 381551
20240109 381991
20240110 382453
20240111 382584
20240112 382789
20240113 382990
20240114 383231
20240115 383196
20240116 383668
20240117 383955
20240118 384046
20240119 384194
20240120 384193
20240121 384302
20240122 384414
20240124 385156
20240125 385575
20240126 385666
20240127 385715
20240128 385326
20240129 385352
20240130 385813
20240131 386078
20240201 386262
20240202 386777
20240203 387367
20240204 387159
20240205 387192
20240206 387532
20240207 388352
20240208 388750
20240209 388821
20240210 388863
20240211 388620
20240212 388433
20240213 388872
20240214 389011
20240215 388868
20240216 388496
20240217 387906
20240218 387619
20240219 387193
20240220 387095
20240221 387092
20240222 387104
20240223 387072
20240224 386843
20240225 386523
