20230707 9699
20230709 9699
20230710 9699
20230711 9700
20230712 9700
20230714 9700
20230715 9702
20230730 9701
20230731 9701
20230801 9701
20230802 9701
20230803 9701
20230804 9701
20230805 9701
20230806 9701
20230807 9701
20230808 9700
20230809 9700
20230810 9700
20230811 9700
20230812 9700
20230813 9700
20230815 9703
20230816 9703
20230817 9703
20230818 9703
20230819 9703
20230820 9703
20230821 9698
20230822 9698
20230823 9698
20230824 9698
20230825 9698
20230826 9698
20230827 9698
20230828 9698
20230829 9698
20230830 9698
20230831 9698
20230901 9699
20230902 9699
20230903 9699
20230904 9697
20230905 9697
20230906 9697
20230907 9698
20230908 9699
20230909 9699
20230910 9699
20230911 9699
20230912 9699
20230913 9699
20230914 9698
20230915 9700
20230916 9700
20230917 9700
20230918 9700
20230919 9700
20230920 9576
20230921 9575
20230922 9575
20230923 9576
20230924 9576
20230925 9576
20230926 9576
20230927 9578
