20230707 3
20230919 3
20230920 1
20250402 1
20250403 38
20250404 46
20250405 50
20250407 50
20250408 56
20250409 71
20250410 74
20250411 75
20250412 79
20250414 79
20250415 84
20250416 92
20250417 93
20250418 98
20250422 98
20250423 99
20250424 99
20250425 100
20250428 100
20250429 103
20250430 104
20250501 105
20250502 107
20250512 107
20250513 109
20250514 109
20250515 110
20250516 111
20250517 121
20250518 123
20250519 123
20250520 351
20250521 372
20250522 393
20250523 403
20250524 407
20250525 410
20250526 413
20250527 417
20250528 423
20250529 430
20250530 430
20250531 436
20250601 437
20250602 447
20250603 450
20250604 453
20250605 454
20250606 462
20250607 463
20250608 468
20250609 470
20250610 472
20250611 474
20250612 477
20250613 479
20250614 481
20250615 482
20250616 484
20250617 488
20250618 489
20250619 489
20250620 490
20250621 494
20250622 497
20250623 498
20250624 498
20250625 505
20250626 506
20250627 507
20250628 512
20250629 515
20250630 516
20250701 519
20250702 525
20250703 527
20250704 533
20250705 536
20250706 538
20250707 543
20250708 553
20250709 556
20250710 576
20250711 578
20250712 578
20250713 582
20250714 582
20250715 586
20250716 587
20250717 588
20250718 592
20250719 593
20250720 596
20250722 604
20250723 609
20250724 610
20250725 613
20250726 615
20250727 617
20250728 620
20250729 623
20250730 626
20250731 631
20250801 633
20250802 638
20250803 642
20250804 643
20250805 644
20250806 646
20250807 651
20250808 652
20250810 660
20250811 660
20250812 663
20250813 666
20250814 670
20250815 671
20250816 672
20250817 674
20250818 674
20250819 682
20250820 687
20250821 689
20250822 693
20250823 697
20250824 699
20250825 700
20250826 703
20250827 707
20250828 708
20250829 715
20250830 720
20250831 720
20250901 724
20250902 728
20250903 730
20250904 734
20250905 737
20250906 739
20250907 740
20250908 740
20250909 743
20250910 749
20250911 750
20250912 752
20250913 752
20250914 753
20250915 756
20250916 757
20250917 765
20250918 767
20250919 769
20250920 772
20250921 773
20250922 776
20250923 778
20250924 779
