20230922 3836
20230924 3837
20230925 3837
20230926 3837
20230927 3837
20230928 3839
20230929 3840
20230930 3841
20231001 3841
20231002 3843
20231003 3846
20231005 3846
20231007 3846
20231008 3847
20231009 3850
20231010 3851
20231011 3851
20231012 3851
20231013 3852
20231014 3852
20231015 3852
20231016 3854
20231017 3854
20231018 3855
20231019 3855
20231020 3859
20231021 3860
20231022 3860
20231023 3862
20231024 3862
20231025 3862
20231026 3862
20231027 3862
20231028 3864
20231029 3865
20231030 3865
20231031 3867
20231101 3868
20231102 3869
20231103 3871
20231104 3871
20231105 3874
20231106 3874
20231107 3876
20231108 3876
20231109 3877
20231110 3881
20231111 3881
20231112 3882
20231113 3884
20231114 3885
20231115 3886
20231116 3887
20231117 3888
20231118 3891
20231120 3891
20231121 3891
20231122 3892
20231123 3892
20231124 3891
20231125 3891
20231126 3893
20231127 3893
20231128 3895
20231129 3895
20231130 3895
20231201 3895
20231202 3895
20231203 3895
20231204 3898
20231205 3899
20231206 3899
20231207 3900
20231208 3900
20231209 3905
20231210 3909
20231211 3912
20231212 3913
20231213 3913
20231214 3913
20231215 3913
20231216 3915
20231217 3917
20231218 3919
20231219 3921
20231220 3921
20231221 3921
20231222 3921
20231223 3923
20231224 3925
20231225 3925
20231226 3925
20231227 3926
20231230 3927
20231231 3929
20240101 3929
20240102 3929
20240103 3929
20240104 3930
20240105 3930
20240106 3930
20240107 3932
20240108 3932
20240109 3933
20240110 3933
20240111 3936
20240112 3939
20240113 3939
20240114 3940
20240115 3941
20240116 3944
20240117 3945
20240118 3945
20240119 3933
20240120 3948
20240121 3949
20240122 3951
20240124 3954
20240125 3955
20240126 3955
20240127 3958
20240128 3973
20240129 4000
20240130 4016
20240131 4108
20240201 4133
20240202 4204
20240203 4215
20240204 4234
20240205 4190
20240206 3818
20240207 3835
20240208 3850
20240209 3862
20240210 3892
20240211 3898
20240212 3903
20240213 3908
20240214 3908
20240215 3908
20240216 3915
20240217 3916
20240218 3916
20240219 3916
20240220 3918
20240221 3920
20240222 3920
20240223 3921
20240224 3923
20240225 3931
20240226 3933
20240227 3933
20240228 3933
20240229 3933
20240301 3927
20240302 3933
20240303 3935
20240304 3937
20240305 3941
20240306 3941
20240307 3942
20240308 3946
20240309 3946
