20230922 204
20230924 204
20230925 205
20230926 205
20230927 206
20230928 206
20230929 206
20230930 207
20231001 209
20231002 209
20231003 209
20231005 211
20231007 211
20231008 211
20231009 211
20231010 211
20231011 212
20231012 212
20231013 212
20231014 213
20231015 213
20231016 213
20231017 213
20231018 214
20231019 214
20231020 216
20231021 218
20231022 218
20231023 222
20231024 222
20231025 222
20231026 225
20231027 225
20231028 225
20231029 225
20231030 225
20231031 225
20231101 225
20231102 226
20231103 226
20231104 226
20231105 226
20231106 226
20231107 226
20231108 226
20231109 226
20231110 226
20231111 226
20231112 226
20231113 226
20231114 227
20231115 227
20231116 228
20231117 228
20231118 228
20231120 229
20231121 230
20231122 230
20231123 230
20231124 230
20231125 230
20231126 231
20231127 231
20231128 231
20231129 232
20231130 233
20231201 234
20231202 234
20231203 234
20231204 235
20231205 236
20231206 236
20231207 236
20231208 236
20231209 236
20231210 236
20231211 236
20231212 236
20231213 236
20231214 236
20231215 237
20231216 238
20231217 239
20231218 239
20231219 240
20231220 242
20231221 242
20231222 242
20231223 242
20231224 244
20231225 244
20231226 244
20231227 246
20231230 246
20231231 248
20240101 248
20240102 249
20240103 249
20240104 249
20240105 249
20240106 249
20240107 249
20240108 249
20240109 249
20240110 250
20240111 251
20240112 251
20240113 252
20240114 261
20240115 261
20240116 261
20240117 261
20240118 261
20240119 165
20240120 262
20240121 262
20240122 263
20240124 263
20240125 263
20240126 263
20240127 263
20240128 263
20240129 263
