20230922 29424
20230924 29333
20230925 29277
20230926 29252
20230927 29236
20230928 29214
20230929 29186
20230930 29184
20231001 29176
20231002 29166
20231003 29153
20231005 29121
20231007 29113
20231008 29109
20231009 29103
20231010 29106
20231011 29110
20231012 29099
20231013 29089
20231014 29092
20231015 29098
20231016 29061
20231017 29061
20231018 28907
20231019 28907
20231020 28584
20231021 28335
20231022 28083
20231023 27876
20231024 27701
20231025 27466
20231026 27329
20231027 27176
20231028 27085
20231029 26963
20231030 26843
20231031 26747
20231101 26660
20231102 26385
20231103 26233
20231104 26079
20231105 25948
20231106 25894
20231107 25803
20231108 25803
