20230707 121
20230709 121
20230710 121
20230711 121
20230712 121
20230714 121
20230715 121
20230730 121
20230731 121
20230801 121
20230802 121
20230803 121
20230804 121
20230805 121
20230806 121
20230807 121
20230808 121
20230809 121
20230810 121
20230811 121
20230812 121
20230813 121
20230815 121
20230816 121
20230817 121
20230818 121
20230819 121
20230820 121
20230821 121
20230822 121
20230823 121
20230824 121
20230825 121
20230826 121
20230827 121
20230828 121
20230829 121
20230830 121
20230831 121
20230901 121
20230902 121
20230903 121
20230904 121
20230905 121
20230906 121
20230907 121
20230908 121
20230909 121
20230910 121
20230911 121
20230912 121
20230913 121
20230914 121
20230915 121
20230916 121
20230917 121
20230918 121
20230919 121
20230920 119
20230921 119
20230922 119
20230923 119
20230924 119
20230925 119
20230926 119
20230927 119
20230928 119
20230929 119
20230930 121
20231001 121
20231002 121
20231003 121
20231005 121
20231007 121
20231008 121
20231009 121
20231010 121
20231011 121
20231012 121
20231013 121
20231014 121
20231015 121
20231016 121
20231017 121
20231018 121
20231019 121
20231020 121
20231021 121
20231022 121
20231023 121
20231024 121
20231025 121
20231026 121
20231027 121
20231028 121
20231029 121
20231030 121
20231031 121
20231101 121
20231102 121
20231103 121
20231104 121
20231105 121
20231106 121
20231107 121
20231108 121
20231109 121
20231110 121
20231111 121
20231112 121
20231113 121
20231114 121
20231115 121
20231116 121
20231117 121
20231118 121
20231120 121
20231121 121
20231122 121
20231123 121
20231124 121
20231125 121
20231126 121
20231127 121
20231128 121
20231129 121
20231130 121
20231201 121
20231202 121
20231203 121
20231204 121
20231205 121
20231206 121
20231207 121
20231208 121
20231209 121
20231210 121
20231211 121
20231212 121
20231213 121
20231214 121
20231215 121
20231216 121
20231217 121
20231218 121
20231219 121
20231220 121
20231221 121
20231222 121
20231223 121
20231224 121
20231225 121
20231226 121
20231227 121
20231230 121
20231231 121
20240101 121
20240102 121
20240103 121
20240104 121
20240105 121
20240106 121
20240107 121
20240108 121
20240109 121
20240110 121
20240111 121
20240112 121
20240113 121
20240114 121
20240115 121
20240116 121
20240117 121
20240118 121
20240119 121
20240120 121
20240121 121
20240122 121
20240124 121
20240125 121
20240126 121
20240127 121
20240128 121
20240129 121
20240130 121
20240131 121
20240201 121
20240202 121
20240203 121
20240204 121
20240205 121
20240206 121
20240207 121
20240208 121
20240209 121
20240210 121
20240211 121
20240212 121
20240213 121
20240214 121
20240215 121
20240216 121
20240217 121
20240218 121
20240219 121
20240220 121
20240221 121
20240222 121
20240223 121
20240224 121
20240225 121
20240226 121
20240227 121
20240228 121
20240229 121
20240301 121
20240302 121
20240303 121
20240304 121
20240305 121
20240306 121
20240307 121
20240308 121
20240309 121
20240310 121
20240311 121
20240312 121
20240313 121
20240314 121
20240315 121
20240316 121
20240317 121
20240318 121
20240319 121
20240320 121
20240321 121
20240322 121
20240323 121
20240324 121
20240325 121
20240326 121
20240327 121
20240328 121
20240329 121
20240330 121
20240331 121
20240401 121
20240402 121
20240403 121
20240404 121
20240405 121
20240406 121
20240407 121
20240408 121
20240409 121
20240410 121
20240411 121
20240412 121
20240413 121
20240415 121
20240416 121
20240417 121
20240418 121
20240419 121
20240420 121
20240421 121
20240422 121
20240423 121
20240424 121
20240425 121
20240426 121
20240427 121
20240428 121
20240429 121
20240430 121
20240501 121
20240503 121
20240504 121
20240505 121
20240506 121
20240507 121
20240508 121
20240509 121
20240510 121
20240511 121
20240512 121
20240513 121
20240514 121
20240515 121
20240516 121
20240517 121
20240518 121
20240519 121
20240520 121
20240521 121
20240522 121
20240523 121
20240524 121
20240525 121
20240526 121
20240527 121
20240528 121
20240529 121
20240530 121
20240531 121
20240601 121
20240602 121
20240603 121
20240604 121
20240605 121
20240606 121
20240609 121
20240611 121
20240612 121
20240613 121
20240614 121
20240615 121
20240616 121
20240617 121
20240618 121
20240620 121
20240621 121
20240622 121
20240623 121
20240624 121
