20230707 71
20230715 71
20230730 38
20230817 38
20230818 44
20230819 44
20230820 45
20230919 45
20230920 36
20231227 36
20231230 37
20240624 37
20240626 37
20240627 37
20240628 37
20240629 37
20240630 37
20240701 37
20240702 37
20240703 37
20240704 37
20240705 37
20240706 37
20240707 37
20240708 37
20240709 37
20240710 37
20240711 37
20240712 37
20240713 37
20240714 37
20240715 37
20240716 37
20240717 37
20240718 37
20240719 37
20240720 37
20240721 37
20240722 37
20240723 37
20240724 37
20240725 37
20240726 37
20240727 37
20240728 37
20240729 37
20240730 37
20240731 37
20240801 37
20240802 37
20240803 37
20240804 37
20240805 37
20240806 37
20240807 37
20240808 37
20240809 37
20240810 37
20240811 37
20240812 37
20240813 37
20240814 37
20240815 37
20240816 37
20240817 37
20240818 37
20240819 37
20240820 37
20240821 37
20240822 37
20240823 37
20240824 37
