20230707 43
20230709 43
20230710 43
20230711 43
20230712 43
20230714 43
20230715 43
20230730 43
20230731 43
20230801 43
20230802 43
20230803 43
20230804 43
20230805 43
20230806 43
20230807 43
20230808 43
20230809 43
20230810 43
20230811 43
20230812 43
20230813 43
20230815 43
20230816 43
20230817 43
20230818 43
20230819 43
20230820 43
20230821 43
20230822 43
20230823 43
20230824 43
20230825 43
20230826 43
20230827 43
20230828 43
20230829 43
20230830 43
20230831 43
20230901 42
20230902 42
20230903 42
20230904 42
20230905 42
20230906 42
20230907 42
20230908 42
20230909 42
20230910 42
20230911 42
20230912 42
20230913 42
20230914 42
20230915 42
20230916 42
20230917 42
20230918 42
20230919 42
20230920 40
20230921 40
20230922 40
20230923 40
20230924 40
20230925 40
20230926 40
20230927 40
20230928 40
20230929 40
20230930 40
20231001 40
20231002 40
20231003 40
20231005 40
20231007 40
20231008 40
20231009 40
20231010 40
20231011 40
20231012 40
20231013 40
20231014 40
20231015 40
20231016 40
20231017 40
20231018 40
20231019 40
20231020 40
20231021 40
