20230707 11
20230709 11
20230710 11
20230711 11
20230712 11
20230714 11
20230715 11
20230730 11
20230731 11
20230801 11
20230802 11
20230803 11
20230804 11
20230805 11
20230806 11
20230807 11
20230808 11
20230809 11
20230810 11
20230811 11
20230812 11
20230813 11
20230815 11
20230816 11
20230817 11
20230818 11
20230819 11
20230820 11
20230821 11
20230822 11
20230823 11
20230824 11
20230825 11
20230826 11
20230827 11
20230828 11
20230829 11
20230830 11
20230831 11
20230901 11
20230902 11
20230903 11
20230904 11
20230905 11
20230906 11
20230907 11
20230908 11
20230909 11
20230910 11
20230911 11
20230912 11
20230913 11
20230914 11
20230915 11
20230916 11
20230917 11
20230918 11
20230919 11
20230920 10
20230921 10
20230922 10
20230923 10
20230924 10
20230925 10
20230926 10
20230927 10
20230928 10
20230929 10
20230930 10
20231001 10
20231002 10
20231003 10
20231005 10
20231007 10
20231008 10
20231009 10
20231010 10
20231011 10
20231012 10
20231013 10
20231014 10
20231015 10
20231016 10
20231017 10
20231018 10
20231019 10
20231020 10
20231021 10
20231022 10
20231023 10
20231024 10
20231025 10
20231026 10
20231027 10
20231028 10
20231029 10
20231030 10
20231031 10
20231101 10
20231102 10
20231103 10
20231104 10
20231105 10
20231106 10
20231107 10
20231108 10
20231109 10
20231110 10
20231111 10
20231112 10
20231113 10
20231114 10
20231115 10
20231116 10
20231117 10
20231118 10
20231120 10
20231121 10
20231122 10
20231123 10
20231124 10
20231125 10
20231126 10
20231127 10
20231128 10
20231129 10
20231130 10
20231201 10
20231202 10
20231203 10
20231204 10
20231205 10
20231206 10
20231207 10
20231208 10
20231209 10
20231210 10
20231211 10
20231212 10
20231213 10
20231214 10
20231215 10
20231216 10
20231217 10
20231218 10
20231219 10
20231220 10
20231221 10
20231222 10
20231223 10
20231224 10
20231225 10
20231226 10
20231227 10
20231230 10
20231231 10
20240101 10
20240102 10
20240103 10
20240104 10
20240105 10
20240106 10
20240107 10
20240108 10
20240109 10
20240110 10
20240111 10
20240112 10
20240113 10
20240114 10
20240115 10
20240116 10
20240117 10
20240118 10
20240119 10
20240120 10
20240121 10
20240122 10
20240124 10
20240125 10
20240126 10
20240127 10
20240128 10
20240129 10
20240130 10
20240131 10
20240201 10
20240202 10
20240203 10
20240204 10
20240205 10
20240206 10
20240207 10
20240208 10
20240209 10
20240210 10
20240211 10
20240212 10
20240213 10
20240214 10
20240215 10
20240216 10
20240217 10
20240218 10
20240219 10
20240220 10
20240221 10
20240222 10
20240223 10
20240224 10
20240225 10
20240226 10
20240227 10
