20230707 190
20230919 190
20230920 188
20240624 188
20240626 188
20240627 188
20240628 188
20240629 188
20240630 188
20240701 188
20240702 188
20240703 188
20240704 193
20240705 193
20240706 195
20240707 195
20240708 195
20240709 195
20240710 195
20240711 195
20240712 195
20240713 195
20240714 195
20240715 195
20240716 195
20240717 195
20240718 195
20240719 195
20240720 195
20240721 195
20240722 195
20240723 195
20240724 195
20240725 195
20240726 195
20240727 195
20240728 195
20240729 195
20240730 195
20240731 195
20240801 195
