20230707 1149737
20230709 1151430
20230710 1152233
20230711 1155067
20230712 1157738
20230713 1159849
20230714 1161355
20230715 1162765
20230730 1188377
20230731 1188921
20230801 1191316
20230802 1193357
20230803 1194920
20230804 1196160
20230805 1197042
20230806 1197428
20230807 1198193
20230808 1199898
20230809 1201623
20230810 1202672
20230811 1204085
20230812 1204078
20230813 1204101
20230815 1205663
20230816 1208181
20230817 1209988
20230818 1210947
20230819 1212281
20230820 1213020
20230821 1214074
20230822 1216025
20230823 1218151
20230824 1219361
20230825 1221132
20230826 1222428
20230827 1223187
20230828 1223948
20230829 1226013
20230830 1227594
20230831 1228985
20230901 1229815
20230902 1230781
20230903 1231303
20230904 1231885
20230905 1232157
20230906 1233913
20230907 1234347
