20230707 14289
20230709 14290
20230710 14289
20230711 14275
20230712 14269
20230713 14263
20230714 14248
20230715 14243
20230730 14222
20230731 14238
20230801 14250
20230802 14234
20230803 14226
20230804 14232
20230805 14220
20230806 14223
20230807 14216
20230808 14213
20230809 14206
20230810 14203
20230811 14195
20230812 14201
20230813 14192
20230815 14191
20230816 14185
20230817 14192
20230818 14190
20230819 14183
20230820 14175
20230821 14156
20230822 14151
20230823 14141
20230824 14122
20230825 14119
20230826 14112
20230827 14112
20230828 14104
20230829 14089
20230830 14095
20230831 14076
20230901 14067
20230902 14068
20230903 14068
20230904 14066
20230905 14071
20230906 14081
20230907 14084
20230908 14083
20230909 14091
20230910 14079
20230911 14075
20230912 14079
20230913 14056
20230914 14058
20230915 14051
20230916 14056
20230917 14057
20230918 14057
20230919 14061
20230920 13016
20230921 13010
20230922 12984
20230923 12997
20230924 12993
20230925 12989
20230926 12979
20230927 12983
20230928 12986
20230929 12977
20230930 12968
20231001 12967
20231002 12972
20231003 13003
20231005 13009
20231007 13020
20231008 13018
20231009 13033
20231010 13049
20231011 13052
20231012 13058
20231013 13060
20231014 13077
20231015 13075
20231016 13074
20231017 13071
20231018 13070
20231019 13072
20231020 13075
20231021 13076
20231022 13078
20231023 13120
20231024 13117
20231025 13112
20231026 13117
20231027 13116
20231028 13114
20231029 13109
20231030 13106
20231031 13106
20231101 13112
20231102 13108
20231103 13112
20231104 13126
20231105 13106
20231106 13102
20231107 13094
20231108 13098
20231109 13103
20231110 13107
20231111 13111
20231112 13110
20231113 13126
20231114 13127
20231115 13134
20231116 13135
20231117 13137
20231118 13144
20231120 13153
20231121 13151
20231122 13150
20231123 13152
20231124 13156
20231125 13162
20231126 13163
20231127 13145
