20230707 125747
20230709 125751
20230710 125731
20230711 125782
20230712 125850
20230713 125941
20230714 125984
20230715 126030
20230730 126821
20230731 126857
20230801 126991
20230802 127054
20230803 127113
20230804 127198
20230805 127245
20230806 127271
20230807 127315
20230808 127393
20230809 127464
20230810 127524
20230811 127550
20230812 127584
20230813 127603
20230815 127676
20230816 127766
20230817 127815
20230818 127866
20230819 127899
20230820 127905
20230821 127920
20230822 127964
20230823 128029
20230824 128071
20230825 128111
20230826 128150
20230827 128152
20230828 128165
20230829 128286
20230830 128354
20230831 128374
20230901 128424
20230902 128474
20230903 128495
20230904 128500
20230905 128542
20230906 128598
20230907 128657
20230908 128640
20230909 128646
20230910 128635
20230911 128635
20230912 128678
20230911 128635
20230913 128693
20230911 128635
20230914 128735
20230911 128635
20230915 128754
20230911 128635
20230916 128751
20230911 128635
20230917 128691
20230911 128635
20230918 128706
20230911 128635
20230919 128754
20230911 128635
20230920 110610
20230911 128635
20230921 110686
20230911 128635
20230922 110704
20230911 128635
20230923 110719
20230911 128635
20230924 110715
20230911 128635
20230925 110704
20230911 128635
20230926 110722
20230911 128635
20230927 110757
20230911 128635
20230928 110752
20230911 128635
20230929 110796
20230911 128635
20230930 110809
20230911 128635
20231001 110791
20230911 128635
20231002 110786
20230911 128635
20231003 110838
20230911 128635
20231005 110903
20230911 128635
20231007 110976
20230911 128635
20231008 110956
20230911 128635
20231009 110948
20230911 128635
20231010 110983
20230911 128635
20231011 111029
20230911 128635
20231012 111070
20230911 128635
20231013 111087
20230911 128635
20231014 111067
20230911 128635
20231015 111028
20230911 128635
20231016 110985
20230911 128635
20231017 111030
20230911 128635
20231018 111043
20230911 128635
20231019 111092
20230911 128635
20231020 111119
20230911 128635
20231021 111150
20230911 128635
20231022 111164
20230911 128635
20231023 111158
20230911 128635
20231024 111161
20230911 128635
20231025 111170
20230911 128635
20231026 111200
20230911 128635
20231027 111230
20230911 128635
20231028 111208
20230911 128635
20231029 111189
20230911 128635
20231030 111162
20230911 128635
20231031 111185
20230911 128635
20231101 111191
20230911 128635
20231102 111268
20230911 128635
20231103 111264
20230911 128635
20231104 111301
20230911 128635
20231105 111270
20230911 128635
20231106 111236
20230911 128635
20231107 111282
20230911 128635
20231108 111345
20230911 128635
20231109 111380
20230911 128635
20231110 111398
20230911 128635
20231111 111403
20230911 128635
20231112 111419
20230911 128635
20231113 111455
20230911 128635
20231114 111496
20230911 128635
20231115 111536
20230911 128635
20231116 111546
20230911 128635
20231117 111769
20230911 128635
20231118 111768
20230911 128635
20231120 111748
20230911 128635
20231121 111767
20230911 128635
20231122 111810
20230911 128635
20231123 111850
20230911 128635
20231124 111837
20230911 128635
20231125 111825
20230911 128635
20231126 111819
20230911 128635
20231127 111798
20230911 128635
20231128 111833
20230911 128635
20231129 111863
20230911 128635
20231130 111909
20230911 128635
20231201 111948
20230911 128635
20231202 111964
20230911 128635
20231203 111952
20230911 128635
20231204 111937
20230911 128635
20231205 111969
20230911 128635
20231206 112020
20230911 128635
20231207 112014
20230911 128635
20231208 112012
20230911 128635
20231209 111982
20230911 128635
20231210 111921
20230911 128635
20231211 111887
20230911 128635
20231212 111895
20230911 128635
20231213 111915
20230911 128635
20231214 111907
20230911 128635
20231215 111929
20230911 128635
20231216 111950
20230911 128635
20231217 111930
20230911 128635
20231218 111938
20230911 128635
20231219 111973
20230911 128635
20231220 112005
20230911 128635
20231221 112025
20230911 128635
20231222 112099
20230911 128635
20231223 112106
20230911 128635
20231224 112074
20230911 128635
20231225 112059
20230911 128635
20231226 112025
20230911 128635
20231227 111979
20230911 128635
20231230 112086
20230911 128635
20231231 112069
20230911 128635
20240101 112071
20230911 128635
20240102 112076
20230911 128635
20240103 112097
20230911 128635
20240104 112130
20230911 128635
20240105 112188
20230911 128635
20240106 112202
20230911 128635
20240107 112212
20230911 128635
20240108 112222
20230911 128635
20240109 112216
20230911 128635
20240110 112287
20230911 128635
20240111 112344
20230911 128635
20240112 112404
20230911 128635
20240113 112425
20230911 128635
20240114 112408
20230911 128635
20240115 112431
20230911 128635
20240116 112484
20230911 128635
20240117 112517
20230911 128635
20240118 112559
20230911 128635
20240119 112583
20230911 128635
20240120 112572
20230911 128635
20240121 112569
20230911 128635
20240122 112586
20230911 128635
20240124 112639
20230911 128635
20240125 112658
20230911 128635
20240126 112708
20230911 128635
20240127 112731
20230911 128635
20240128 112709
20230911 128635
20240129 112734
20230911 128635
20240130 112797
20230911 128635
20240131 112856
20230911 128635
20240201 112896
20230911 128635
20240202 112966
20230911 128635
20240203 112975
20230911 128635
20240204 112999
20230911 128635
20240205 113024
20230911 128635
20240206 113076
20230911 128635
20240207 113126
20230911 128635
20240208 113177
20230911 128635
20240209 113193
20230911 128635
20240210 113214
20230911 128635
20240211 113201
20240212 113201
20240213 113221
20240212 113201
20240214 113283
20240212 113201
20240215 113309
20240212 113201
20240216 113335
20240212 113201
20240217 113375
20240212 113201
20240218 113367
20240212 113201
20240219 113371
20240212 113201
20240220 113443
20240212 113201
20240221 113500
20240212 113201
20240222 113537
20240212 113201
20240223 113566
20240212 113201
20240224 113576
20240212 113201
20240225 113539
20240212 113201
20240226 113546
20240212 113201
20240227 113564
20240212 113201
20240228 113619
20240212 113201
20240229 113648
20240212 113201
20240301 113687
20240212 113201
20240302 113707
20240212 113201
20240303 113701
20240212 113201
20240304 113705
20240212 113201
20240305 113711
20240212 113201
20240306 113760
20240212 113201
20240307 113815
20240212 113201
20240308 113842
20240212 113201
20240309 113882
20240212 113201
20240310 113874
20240212 113201
20240311 113858
20240212 113201
20240312 113881
20240212 113201
20240313 113887
20240212 113201
20240314 113932
20240212 113201
20240315 113999
20240212 113201
20240316 114022
20240212 113201
20240317 114023
20240212 113201
20240318 113987
20240212 113201
20240319 114006
20240212 113201
20240320 114030
20240212 113201
20240321 114093
20240212 113201
20240322 114126
20240212 113201
20240323 114114
20240212 113201
20240324 114117
20240212 113201
20240325 114083
20240212 113201
20240326 114096
20240212 113201
20240327 114092
20240212 113201
20240328 114136
20240212 113201
20240329 114155
20240212 113201
20240330 114174
20240212 113201
20240331 114184
20240212 113201
20240401 114178
20240212 113201
20240402 114202
20240212 113201
20240403 114232
20240212 113201
20240404 114321
20240212 113201
20240405 114346
20240212 113201
20240406 114350
20240212 113201
20240407 114326
20240212 113201
20240408 114318
20240212 113201
20240409 114327
20240212 113201
20240410 114353
20240212 113201
20240411 114376
20240212 113201
20240412 114419
20240212 113201
20240413 114441
20240212 113201
20240415 114396
20240212 113201
20240416 114395
20240212 113201
20240417 114443
20240212 113201
20240418 114480
20240212 113201
20240419 114496
20240212 113201
20240420 114498
20240212 113201
20240421 114478
20240212 113201
20240422 114463
20240212 113201
20240423 114436
20240212 113201
20240424 114478
20240212 113201
20240425 114476
20240212 113201
20240426 114503
20240212 113201
20240427 114496
20240212 113201
20240428 114493
20240429 114493
20240430 114497
20240429 114493
20240501 114522
20240429 114493
20240503 114623
20240429 114493
20240504 114657
20240429 114493
20240505 114636
20240429 114493
20240506 114635
20240429 114493
20240507 114668
20240429 114493
20240508 114686
20240429 114493
20240509 114711
20240429 114493
20240510 114709
20240429 114493
20240511 114721
20240429 114493
20240512 114724
20240429 114493
20240513 114730
20240429 114493
20240514 114759
20240429 114493
20240515 114822
20240429 114493
20240516 114827
20240429 114493
20240517 114862
20240429 114493
20240518 114898
20240429 114493
20240519 114915
20240429 114493
20240520 114931
20240429 114493
20240521 114922
20240429 114493
20240522 114987
20240429 114493
20240523 115037
20240429 114493
20240524 115052
20240429 114493
20240525 115078
20240429 114493
20240526 115063
20240429 114493
20240527 115037
20240429 114493
20240528 115079
20240429 114493
20240529 115128
20240429 114493
20240530 115223
20240429 114493
20240531 115275
20240429 114493
20240601 115303
20240429 114493
20240602 115284
20240429 114493
20240603 115278
20240429 114493
20240604 115304
20240429 114493
20240605 115331
20240429 114493
20240606 115369
20240429 114493
20240609 115424
20240429 114493
20240611 115434
20240429 114493
20240612 115437
20240429 114493
20240613 115472
20240429 114493
20240614 115498
20240429 114493
20240615 115510
20240429 114493
20240616 115424
20240429 114493
20240617 115399
20240429 114493
20240618 115348
20240429 114493
20240620 115389
20240429 114493
20240621 115453
20240429 114493
20240622 115504
20240429 114493
20240623 115505
20240429 114493
20240624 115493
20240429 114493
20240626 115676
20240429 114493
20240627 115712
20240429 114493
20240628 115733
20240429 114493
20240629 115726
20240429 114493
20240630 115702
20240429 114493
20240701 115693
20240429 114493
20240702 115694
20240429 114493
20240703 115720
20240429 114493
20240704 115761
20240429 114493
20240705 115797
20240429 114493
20240706 115808
20240429 114493
20240707 115787
20240429 114493
20240708 115778
20240429 114493
20240709 115828
20240429 114493
20240710 115889
20240429 114493
20240711 115925
20240429 114493
20240712 115928
20240429 114493
20240713 115929
20240429 114493
20240714 115915
20240429 114493
20240715 115892
20240429 114493
20240716 115941
20240429 114493
20240717 116007
20240429 114493
20240718 116054
20240429 114493
20240719 116073
20240429 114493
20240720 116087
20240429 114493
20240721 116068
20240429 114493
20240722 116070
20240429 114493
20240723 116088
20240724 116088
20240725 116136
20240724 116088
20240726 116149
20240724 116088
20240727 116167
20240724 116088
20240728 116146
20240724 116088
20240729 116120
20240724 116088
20240730 116155
20240724 116088
20240731 116200
20240724 116088
20240801 116235
20240724 116088
20240802 116239
20240724 116088
20240803 116246
20240724 116088
20240804 116250
20240724 116088
20240805 116197
20240724 116088
20240806 116231
20240724 116088
20240807 116265
20240724 116088
20240808 116324
20240724 116088
20240809 116367
20240724 116088
20240810 116410
20240724 116088
20240811 116413
20240724 116088
20240812 116431
20240813 116431
20240814 116497
20240813 116431
20240815 116566
20240813 116431
20240816 116579
20240813 116431
20240817 116609
20240813 116431
20240818 116601
20240813 116431
20240819 116610
20240813 116431
20240820 116631
20240813 116431
20240821 116691
20240813 116431
20240822 116740
20240813 116431
20240823 116784
20240813 116431
20240824 116796
20240813 116431
20240825 116811
20240813 116431
20240826 116821
20240813 116431
20240827 116841
20240813 116431
20240828 116897
20240813 116431
20240829 116946
20240813 116431
20240830 117002
20240813 116431
20240831 117041
20240813 116431
20240901 117042
20240813 116431
20240902 117074
20240813 116431
20240903 117086
20240813 116431
20240904 117166
20240813 116431
20240905 117227
20240813 116431
20240906 117275
20240813 116431
20240907 117288
20240813 116431
20240908 117295
20240813 116431
20240909 117302
20240813 116431
20240910 117327
20240813 116431
20240911 117376
20240813 116431
20240912 117399
20240813 116431
20240913 117434
20240813 116431
20240914 117487
20240813 116431
20240915 117498
20240813 116431
20240916 117493
20240813 116431
20240917 117533
20240813 116431
20240918 117605
20240813 116431
20240919 117647
20240813 116431
20240920 117721
20240813 116431
20240921 117786
20240813 116431
20240921 117810
20240922 117810
20240925 117968
20240922 117810
20240926 118075
20240922 117810
20240927 118157
20240927 118157
