20230707 107648
20230710 107721
20230711 107769
20230712 107626
20230713 107606
20230714 107616
20230715 107620
20230716 107665
20230717 107804
20230718 107861
20230719 107743
20230720 107744
20230721 107753
20230722 107753
20230723 107791
20230724 107843
20230725 107875
20230726 107758
20230727 107917
20230728 107935
20230729 107963
20230730 107991
20230731 108033
20230801 108102
20230802 107960
20230803 107995
20230804 108018
20230805 108036
20230806 108051
20230807 108083
20230808 108147
20230809 108022
20230810 108044
20230811 108064
20230812 108094
20230813 108131
20230815 108195
20230816 108082
20230817 108127
20230818 108164
