20230707 6499
20230709 6500
20230710 6500
20230711 6506
20230710 6500
20230712 6512
20230710 6500
20230713 6519
20230710 6500
20230714 6521
20230710 6500
20230715 6522
20230710 6500
20230730 6549
20230710 6500
20230731 6548
20230710 6500
20230801 6547
20230802 6547
20230803 6546
20230802 6547
20230804 6544
20230802 6547
20230805 6545
20230806 6545
20230807 6548
20230806 6545
20230808 6552
20230806 6545
20230809 6557
20230806 6545
20230810 6558
20230806 6545
20230811 6571
20230806 6545
20230812 6574
20230813 6574
20230815 6578
20230813 6574
20230816 6584
20230813 6574
20230817 6582
20230813 6574
20230818 6588
20230813 6574
20230819 6589
20230813 6574
20230820 6593
20230813 6574
20230821 6592
20230813 6574
20230822 6593
20230813 6574
20230823 6596
20230824 6596
20230825 6605
20230824 6596
20230826 6613
20230824 6596
20230827 6614
20230824 6596
20230828 6624
20230824 6596
20230829 6626
20230824 6596
20230830 6627
20230824 6596
20230831 6742
20230824 6596
20230901 6805
20230824 6596
20230902 6845
20230824 6596
20230903 6848
20230824 6596
20230904 6851
20230824 6596
20230905 6854
20230824 6596
20230906 6861
20230824 6596
20230907 6874
20230824 6596
20230908 6896
20230824 6596
20230909 6906
20230824 6596
20230910 6908
20230824 6596
20230911 6918
20230824 6596
20230912 6939
20230824 6596
20230913 6947
20230824 6596
20230914 6960
20230824 6596
20230915 6969
20230824 6596
20230916 6974
20230824 6596
20230917 6978
20230824 6596
20230918 6979
20230824 6596
20230919 6990
20230824 6596
20230920 6964
20230824 6596
20230921 6986
20230824 6596
20230922 6989
20230824 6596
20230923 6994
20230824 6596
20230924 6995
20230824 6596
20230925 7003
20230824 6596
20230926 7017
20230824 6596
20230927 7024
20230824 6596
20230928 7034
20230824 6596
20230929 7050
20230824 6596
20230930 7061
20230824 6596
20231001 7098
20230824 6596
20231002 7097
20230824 6596
20231003 7099
20230824 6596
20231005 7105
20230824 6596
20231007 7109
20230824 6596
20231008 7108
20230824 6596
20231009 7111
20230824 6596
20231010 7116
20230824 6596
20231011 7121
20230824 6596
20231012 7131
20230824 6596
20231013 7145
20230824 6596
20231014 7149
20230824 6596
20231015 7152
20230824 6596
20231016 7154
20230824 6596
20231017 7158
20230824 6596
20231018 7182
20230824 6596
20231019 7180
20230824 6596
20231020 7190
20230824 6596
20231021 7193
20230824 6596
20231022 7196
20230824 6596
20231023 7197
20231024 7197
20231025 7203
20231024 7197
20231026 7207
20231024 7197
20231027 7217
20231024 7197
20231028 7223
20231029 7223
20231030 7224
20231029 7223
20231031 7231
20231029 7223
20231101 7244
20231029 7223
20231102 7253
20231029 7223
20231103 7255
20231029 7223
20231104 7260
20231029 7223
20231105 7252
20231029 7223
20231106 7218
20231029 7223
20231107 7221
20231029 7223
20231108 7220
20231029 7223
20231109 7219
20231029 7223
20231110 7243
20231029 7223
20231111 7246
20231029 7223
20231112 7251
20231029 7223
20231113 7256
20231029 7223
20231114 7259
20231029 7223
20231115 7268
20231116 7268
20231117 7271
20231116 7268
20231118 7274
20231120 7274
20231121 7277
20231120 7274
20231122 7280
20231123 7280
20231124 7279
20231123 7280
20231125 7281
20231126 7280
20231123 7280
20231127 7278
20231123 7280
20231128 7281
20231123 7280
20231129 7285
20231123 7280
20231130 7282
20231123 7280
20231201 7285
20231203 7285
20231204 7288
20231205 7285
20231203 7285
20231206 7287
20231208 7287
20231209 7290
20231208 7287
20231210 7295
20231208 7287
20231211 7296
20231208 7287
20231212 7297
20231208 7287
20231213 7298
20231208 7287
20231214 7301
20231208 7287
20231215 7302
20231208 7287
20231216 7290
20231217 7287
20231218 7287
20231219 7284
20231220 7284
20231221 7288
20231222 7288
20231223 7289
20231224 7289
20231225 7287
20231224 7289
20231226 7285
20231224 7289
20231227 7284
20231224 7289
20231230 7285
20231231 7285
20240101 7284
20231231 7285
20240102 7283
20240104 7283
20240105 7288
20240106 7288
20240107 7290
20240106 7288
20240108 7289
20240106 7288
20240109 7275
20240110 7275
20240111 7277
20240110 7275
20240112 7278
20240110 7275
20240113 7287
20240110 7275
20240114 7285
20240110 7275
20240115 7278
20240116 7275
20240110 7275
20240117 7283
20240110 7275
20240118 7288
20240110 7275
20240119 7293
20240121 7293
20240122 7281
20240121 7293
20240124 7275
20240125 7275
20240126 7277
20240125 7275
20240127 7279
20240125 7275
20240128 7278
20240129 7278
20240130 7273
20240129 7278
20240131 7288
20240129 7278
20240201 7295
20240129 7278
20240202 7305
20240129 7278
20240203 7311
20240129 7278
20240204 7312
20240129 7278
20240205 7314
20240129 7278
20240206 7320
20240129 7278
20240207 7324
20240129 7278
20240208 7326
20240129 7278
20240209 7330
20240129 7278
20240210 7340
20240211 7340
20240212 7342
20240211 7340
20240213 7347
20240211 7340
20240214 7357
20240211 7340
20240215 7363
20240211 7340
20240216 7372
20240211 7340
20240217 7373
20240211 7340
20240218 7376
20240211 7340
20240219 7377
20240211 7340
20240220 7385
20240211 7340
20240221 7395
20240211 7340
20240222 7404
20240211 7340
20240223 7413
20240211 7340
20240224 7422
20240211 7340
20240225 7425
20240211 7340
20240226 7426
20240211 7340
20240227 7427
20240211 7340
20240228 7432
20240211 7340
20240229 7437
20240211 7340
20240301 7445
20240211 7340
20240302 7448
20240211 7340
20240303 7454
20240304 7454
20240305 7461
20240304 7454
20240306 7467
20240304 7454
20240307 7474
20240304 7454
20240308 7477
20240304 7454
20240309 7480
20240304 7454
20240310 7485
20240304 7454
20240311 7486
20240304 7454
20240312 7489
20240304 7454
20240313 7488
20240304 7454
20240314 7493
20240304 7454
20240315 7497
20240304 7454
20240316 7499
20240317 7499
20240318 7500
20240317 7499
20240319 7503
20240317 7499
20240320 7510
20240317 7499
20240321 7517
20240317 7499
20240322 7521
20240317 7499
20240323 7528
20240324 7528
20240325 7534
20240324 7528
20240326 7539
20240324 7528
20240327 7544
20240324 7528
20240328 7549
20240324 7528
20240329 7554
20240324 7528
20240330 7566
20240324 7528
20240331 7568
20240401 7568
20240402 7570
20240401 7568
20240403 7575
20240401 7568
20240404 7576
20240401 7568
20240405 7582
20240401 7568
20240406 7599
20240401 7568
20240407 7602
20240401 7568
20240408 7607
20240401 7568
20240409 7609
20240401 7568
20240410 7621
20240401 7568
20240411 7631
20240401 7568
20240412 7638
20240401 7568
20240413 7643
20240401 7568
20240415 7655
20240401 7568
20240416 7662
20240401 7568
20240417 7665
20240401 7568
20240418 7671
20240401 7568
20240419 7681
20240401 7568
20240420 7687
20240401 7568
20240421 7691
20240401 7568
20240422 7693
20240401 7568
20240423 7699
20240401 7568
20240424 7703
20240401 7568
20240425 7707
20240401 7568
20240426 7708
20240401 7568
20240427 7715
20240401 7568
20240428 7717
20240401 7568
20240429 7718
20240401 7568
20240430 7724
20240401 7568
20240501 7726
20240401 7568
20240503 7731
20240401 7568
20240504 7735
20240505 7735
20240506 7732
20240505 7735
20240507 7736
20240505 7735
20240508 7742
20240505 7735
20240509 7753
20240505 7735
20240510 7756
20240505 7735
20240511 7761
20240505 7735
20240512 7760
20240513 7760
20240514 7758
20240513 7760
20240515 7761
20240513 7760
20240516 7772
20240513 7760
20240517 7778
20240513 7760
20240518 7781
20240513 7760
20240519 7789
20240520 7789
20240521 7796
20240520 7789
20240522 7798
20240520 7789
20240523 7803
20240520 7789
20240524 7812
20240520 7789
20240525 7818
20240520 7789
20240526 7821
20240520 7789
20240527 7825
20240520 7789
20240528 7828
20240520 7789
20240529 7838
20240520 7789
20240530 7840
20240520 7789
20240531 7845
20240520 7789
20240601 7862
20240520 7789
20240602 7864
20240603 7864
20240604 7873
20240603 7864
20240605 7876
20240606 7876
20240609 7874
20240606 7876
20240611 7873
20240606 7876
20240612 7871
20240606 7876
20240613 7846
20240606 7876
20240614 7848
20240606 7876
20240615 7849
20240616 7849
20240617 7846
20240616 7849
20240618 7850
20240616 7849
20240620 7858
20240616 7849
20240621 7840
20240616 7849
20240622 7837
20240623 7837
20240624 7820
20240623 7837
20240626 7825
20240623 7837
20240627 7831
20240623 7837
20240628 7828
20240623 7837
20240629 7830
20240623 7837
20240630 7832
20240623 7837
20240701 7829
20240623 7837
20240702 7832
20240623 7837
20240703 7830
20240623 7837
20240704 7831
20240623 7837
20240705 7832
20240707 7832
20240708 7831
20240707 7832
20240709 7836
20240707 7832
20240710 7838
20240707 7832
20240711 7837
20240707 7832
20240712 7839
20240707 7832
20240713 7843
20240707 7832
20240714 7844
20240707 7832
20240715 7842
20240707 7832
20240716 7834
20240717 7834
20240718 7835
20240717 7834
20240719 7838
20240720 7838
20240721 7839
20240720 7838
20240722 7841
20240720 7838
20240723 7858
20240724 7858
20240725 7867
20240726 7867
20240727 7870
20240729 7870
20240730 7874
20240729 7870
20240731 7877
20240729 7870
20240801 7875
20240729 7870
20240802 7873
20240729 7870
20240803 7872
20240804 7872
20240805 7875
20240804 7872
20240806 7877
20240804 7872
20240807 7886
20240804 7872
20240808 7892
20240804 7872
20240809 7897
20240804 7872
20240810 7902
20240804 7872
20240811 7903
20240804 7872
20240812 7904
20240804 7872
20240813 7907
20240804 7872
20240814 7916
20240804 7872
20240815 7921
20240804 7872
20240816 7925
20240804 7872
20240817 7928
20240819 7928
20240820 7934
20240819 7928
20240821 7937
20240819 7928
20240822 7943
20240819 7928
20240823 7948
20240819 7928
20240824 7953
20240826 7953
20240827 7954
20240826 7953
20240828 7958
20240829 7953
20240826 7953
20240830 7956
20240826 7953
20240831 7958
20240826 7953
20240901 7960
20240826 7953
20240902 7961
20240826 7953
20240903 7957
20240904 7957
20240905 7959
20240904 7957
20240906 7960
20240904 7957
20240907 7965
20240904 7957
20240908 7980
20240904 7957
20240909 7978
20240904 7957
20240910 7988
20240904 7957
20240911 7987
20240912 7987
20240913 7993
20240914 7993
20240915 7994
20240916 7993
20240914 7993
20240917 7995
20240914 7993
20240918 7994
20240919 7993
20240920 7993
20240921 7994
20240920 7993
20240921 7996
20240920 7993
20240922 7994
20240920 7993
20240925 8000
20240920 7993
20240926 8001
20240927 8001
20240928 8000
20240927 8001
20240929 7996
20240927 8001
20240930 8000
20240927 8001
20241001 8005
20241001 8005
