20230707 8185
20230709 8186
20230710 8182
20230711 8183
20230712 8183
20230714 8186
20230712 8183
20230715 8190
20230712 8183
20230730 8186
20230712 8183
20230731 8181
20230712 8183
20230801 8180
20230712 8183
20230802 8186
20230712 8183
20230803 8190
20230712 8183
20230804 8189
20230712 8183
20230805 8185
20230712 8183
20230806 8184
20230712 8183
20230807 8175
20230712 8183
20230808 8176
20230712 8183
20230809 8175
20230712 8183
20230810 8174
20230712 8183
20230811 8178
20230712 8183
20230812 8176
20230712 8183
20230813 8174
20230712 8183
20230815 8170
20230712 8183
20230816 8168
20230712 8183
20230817 8165
20230712 8183
20230818 8162
20230712 8183
20230819 8160
20230712 8183
20230820 8161
20230712 8183
20230821 8158
20230712 8183
20230822 8161
20230712 8183
20230823 8162
20230712 8183
20230824 8163
20230712 8183
20230825 8165
20230712 8183
20230826 8167
20230712 8183
20230827 8165
20230828 8165
20230829 8160
20230828 8165
20230830 8156
20230831 8156
20230901 8158
20230902 8156
20230831 8156
20230903 8155
20230831 8156
20230904 8161
20230831 8156
20230905 8166
20230831 8156
20230906 8172
20230831 8156
20230907 8180
20230831 8156
20230908 8179
20230909 8179
20230910 8175
20230909 8179
20230911 8172
20230909 8179
20230912 8173
20230909 8179
20230913 8181
20230909 8179
20230914 8178
20230909 8179
20230915 8169
20230909 8179
20230916 8166
20230909 8179
20230917 8164
20230909 8179
20230918 8163
20230909 8179
20230919 8156
20230909 8179
20230920 7077
20230921 7077
20230922 7075
20230921 7077
20230923 7071
20230921 7077
20230924 7070
20230921 7077
20230925 7063
20230921 7077
20230926 7052
20230921 7077
20230927 7055
20230921 7077
20230928 7057
20230921 7077
20230929 7059
20230930 7059
20231001 7050
20230930 7059
20231002 7045
20230930 7059
20231003 7047
20230930 7059
20231005 7067
20230930 7059
20231007 7060
20230930 7059
20231008 7064
20230930 7059
20231009 7084
20230930 7059
20231010 7086
20230930 7059
20231011 7090
20230930 7059
20231012 7096
20230930 7059
20231013 7093
20230930 7059
20231014 7092
20230930 7059
20231015 7093
20230930 7059
20231016 7091
20230930 7059
20231017 7084
20230930 7059
20231018 7077
20230930 7059
20231019 7074
20230930 7059
20231020 7093
20230930 7059
20231021 7096
20230930 7059
20231022 7093
20230930 7059
20231023 7092
20230930 7059
20231024 7095
20230930 7059
20231025 7091
20230930 7059
20231026 7097
20230930 7059
20231027 7093
20231028 7093
20231029 7101
20231028 7093
20231030 7099
20231031 7099
20231101 7102
20231031 7099
20231102 7101
20231031 7099
20231103 7105
20231031 7099
20231104 7115
20231031 7099
20231105 7120
20231031 7099
20231106 7117
20231031 7099
20231107 7114
20231031 7099
20231108 7116
20231031 7099
20231109 7114
20231031 7099
20231110 7117
20231031 7099
20231111 7119
20231031 7099
20231112 7117
20231031 7099
20231113 7116
20231031 7099
20231114 7112
20231031 7099
20231115 7109
20231031 7099
20231116 7106
20231031 7099
20231117 7104
20231031 7099
20231118 7100
20231120 7100
20231121 7099
20231122 7100
20231123 7100
20231124 7107
20231123 7100
20231125 7109
20231123 7100
20231126 7104
20231123 7100
20231127 7107
20231123 7100
20231128 7109
20231123 7100
20231129 7128
20231123 7100
20231130 7126
20231123 7100
20231201 7128
20231123 7100
20231202 7126
20231123 7100
20231203 7130
20231123 7100
20231204 7120
20231205 7120
20231206 7121
20231205 7120
20231207 7124
20231205 7120
20231208 7118
20231205 7120
20231209 7114
20231205 7120
20231210 7111
20231205 7120
20231211 7114
20231205 7120
20231212 7108
20231205 7120
20231213 7112
20231205 7120
20231214 7114
20231215 7114
20231216 7116
20231215 7114
20231217 7108
20231215 7114
20231218 7112
20231215 7114
20231219 7124
20231215 7114
20231220 7119
20231215 7114
20231221 7116
20231215 7114
20231222 7121
20231215 7114
20231223 7118
20231215 7114
20231224 7112
20231215 7114
20231225 7105
20231215 7114
20231226 7107
20231227 7107
20231230 7105
20231231 7105
20240101 7108
20231231 7105
20240102 7109
20231231 7105
20240103 7110
20231231 7105
20240104 7117
20231231 7105
20240105 7120
20231231 7105
20240106 7145
20231231 7105
20240107 7148
20231231 7105
20240108 7146
20231231 7105
20240109 7145
20231231 7105
20240110 7152
20231231 7105
20240111 7191
20240112 7191
20240113 7192
20240112 7191
20240114 7190
20240112 7191
20240115 7185
20240112 7191
20240116 7188
20240112 7191
20240117 7186
20240112 7191
20240118 7177
20240112 7191
20240119 7181
20240112 7191
20240120 7184
20240112 7191
20240121 7187
20240112 7191
20240122 7188
20240124 7191
20240112 7191
20240125 7188
20240112 7191
20240126 7189
20240127 7189
20240128 7186
20240129 7186
20240130 7184
20240129 7186
20240131 7183
20240201 7186
20240129 7186
20240202 7190
20240129 7186
20240203 7196
20240129 7186
20240204 7198
20240129 7186
20240205 7201
20240206 7201
20240207 7210
20240206 7201
20240208 7217
20240206 7201
20240209 7211
20240206 7201
20240210 7203
20240206 7201
20240211 7204
20240206 7201
20240212 7207
20240206 7201
20240213 7208
20240206 7201
20240214 7214
20240206 7201
20240215 7205
20240206 7201
20240216 7199
20240206 7201
20240217 7203
20240206 7201
20240218 7206
20240206 7201
20240219 7202
20240206 7201
20240220 7199
20240206 7201
20240221 7200
20240206 7201
20240222 7204
20240206 7201
20240223 7199
20240224 7199
20240225 7198
20240226 7199
20240224 7199
20240227 7192
20240224 7199
20240228 7186
20240224 7199
20240229 7185
20240224 7199
20240301 7184
20240224 7199
20240302 7185
20240224 7199
20240303 7182
20240224 7199
20240304 7180
20240224 7199
20240305 7178
20240224 7199
20240306 7184
20240224 7199
20240307 7183
20240224 7199
20240308 7186
20240309 7186
20240310 7180
20240309 7186
20240311 7178
20240309 7186
20240312 7173
20240309 7186
20240313 7171
20240309 7186
20240314 7172
20240309 7186
20240315 7171
20240309 7186
20240316 7169
20240317 7169
20240318 7168
20240317 7169
20240319 7162
20240317 7169
20240320 7156
20240317 7169
20240321 7155
20240317 7169
20240322 7161
20240317 7169
20240323 7164
20240317 7169
20240324 7160
20240317 7169
20240325 7156
20240317 7169
20240326 7153
20240317 7169
20240327 7151
20240328 7151
20240329 7149
20240328 7151
20240330 7148
20240331 7148
20240401 7153
20240331 7148
20240402 7155
20240331 7148
20240403 7149
20240405 7149
20240406 7162
20240407 7162
20240408 7163
20240409 7163
20240410 7165
20240409 7163
20240411 7173
20240409 7163
20240412 7179
20240413 7179
20240415 7174
20240413 7179
20240416 7181
20240413 7179
20240417 7190
20240413 7179
20240418 7191
20240413 7179
20240419 7189
20240420 7189
20240421 7186
20240420 7189
20240422 7182
20240423 7189
20240420 7189
20240424 7191
20240420 7189
20240425 7192
20240420 7189
20240426 7191
20240420 7189
20240427 7192
20240420 7189
20240428 7191
20240420 7189
20240429 7192
20240420 7189
20240430 7193
20240420 7189
20240501 7198
20240503 7198
20240504 7200
20240503 7198
20240505 7199
20240503 7198
20240506 7203
20240508 7203
20240509 7207
20240508 7203
20240510 7217
20240508 7203
20240511 7218
20240508 7203
20240512 7222
20240508 7203
20240513 7219
20240508 7203
20240514 7222
20240508 7203
20240515 7224
20240516 7224
20240517 7227
20240516 7224
20240518 7229
20240519 7229
20240520 7225
20240519 7229
20240521 7232
20240519 7229
20240522 7235
20240519 7229
20240523 7231
20240519 7229
20240524 7232
20240525 7229
20240519 7229
20240526 7233
20240519 7229
20240527 7230
20240519 7229
20240528 7231
20240529 7231
20240530 7235
20240529 7231
20240531 7239
20240529 7231
20240601 7246
20240529 7231
20240602 7248
20240529 7231
20240603 7250
20240529 7231
20240604 7254
20240605 7254
20240606 7263
20240605 7254
20240609 7258
20240605 7254
20240611 7256
20240605 7254
20240612 7252
20240605 7254
20240613 7258
20240605 7254
20240614 7262
20240605 7254
20240615 7260
20240605 7254
20240616 7257
20240605 7254
20240617 7249
20240605 7254
20240618 7241
20240605 7254
20240620 7239
20240605 7254
20240621 7244
20240605 7254
20240622 7247
20240605 7254
20240623 7249
20240605 7254
20240624 7251
20240605 7254
20240626 7242
20240628 7242
20240629 7243
20240628 7242
20240630 7240
20240628 7242
20240701 7243
20240628 7242
20240702 7247
20240628 7242
20240703 7252
20240628 7242
20240704 7250
20240628 7242
20240705 7254
20240628 7242
20240706 7247
20240628 7242
20240707 7249
20240628 7242
20240708 7251
20240628 7242
20240709 7252
20240628 7242
20240710 7251
20240628 7242
20240711 7249
20240628 7242
20240712 7246
20240628 7242
20240713 7249
20240628 7242
20240714 7245
20240628 7242
20240715 7229
20240628 7242
20240716 7230
20240628 7242
20240717 7234
20240628 7242
20240718 7237
20240628 7242
20240719 7232
20240628 7242
20240720 7229
20240628 7242
20240721 7226
20240628 7242
20240722 7228
20240628 7242
20240723 7235
20240724 7235
20240725 7239
20240724 7235
20240726 7243
20240724 7235
20240727 7239
20240724 7235
20240728 7237
20240724 7235
20240729 7240
20240724 7235
20240730 7243
20240724 7235
20240731 7251
20240724 7235
20240801 7252
20240724 7235
20240802 7255
20240804 7255
20240805 7253
20240804 7255
20240806 7250
20240804 7255
20240807 7248
20240804 7255
20240808 7247
20240809 7247
20240810 7240
20240809 7247
20240811 7236
20240809 7247
20240812 7233
20240813 7233
20240814 7232
20240815 7232
20240816 7230
20240815 7232
20240817 7237
20240815 7232
20240818 7229
20240815 7232
20240819 7231
20240815 7232
20240820 7229
20240815 7232
20240821 7231
20240822 7232
20240815 7232
20240823 7233
20240815 7232
20240824 7236
20240815 7232
20240825 7238
20240815 7232
20240826 7239
20240827 7232
20240815 7232
20240828 7234
20240815 7232
20240829 7235
20240815 7232
20240830 7237
20240815 7232
20240831 7239
20240815 7232
20240901 7241
20240815 7232
20240902 7242
20240815 7232
20240903 7252
20240904 7252
20240905 7253
20240904 7252
20240906 7255
20240904 7252
20240907 7258
20240904 7252
20240908 7254
20240904 7252
20240909 7251
20240904 7252
20240910 7266
20240904 7252
20240911 7292
20240904 7252
20240912 7295
20240904 7252
20240913 7299
20240904 7252
20240914 7309
20240904 7252
20240915 7308
20240904 7252
20240916 7306
20240904 7252
20240917 7311
20240918 7311
20240919 7315
20240918 7311
20240920 7313
20240921 7311
20240918 7311
20240921 7314
20240922 7314
20240925 7316
20240922 7314
20240926 7311
20240922 7314
20240927 7312
20240922 7314
20240928 7321
20240922 7314
20240929 7323
20240929 7323
