20230707 3644
20230709 3647
20230710 3645
20230711 3641
20230712 3639
20230713 3637
20230714 3642
20230715 3642
20230730 3694
20230715 3642
20230731 3701
20230715 3642
20230801 3707
20230715 3642
20230802 3715
20230715 3642
20230803 3717
20230804 3717
20230805 3715
20230804 3717
20230806 3714
20230804 3717
20230807 3708
20230804 3717
20230808 3713
20230804 3717
20230809 3714
20230804 3717
20230810 3716
20230804 3717
20230811 3715
20230812 3715
20230813 3712
20230812 3715
20230815 3707
20230818 3707
20230819 3711
20230818 3707
20230820 3709
20230822 3709
20230823 3708
20230825 3708
20230826 3707
20230825 3708
20230827 3706
20230828 3706
20230829 3705
20230828 3706
20230830 3704
20230828 3706
20230831 3712
20230828 3706
20230901 3713
20230828 3706
20230902 3710
20230828 3706
20230903 3712
20230828 3706
20230904 3703
20230828 3706
20230905 3700
20230828 3706
20230906 3702
20230907 3706
20230828 3706
20230908 3703
20230910 3703
20230911 3700
20230912 3700
20230913 3705
20230912 3700
20230914 3706
20230912 3700
20230915 3705
20230912 3700
20230916 3704
20230912 3700
20230917 3702
20230912 3700
20230918 3699
20230912 3700
20230919 3696
20230912 3700
20230920 3359
20230912 3700
20230921 3361
20230912 3700
20230922 3368
20230923 3368
20230924 3366
20230923 3368
20230925 3360
20230923 3368
20230926 3348
20230923 3368
20230927 3345
20230923 3368
20230928 3346
20230923 3368
20230929 3342
20230923 3368
20230930 3341
20230923 3368
20231001 3337
20230923 3368
20231002 3344
20230923 3368
20231003 3342
20230923 3368
20231005 3351
20230923 3368
20231007 3353
20230923 3368
20231008 3349
20230923 3368
20231009 3362
20230923 3368
20231010 3367
20230923 3368
20231011 3372
20230923 3368
20231012 3370
20230923 3368
20231013 3371
20230923 3368
20231014 3372
20230923 3368
20231015 3371
20231016 3368
20230923 3368
20231017 3366
20231018 3366
20231019 3367
20231018 3366
20231020 3370
20231018 3366
20231021 3368
20231018 3366
20231022 3369
20231018 3366
20231023 3367
20231018 3366
20231024 3369
20231018 3366
20231025 3367
20231018 3366
20231026 3372
20231018 3366
20231027 3375
20231018 3366
20231028 3374
20231018 3366
20231029 3369
20231018 3366
20231030 3371
20231018 3366
20231031 3368
20231018 3366
20231101 3369
20231102 3366
20231018 3366
20231103 3371
20231018 3366
20231104 3374
20231018 3366
20231105 3372
20231106 3372
20231107 3371
20231108 3371
20231109 3370
20231108 3371
20231110 3368
20231111 3368
20231112 3367
20231111 3368
20231113 3365
20231111 3368
20231114 3364
20231115 3364
20231116 3361
20231115 3364
20231117 3363
20231115 3364
20231118 3362
20231115 3364
20231120 3357
20231115 3364
20231121 3351
20231123 3351
20231124 3350
20231123 3351
20231125 3352
20231123 3351
20231126 3350
20231123 3351
20231127 3348
20231123 3351
20231128 3346
20231123 3351
20231129 3387
20231123 3351
20231130 3386
20231123 3351
20231201 3387
20231123 3351
20231202 3383
20231123 3351
20231203 3380
20231123 3351
20231204 3378
20231123 3351
20231205 3380
20231123 3351
20231206 3385
20231123 3351
20231207 3386
20231123 3351
20231208 3385
20231123 3351
20231209 3378
20231123 3351
20231210 3376
20231123 3351
20231211 3379
20231123 3351
20231212 3380
20231123 3351
20231213 3377
20231123 3351
20231214 3376
20231123 3351
20231215 3378
20231123 3351
20231216 3377
20231123 3351
20231217 3371
20231123 3351
20231218 3373
20231123 3351
20231219 3375
20231123 3351
20231220 3376
20231123 3351
20231221 3374
20231222 3374
20231223 3372
20231224 3372
20231225 3362
20231224 3372
20231226 3370
20231227 3370
20231230 3366
20231231 3366
20240101 3365
20240102 3365
20240103 3363
20240102 3365
20240104 3361
20240102 3365
20240105 3359
20240102 3365
20240106 3387
20240102 3365
20240107 3389
20240102 3365
20240108 3391
20240102 3365
20240109 3383
20240102 3365
20240110 3382
20240102 3365
20240111 3414
20240102 3365
20240112 3413
20240113 3413
20240114 3407
20240113 3413
20240115 3408
20240113 3413
20240116 3412
20240117 3413
20240113 3413
20240118 3414
20240113 3413
20240119 3411
20240120 3413
20240113 3413
20240121 3415
20240113 3413
20240122 3416
20240113 3413
20240124 3414
20240125 3413
20240113 3413
20240126 3415
20240113 3413
20240127 3417
20240113 3413
20240128 3416
20240113 3413
20240129 3417
20240113 3413
20240130 3414
20240202 3414
20240203 3412
20240204 3412
20240205 3410
20240204 3412
20240206 3401
20240204 3412
20240207 3400
20240204 3412
20240208 3403
20240204 3412
20240209 3406
20240204 3412
20240210 3407
20240204 3412
20240211 3408
20240212 3408
20240213 3406
20240214 3406
20240215 3401
20240216 3401
20240217 3397
20240218 3397
20240219 3399
20240220 3399
20240221 3397
20240220 3399
20240222 3398
20240220 3399
20240223 3396
20240220 3399
20240224 3394
20240220 3399
20240225 3395
20240220 3399
20240226 3396
20240220 3399
20240227 3398
20240220 3399
20240228 3397
20240229 3399
20240220 3399
20240301 3397
20240220 3399
20240302 3396
20240220 3399
20240303 3394
20240220 3399
20240304 3393
20240220 3399
20240305 3390
20240220 3399
20240306 3389
20240220 3399
20240307 3386
20240220 3399
20240308 3384
20240220 3399
20240309 3386
20240220 3399
20240310 3382
20240311 3382
20240312 3385
20240311 3382
20240313 3388
20240311 3382
20240314 3387
20240315 3387
20240316 3385
20240315 3387
20240317 3381
20240315 3387
20240318 3380
20240315 3387
20240319 3376
20240321 3376
20240322 3375
20240321 3376
20240323 3374
20240321 3376
20240324 3375
20240321 3376
20240325 3369
20240321 3376
20240326 3368
20240321 3376
20240327 3369
20240321 3376
20240328 3364
20240321 3376
20240329 3366
20240321 3376
20240330 3367
20240402 3367
20240403 3365
20240402 3367
20240404 3363
20240402 3367
20240405 3360
20240406 3360
20240407 3358
20240408 3360
20240406 3360
20240409 3359
20240406 3360
20240410 3357
20240406 3360
20240411 3358
20240412 3360
20240406 3360
20240413 3358
20240415 3360
20240406 3360
20240416 3362
20240417 3362
20240418 3364
20240417 3362
20240419 3360
20240417 3362
20240420 3359
20240417 3362
20240421 3358
20240417 3362
20240422 3356
20240417 3362
20240423 3358
20240417 3362
20240424 3357
20240417 3362
20240425 3358
20240417 3362
20240426 3357
20240417 3362
20240427 3356
20240417 3362
20240428 3357
20240430 3357
20240501 3358
20240430 3357
20240503 3356
20240430 3357
20240504 3355
20240505 3355
20240506 3356
20240505 3355
20240507 3357
20240505 3355
20240508 3361
20240505 3355
20240509 3360
20240510 3355
20240505 3355
20240511 3354
20240513 3354
20240514 3356
20240515 3356
20240516 3355
20240515 3356
20240517 3351
20240515 3356
20240518 3353
20240515 3356
20240519 3352
20240515 3356
20240520 3350
20240515 3356
20240521 3348
20240515 3356
20240522 3346
20240523 3346
20240524 3347
20240523 3346
20240525 3349
20240523 3346
20240526 3350
20240523 3346
20240527 3349
20240528 3349
20240529 3351
20240530 3351
20240531 3349
20240530 3351
20240601 3348
20240530 3351
20240602 3347
20240530 3351
20240603 3346
20240530 3351
20240604 3344
20240605 3344
20240606 3342
20240605 3344
20240609 3343
20240605 3344
20240611 3341
20240605 3344
20240612 3339
20240605 3344
20240613 3338
20240614 3338
20240615 3336
20240614 3338
20240616 3337
20240614 3338
20240617 3335
20240614 3338
20240618 3336
20240614 3338
20240620 3337
20240621 3338
20240624 3338
20240626 3331
20240624 3338
20240627 3335
20240624 3338
20240628 3334
20240624 3338
20240629 3336
20240624 3338
20240630 3335
20240701 3338
20240702 3338
20240703 3337
20240702 3338
20240704 3336
20240705 3336
20240706 3339
20240707 3339
20240708 3338
20240707 3339
20240709 3340
20240707 3339
20240710 3342
20240707 3339
20240711 3338
20240707 3339
20240712 3336
20240707 3339
20240713 3335
20240707 3339
20240714 3332
20240707 3339
20240715 3330
20240718 3330
20240719 3331
20240720 3331
20240721 3328
20240720 3331
20240722 3329
20240724 3329
20240725 3328
20240724 3329
20240726 3325
20240724 3329
20240727 3327
20240724 3329
20240728 3324
20240729 3329
20240724 3329
20240730 3327
20240724 3329
20240731 3330
20240724 3329
20240801 3328
20240802 3328
20240803 3327
20240802 3328
20240804 3321
20240802 3328
20240805 3312
20240802 3328
20240806 3310
20240802 3328
20240807 3292
20240802 3328
20240808 3290
20240802 3328
20240809 3269
20240802 3328
20240810 3281
20240802 3328
20240811 3291
20240812 3291
20240813 3293
20240812 3291
20240814 3298
20240812 3291
20240815 3302
20240812 3291
20240816 3304
20240812 3291
20240817 3310
20240812 3291
20240818 3307
20240819 3307
20240820 3308
20240819 3307
20240821 3306
20240819 3307
20240822 3303
20240819 3307
20240823 3301
20240819 3307
20240824 3299
20240819 3307
20240825 3304
20240819 3307
20240826 3302
20240819 3307
20240827 3300
20240819 3307
20240828 3299
20240819 3307
20240829 3296
20240819 3307
20240830 3295
20240819 3307
20240831 3296
20240819 3307
20240901 3297
20240819 3307
20240902 3298
20240819 3307
20240903 3297
20240819 3307
20240904 3292
20240819 3307
20240905 3290
20240819 3307
20240906 3286
20240819 3307
20240907 3279
20240819 3307
20240908 3276
20240819 3307
20240909 3262
20240819 3307
20240910 3240
20240819 3307
20240911 3234
20240912 3234
20240913 3222
20240914 3222
20240915 3220
20240914 3222
20240916 3218
20240914 3222
20240917 3225
20240918 3225
20240919 3222
20240921 3222
20240921 3224
20240922 3224
20240925 3226
20240925 3226
