20230707 35791
20230709 35780
20230710 35778
20230711 35784
20230712 35816
20230713 35832
20230714 35859
20230715 35869
20230730 36003
20230731 36022
20230801 36029
20230802 36052
20230803 36099
20230804 36120
20230805 36080
20230806 36088
20230807 36085
20230808 36104
20230809 36137
20230810 36149
20230811 36156
20230812 36162
20230813 36164
20230815 36168
20230816 36193
20230817 36215
20230818 36229
20230819 36237
20230820 36248
20230821 36212
20230822 36217
20230823 36240
20230824 36267
20230825 36265
20230826 36256
20230827 36259
20230828 36255
20230829 36258
20230830 36261
20230831 36283
20230901 36297
20230902 36335
20230903 36328
20230904 36311
20230905 36318
20230906 36312
20230907 36325
20230908 36351
20230909 36353
20230910 36360
20230911 36359
20230912 36363
20230913 36374
20230914 36392
20230915 36388
20230916 36384
20230917 36378
20230918 36369
20230919 36366
20230920 33371
20230921 33399
20230922 33417
20230923 33416
20230924 33411
20230925 33389
20230926 33391
20230927 33406
20230928 33407
20230929 33398
20230930 33413
20231001 33399
20231002 33406
20231003 33414
20231005 33438
20231007 33449
20231008 33464
20231009 33460
20231010 33461
20231011 33460
20231012 33464
20231013 33473
20231014 33492
20231015 33489
20231016 33489
20231017 33511
20231016 33489
20231018 33514
20231016 33489
20231019 33499
20231016 33489
20231020 33516
20231016 33489
20231021 33520
20231016 33489
20231022 33570
20231016 33489
20231023 33572
20231016 33489
20231024 33587
20231016 33489
20231025 33607
20231016 33489
20231026 33617
20231016 33489
20231027 33625
20231016 33489
20231028 33648
20231029 33648
20231030 33644
20231029 33648
20231031 33650
20231029 33648
20231101 33654
20231029 33648
20231102 33670
20231029 33648
20231103 33751
20231029 33648
20231104 33774
20231029 33648
20231105 33800
20231029 33648
20231106 33808
20231029 33648
20231107 33811
20231029 33648
20231108 33837
20231029 33648
20231109 33853
20231029 33648
20231110 33848
20231029 33648
20231111 33843
20231029 33648
20231112 33831
20231029 33648
20231113 33835
20231029 33648
20231114 33837
20231029 33648
20231115 33850
20231029 33648
20231116 33868
20231029 33648
20231117 33927
20231029 33648
20231118 33928
20231029 33648
20231120 33920
20231029 33648
20231121 33933
20231029 33648
20231122 33948
20231029 33648
20231123 33979
20231029 33648
20231124 33996
20231029 33648
20231125 34005
20231029 33648
20231126 34010
20231029 33648
20231127 34014
20231029 33648
20231128 34015
20231029 33648
20231129 34039
20231029 33648
20231130 34045
20231029 33648
20231201 34053
20231029 33648
20231202 34059
20231029 33648
20231203 34064
20231029 33648
20231204 34069
20231029 33648
20231205 34089
20231029 33648
20231206 34101
20231029 33648
20231207 34107
20231029 33648
20231208 34111
20231029 33648
20231209 34116
20231029 33648
20231210 34099
20231029 33648
20231211 34110
20231029 33648
20231212 34108
20231029 33648
20231213 34114
20231029 33648
20231214 34136
20231029 33648
20231215 34137
20231029 33648
20231216 34140
20231029 33648
20231217 34136
20231029 33648
20231218 34134
20231029 33648
20231219 34180
20231029 33648
20231220 34211
20231029 33648
20231221 34223
20231029 33648
20231222 34258
20231029 33648
20231223 34284
20231224 34284
20231225 34265
20231224 34284
20231226 34157
20231224 34284
20231227 34073
20231224 34284
20231230 34339
20231224 34284
20231231 34338
20231224 34284
20240101 34331
20231224 34284
20240102 34321
20231224 34284
20240103 34357
20231224 34284
20240104 34371
20231224 34284
20240105 34378
20231224 34284
20240106 34397
20231224 34284
20240107 34401
20231224 34284
20240108 34406
20231224 34284
20240109 34388
20231224 34284
20240110 34389
20231224 34284
20240111 34460
20231224 34284
20240112 34494
20231224 34284
20240113 34492
20231224 34284
20240114 34510
20231224 34284
20240115 34501
20231224 34284
20240116 34508
20231224 34284
20240117 34529
20231224 34284
20240118 34570
20231224 34284
20240119 34604
20231224 34284
20240120 34613
20231224 34284
20240121 34609
20231224 34284
20240122 34610
20231224 34284
20240124 34636
20231224 34284
20240125 34660
20231224 34284
20240126 34699
20231224 34284
20240127 34749
20231224 34284
20240128 34752
20231224 34284
20240129 34786
20231224 34284
20240130 34801
20231224 34284
20240131 34861
20231224 34284
20240201 34919
20231224 34284
20240202 34995
20231224 34284
20240203 35036
20231224 34284
20240204 35077
20231224 34284
20240205 35119
20231224 34284
20240206 35161
20231224 34284
20240207 35213
20231224 34284
20240208 35208
20231224 34284
20240209 35218
20231224 34284
20240210 35224
20231224 34284
20240211 35234
20231224 34284
20240212 35237
20231224 34284
20240213 35243
20231224 34284
20240214 35261
20231224 34284
20240215 35271
20231224 34284
20240216 35275
20231224 34284
20240217 35289
20231224 34284
20240218 35302
20231224 34284
20240219 35314
20231224 34284
20240220 35345
20231224 34284
20240221 35380
20231224 34284
20240222 35398
20231224 34284
20240223 35421
20231224 34284
20240224 35432
20231224 34284
20240225 35447
20231224 34284
20240226 35446
20231224 34284
20240227 35467
20231224 34284
20240228 35483
20231224 34284
20240229 35494
20231224 34284
20240301 35501
20231224 34284
20240302 35518
20231224 34284
20240303 35515
20231224 34284
20240304 35520
20231224 34284
20240305 35527
20231224 34284
20240306 35563
20231224 34284
20240307 35588
20231224 34284
20240308 35607
20231224 34284
20240309 35629
20231224 34284
20240310 35625
20231224 34284
20240311 35614
20231224 34284
20240312 35629
20231224 34284
20240313 35634
20231224 34284
20240314 35648
20231224 34284
20240315 35649
20231224 34284
20240316 35648
20231224 34284
20240317 35681
20231224 34284
20240318 35686
20231224 34284
20240319 35701
20231224 34284
20240320 35706
20231224 34284
20240321 35721
20231224 34284
20240322 35739
20231224 34284
20240323 35775
20231224 34284
20240324 35774
20231224 34284
20240325 35779
20231224 34284
20240326 35783
20231224 34284
20240327 35772
20231224 34284
20240328 35788
20231224 34284
20240329 35813
20231224 34284
20240330 35844
20231224 34284
20240331 35859
20231224 34284
20240401 35892
20231224 34284
20240402 35909
20231224 34284
20240403 35935
20231224 34284
20240404 35947
20231224 34284
20240405 35989
20231224 34284
20240406 36034
20231224 34284
20240407 36055
20231224 34284
20240408 36092
20231224 34284
20240409 36103
20231224 34284
20240410 36137
20231224 34284
20240411 36151
20231224 34284
20240412 36188
20231224 34284
20240413 36187
20231224 34284
20240415 36199
20231224 34284
20240416 36197
20231224 34284
20240417 36207
20231224 34284
20240418 36211
20231224 34284
20240419 36237
20231224 34284
20240420 36231
20231224 34284
20240421 36233
20231224 34284
20240422 36227
20231224 34284
20240423 36225
20231224 34284
20240424 36227
20231224 34284
20240425 36248
20231224 34284
20240426 36253
20231224 34284
20240427 36262
20231224 34284
20240428 36250
20231224 34284
20240429 36255
20231224 34284
20240430 36277
20231224 34284
20240501 36278
20231224 34284
20240503 36275
20231224 34284
20240504 36274
20231224 34284
20240505 36279
20231224 34284
20240506 36256
20231224 34284
20240507 36237
20231224 34284
20240508 36254
20231224 34284
20240509 36240
20231224 34284
20240510 36236
20231224 34284
20240511 36257
20231224 34284
20240512 36252
20231224 34284
20240513 36262
20231224 34284
20240514 36271
20231224 34284
20240515 36285
20231224 34284
20240516 36309
20231224 34284
20240517 36311
20231224 34284
20240518 36331
20231224 34284
20240519 36338
20231224 34284
20240520 36343
20231224 34284
20240521 36336
20231224 34284
20240522 36354
20231224 34284
20240523 36387
20231224 34284
20240524 36394
20231224 34284
20240525 36416
20231224 34284
20240526 36418
20231224 34284
20240527 36425
20231224 34284
20240528 36426
20231224 34284
20240529 36443
20231224 34284
20240530 36446
20231224 34284
20240531 36465
20231224 34284
20240601 36482
20231224 34284
20240602 36492
20231224 34284
20240603 36486
20231224 34284
20240604 36489
20231224 34284
20240605 36510
20231224 34284
20240606 36514
20231224 34284
20240609 36531
20231224 34284
20240611 36547
20231224 34284
20240612 36567
20231224 34284
20240613 36582
20231224 34284
20240614 36585
20231224 34284
20240615 36592
20231224 34284
20240616 36581
20231224 34284
20240617 36587
20231224 34284
20240618 36590
20231224 34284
20240620 36585
20231224 34284
20240621 36618
20231224 34284
20240622 36630
20231224 34284
20240623 36637
20231224 34284
20240624 36646
20231224 34284
20240626 36671
20231224 34284
20240627 36672
20231224 34284
20240628 36669
20231224 34284
20240629 36658
20231224 34284
20240630 36659
20231224 34284
20240701 36652
20231224 34284
20240702 36659
20231224 34284
20240703 36669
20231224 34284
20240704 36664
20231224 34284
20240705 36655
20231224 34284
20240706 36651
20240708 36651
20240709 36665
20240708 36651
20240710 36648
20240708 36651
20240711 36659
20240708 36651
20240712 36650
20240708 36651
20240713 36645
20240708 36651
20240714 36632
20240708 36651
20240715 36622
20240708 36651
20240716 36614
20240708 36651
20240717 36622
20240708 36651
20240718 36638
20240708 36651
20240719 36654
20240708 36651
20240720 36660
20240708 36651
20240721 36658
20240708 36651
20240722 36660
20240708 36651
20240723 36676
20240724 36676
20240725 36680
20240724 36676
20240726 36690
20240724 36676
20240727 36696
20240724 36676
20240728 36681
20240724 36676
20240729 36684
20240724 36676
20240730 36686
20240724 36676
20240731 36694
20240724 36676
20240801 36696
20240724 36676
20240802 36710
20240724 36676
20240803 36721
20240724 36676
20240804 36714
20240724 36676
20240805 36701
20240724 36676
20240806 36683
20240724 36676
20240807 36687
20240724 36676
20240808 36689
20240724 36676
20240809 36692
20240724 36676
20240810 36705
20240724 36676
20240811 36704
20240724 36676
20240812 36698
20240724 36676
20240813 36707
20240724 36676
20240814 36720
20240724 36676
20240815 36723
20240724 36676
20240816 36722
20240724 36676
20240817 36721
20240724 36676
20240818 36722
20240724 36676
20240819 36719
20240724 36676
20240820 36728
20240724 36676
20240821 36733
20240724 36676
20240822 36719
20240724 36676
20240823 36734
20240724 36676
20240824 36728
20240724 36676
20240825 36722
20240724 36676
20240826 36721
20240724 36676
20240827 36727
20240724 36676
20240828 36733
20240724 36676
20240829 36740
20240724 36676
20240830 36734
20240724 36676
20240831 36706
20240724 36676
20240901 36694
20240724 36676
20240902 36682
20240724 36676
20240903 36675
20240724 36676
20240904 36679
20240724 36676
20240905 36677
20240724 36676
20240906 36618
20240724 36676
20240907 36596
20240724 36676
20240908 36588
20240724 36676
20240909 36592
20240724 36676
20240910 36618
20240724 36676
20240911 36629
20240724 36676
20240912 36640
20240724 36676
20240913 36631
20240724 36676
20240914 36641
20240724 36676
20240915 36647
20240724 36676
20240916 36653
20240724 36676
20240917 36666
20240724 36676
20240918 36665
20240919 36665
20240920 36659
20240919 36665
20240921 36655
20240919 36665
20240921 36658
20240919 36665
20240922 36655
20240919 36665
20240925 36677
20240925 36677
