20230707 4813
20230709 4814
20230710 4816
20230711 4814
20230712 4819
20230713 4818
20230714 4820
20230715 4821
20230730 4818
20230731 4815
20230801 4814
20230802 4814
20230803 4816
20230804 4815
20230805 4817
20230806 4816
20230807 4813
20230808 4814
20230809 4817
20230810 4819
20230811 4816
20230812 4816
20230813 4819
20230815 4820
20230816 4825
20230817 4824
20230818 4824
20230819 4826
20230820 4827
20230821 4826
20230822 4829
20230823 4833
20230824 4830
20230825 4823
20230826 4824
20230827 4819
20230828 4822
20230829 4826
20230830 4828
20230831 4819
20230901 4816
20230902 4815
20230903 4815
20230904 4813
20230905 4818
20230906 4814
20230907 4814
20230908 4816
20230909 4817
20230910 4813
20230911 4811
20230912 4810
