20230707 17
20230709 17
20230710 17
20230711 17
20230712 17
20230714 17
20230715 17
20230730 17
20230731 17
20230801 17
20230802 17
20230803 17
20230804 17
20230805 17
20230806 17
20230807 17
20230808 17
20230809 17
20230810 17
20230811 17
20230812 17
20230813 17
20230815 17
20230816 17
20230817 17
20230818 17
20230819 17
20230820 17
20230821 17
20230822 17
20230823 17
20230824 17
20230825 17
20230826 17
20230827 17
20230828 17
20230829 17
20230830 17
20230831 17
20230901 17
20230902 17
20230903 17
20230904 17
20230905 17
20230906 17
20230907 17
20230908 17
20230909 17
20230910 17
20230911 17
20230912 17
20230913 17
20230914 17
20230915 17
20230916 17
20230917 17
20230918 17
20230919 17
20230920 16
20230921 16
20230922 16
20230923 16
20230924 16
20230925 16
20230926 16
20230927 16
20230928 16
20230929 16
20230930 16
20231001 16
20231002 16
20231003 16
20231005 16
20231007 16
20231008 16
20231009 16
20231010 16
20231011 16
20231012 16
20231013 16
20231014 16
20231015 16
20231016 16
20231017 16
20231018 16
20231019 16
20231020 16
20231021 16
20231022 16
20231023 16
20231024 16
20231025 16
20231026 16
20231027 16
20231028 16
20231029 16
20231030 16
20231031 16
20231101 16
20231102 16
20231103 16
20231104 16
20231105 16
20231106 16
20231107 16
20231108 16
20231109 16
20231110 16
20231111 16
20231112 16
20231113 16
20231114 16
20231115 16
20231116 16
20231117 16
20231118 16
20231120 16
20231121 16
20231122 16
20231123 16
20231124 16
20231125 16
20231126 16
20231127 16
20231128 16
20231129 16
20231130 16
20231201 16
20231202 16
20231203 16
20231204 16
20231205 16
20231206 16
20231207 16
20231208 16
20231209 16
20231210 16
20231211 16
20231212 16
20231213 16
20231214 16
20231215 16
20231216 16
20231217 16
20231218 16
20231219 16
20231220 16
20231221 16
20231222 16
20231223 16
20231224 16
20231225 16
20231226 16
20231227 16
20231230 16
20231231 16
20240101 16
20240102 16
20240103 16
20240104 16
20240105 16
