20230707 9341
20240624 9341
20240626 9341
20240627 9341
20240628 9341
20240629 9341
20240630 9341
20240701 9341
20240702 9341
20240703 9341
20240704 9341
20240705 9341
20240706 9341
20240707 9341
20240708 9341
20240709 9341
20240710 9341
20240711 9341
20240712 9341
20240713 9341
20240714 9341
20240715 9341
20240716 9341
20240717 9341
20240718 9341
20240719 9341
20240720 9341
20240721 9341
20240722 9341
20240723 9341
20240724 9341
20240725 9341
20240726 9341
20240727 9341
20240728 9341
20240729 9341
20240730 9341
20240731 9341
20240801 9341
20240802 9341
20240803 9341
20240804 9341
20240805 9341
20240806 9341
20240806 9341
20240807 9341
20240808 9341
20240809 9341
20240810 9341
20240811 9341
20240812 9341
20240813 9341
20240814 9341
20240815 9341
20240820 9341
20240821 9341
20240822 9341
