20230707 9
20230709 9
20230710 9
20230711 9
20230712 9
20230714 9
20230715 9
20230730 9
20230731 9
20230801 9
20230802 9
20230803 9
20230804 9
20230805 9
20230806 9
20230807 9
20230808 9
20230809 9
20230810 9
20230811 9
20230812 9
20230813 9
20230815 9
20230816 9
20230817 9
20230818 9
20230819 9
20230820 9
20230821 9
20230822 9
20230823 9
20230824 9
20230825 9
20230826 9
20230827 9
20230828 9
20230829 9
20230830 9
20230831 9
20230901 9
20230902 9
20230903 9
20230904 9
20230905 9
20230906 9
20230907 9
20230908 9
20230909 9
20230910 9
20230911 9
20230912 9
20230913 9
20230914 9
20230915 9
20230916 9
20230917 9
20230918 9
20230919 9
20230920 8
20230921 8
20230922 8
20230923 8
20230924 8
20230925 8
20230926 8
20230927 8
20230928 8
20230929 8
20230930 8
20231001 8
20231002 8
20231003 8
20231005 8
20231007 8
20231008 8
20231009 8
20231010 8
20231011 8
20231012 8
20231013 8
20231014 8
20231015 8
20231016 8
20231017 8
20231018 8
20231019 8
20231020 8
20231021 8
20231022 8
20231023 8
20231024 8
20231025 8
20231026 8
20231027 8
20231028 8
20231029 8
20231030 8
20231031 8
20231101 8
20231102 8
20231103 8
20231104 8
20231105 8
20231106 8
20231107 8
20231108 8
20231109 8
20231110 8
20231111 8
20231112 8
20231113 8
20231114 8
20231115 8
20231116 8
20231117 8
20231118 8
20231120 8
20231121 8
20231122 8
20231123 8
20231124 8
20231125 8
20231126 8
20231127 8
20231128 8
20231129 8
20231130 8
20231201 8
20231202 8
20231203 8
20231204 8
20231205 8
20231206 8
20231207 8
20231208 8
20231209 8
20231210 8
20231211 8
20231212 8
20231213 8
20231214 8
20231215 8
20231216 8
20231217 8
20231218 8
20231219 8
20231220 8
20231221 8
20231222 8
20231223 8
20231224 8
20231225 8
20231226 8
20231227 8
20231230 8
20231231 8
20240101 8
20240102 8
20240103 8
20240104 8
20240105 8
20240106 8
20240107 8
20240108 8
20240109 8
20240110 8
20240111 8
20240112 8
20240113 8
20240114 8
20240115 8
20240116 8
20240117 8
20240118 8
20240119 8
20240120 8
20240121 8
20240122 8
20240124 8
20240125 8
20240126 8
20240127 8
20240128 8
20240129 8
20240130 8
20240131 8
20240201 8
20240202 8
20240203 8
20240204 8
20240205 8
20240206 8
20240207 8
20240208 8
20240209 8
20240210 8
20240211 8
20240212 8
20240213 8
20240214 8
20240215 8
20240216 8
20240217 8
20240218 8
20240219 8
20240220 8
20240221 8
20240222 8
20240223 8
20240224 8
20240225 8
20240226 8
20240227 8
20240228 8
20240229 8
20240301 8
20240302 8
20240303 8
20240304 8
20240305 8
20240306 8
20240307 8
20240308 8
20240309 8
20240310 8
20240311 8
20240312 8
20240313 8
20240314 8
20240315 8
20240316 8
20240317 8
20240318 8
20240319 8
20240320 8
20240321 8
20240322 8
20240323 8
20240324 8
20240325 8
20240326 8
20240327 8
20240328 8
20240329 8
20240330 8
20240331 8
20240401 8
20240402 8
20240403 8
20240404 8
20240405 8
20240406 8
20240407 8
20240408 8
20240409 8
20240410 8
20240411 8
20240412 8
20240413 8
20240415 8
20240416 8
20240417 8
20240418 8
20240419 8
20240420 8
20240421 8
20240422 8
20240423 8
20240424 8
20240425 8
20240426 8
20240427 8
20240428 8
20240429 8
20240430 8
20240501 8
20240503 8
20240504 8
20240505 8
20240506 8
20240507 8
20240508 8
20240509 8
20240510 8
20240511 8
20240512 8
20240513 8
20240514 8
20240515 8
20240516 8
20240517 8
20240518 8
20240519 8
20240520 8
20240521 8
20240522 8
20240523 8
20240524 8
20240525 8
20240526 8
20240527 8
20240528 8
20240529 8
20240530 8
20240531 8
20240601 8
20240602 8
20240603 8
20240604 8
20240605 8
20240606 8
20240609 8
20240611 8
20240612 8
20240613 8
20240614 8
20240615 8
