20230922 3708
20230924 3707
20230925 3707
20230926 3708
20230927 3711
20230928 3712
20230929 3705
20230930 3703
20231001 3704
20231002 3687
20231003 3685
20231005 3681
20231007 3675
20231008 3668
20231009 3663
20231010 3666
20231011 3664
20231012 3664
20231013 3664
20231014 3664
20231015 3666
20231016 3668
20231017 3668
20231018 3670
20231019 3670
20231020 3663
20231021 3662
20231022 3666
20231023 3666
20231024 3659
20231025 3665
20231026 3664
20231027 3663
20231028 3663
20231029 3662
20231030 3665
20231031 3666
20231101 3666
20231102 3673
20231103 3671
20231104 3653
20231105 3639
20231106 3637
20231107 3633
20231108 3633
20231109 3638
20231110 3638
20231111 3638
20231112 3639
20231113 3639
20231114 3640
20231115 3639
20231116 3638
20231117 3639
20231118 3641
20231120 3632
20231121 3626
20231122 3589
20231123 3565
20231124 3564
