20230922 13876
20230924 13881
20230925 13882
20230926 13886
20230927 13886
20230928 13889
20230929 13889
20230930 13889
20231001 13890
20231002 13890
20231003 13890
20231005 13890
20231007 13900
20231008 13901
20231009 13906
20231010 13898
20231011 13892
20231012 13892
20231013 13893
20231014 13897
20231015 13897
20231016 13901
20231017 13901
20231018 13903
20231019 13903
20231020 13905
20231021 13909
20231022 13913
20231023 13916
20231024 13916
20231025 13917
20231026 13917
20231027 13918
20231028 13920
20231029 13924
20231030 13926
20231031 13928
20231101 13926
20231102 13927
20231103 13928
20231104 13931
20231105 13931
20231106 13932
20231107 13931
20231108 13931
20231109 13933
20231110 13931
20231111 13932
20231112 13932
20231113 13935
20231114 13935
20231115 13938
20231116 13938
20231117 13940
20231118 13941
20231120 13943
20231121 13945
20231122 13946
20231123 13948
20231124 13949
20231125 13949
20231126 13957
20231127 13960
20231128 13960
20231129 13961
20231130 13965
20231201 13963
20231202 13967
20231203 13966
20231204 13967
20231205 13967
20231206 13966
20231207 13954
20231208 13956
20231209 13953
20231210 13961
20231211 13966
20231212 13968
20231213 13970
20231214 13971
20231215 13971
20231216 13972
