20230707 6934
20230709 6930
20230710 6921
20230711 6923
20230712 6926
20230713 6932
20230714 6938
20230715 6938
20230730 6928
20230731 6927
20230801 6909
20230802 6908
20230803 6909
20230804 6904
20230805 6907
20230806 6899
20230807 6901
20230808 6899
20230809 6900
20230810 6901
20230811 6897
20230812 6898
20230813 6898
20230815 6906
20230816 6900
20230817 6895
20230818 6890
20230819 6887
20230820 6881
20230821 6880
20230822 6883
20230823 6884
20230824 6883
20230825 6884
20230826 6884
20230827 6883
20230828 6879
20230829 6875
20230830 6879
20230831 6877
20230901 6878
20230902 6868
20230903 6869
20230904 6869
20230905 6870
20230906 6881
20230907 6881
20230908 6892
20230909 6888
20230910 6888
