20230707 41186
20230709 41168
20230710 41168
20230711 41180
20230712 41169
20230713 41173
20230714 41176
20230715 41167
20230730 41072
20230731 41065
20230801 41075
20230802 41032
20230803 41024
20230804 41015
20230805 40997
20230806 41033
20230807 41041
20230808 41049
20230809 41036
20230810 41029
20230811 41040
20230812 41043
20230813 41037
20230815 41007
20230816 41012
20230817 41003
20230818 40989
20230819 40996
20230820 40978
20230821 40974
20230822 40982
20230823 40980
20230824 40967
20230825 40984
20230826 40976
20230827 40965
20230828 40952
20230829 40957
20230830 40931
20230831 40914
20230901 40901
20230902 40808
20230903 40801
20230904 40733
20230905 40725
20230906 40690
20230907 40675
20230908 40673
20230909 40649
20230910 40655
20230911 40645
20230912 40648
20230913 40658
20230914 40684
20230915 40678
20230916 40676
20230917 40667
20230918 40660
20230919 40651
20230920 37226
20230921 37217
20230922 37214
20230923 37222
20230924 37206
20230925 37193
20230926 37190
20230927 37192
20230928 37193
20230929 37170
20230930 37164
20231001 37153
20231002 37141
20231003 37153
20231005 37160
20231007 37156
20231008 37158
20231009 37165
20231010 37160
20231011 37163
20231012 37169
20231013 37167
20231014 37167
