20230922 2071
20230924 2072
20230925 2072
20230926 2072
20230927 2073
20230928 2073
20230929 2073
20230930 2073
20231001 2074
20231002 2074
20231003 2074
20231005 2074
20231007 2074
20231008 2074
20231009 2074
20231010 2074
20231011 2074
20231012 2074
20231013 2074
20231014 2074
20231015 2074
20231016 2074
20231017 2074
20231018 2075
20231019 2075
20231020 2073
20231021 2073
20231022 2073
20231023 2074
20231024 2074
20231025 2074
20231026 2073
20231027 2075
20231028 2075
20231029 2076
20231030 2077
20231031 2078
20231101 2078
20231102 2079
20231103 2079
20231104 2079
20231105 2080
20231106 2080
20231107 2080
20231108 2080
20231109 2080
20231110 2082
20231111 2082
20231112 2084
20231113 2084
20231114 2085
20231115 2085
20231116 2086
20231117 2086
20231118 2083
20231120 2083
20231121 2083
20231122 2083
20231123 2082
20231124 2085
20231125 2084
20231126 2087
20231127 2087
20231128 2087
20231129 2087
20231130 2087
20231201 2089
20231202 2089
20231203 2091
20231204 2091
20231205 2091
20231206 2091
20231207 2091
20231208 2091
20231209 2091
20231210 2089
20231211 2090
20231212 2090
