20230707 2066
20230709 2066
20230710 2066
20230711 2066
20230712 2066
20230714 2066
20230715 2066
20230731 2066
20230801 2066
20230802 2066
20230803 2066
20230804 2066
20230805 2066
20230806 2066
20230807 2066
20230808 2066
20230809 2066
20230810 2066
20230811 2066
20230812 2066
20230813 2066
20230815 2066
20230816 2066
20230817 2066
20230818 2066
20230819 2066
20230820 2066
20230821 2066
20230822 2066
20230823 2066
20230824 2066
20230825 2066
20230826 2066
20230827 2066
20230828 2066
20230829 2066
20230830 2066
20230831 2066
20230901 2066
20230902 2066
20230903 2066
20230904 2066
20230905 2066
20230906 2066
20230907 2066
20230908 2066
20230909 2066
20230910 2066
20230911 2066
20230912 2066
20230913 2066
20230914 2066
20230915 2066
20230916 2066
