20230707 3
20230919 3
20230920 1
20250826 1
20250827 27
20250828 34
20250829 39
20250830 41
20250902 41
20250903 45
20250904 47
20250905 48
20250906 53
20250908 53
20250909 55
20250910 55
20250911 57
20250912 66
20250913 69
20250915 69
20250916 74
20250917 80
20250918 82
20250919 86
20250920 89
20250922 89
20250923 93
20250924 98
20250925 109
20251001 109
20251002 110
20251003 110
20251004 114
20251005 114
20251006 124
20251007 273
20251008 316
20251009 340
20251010 351
20251011 359
20251012 366
20251013 369
20251014 371
20251015 379
20251016 386
20251017 390
20251018 395
20251019 399
20251020 402
20251021 407
20251022 407
20251023 411
20251024 419
20251025 426
20251026 428
20251027 433
20251028 440
20251029 445
20251030 454
20251031 458
20251101 460
20251102 465
20251103 470
20251104 474
20251105 478
20251106 479
20251107 485
20251108 489
20251109 491
20251110 494
20251111 498
20251112 501
20251113 503
20251114 506
20251115 512
20251116 516
20251117 528
20251118 532
20251119 537
20251120 543
20251121 547
20251122 549
20251123 550
20251124 554
20251125 557
20251126 567
20251127 584
20251128 588
20251129 597
20251130 604
20251202 614
20251203 623
20251204 626
20251206 638
20251207 641
20251208 653
20251209 655
20251210 658
20251212 664
20251213 666
20251214 667
20251217 685
20260103 739
20260104 741
20260105 742
20260107 749
20260108 752
20260109 754
20260110 756
20260111 766
20260112 769
20260113 771
20260114 771
20260115 774
20260116 779
20260117 786
20260118 784
20260119 788
20260120 792
20260121 795
20260122 795
20260123 802
20260124 806
20260125 807
20260126 810
20260127 819
20260128 826
20260130 829
20260131 835
20260201 836
20260202 838
20260203 840
20260204 843
20260205 850
20260206 855
20260208 864
20260209 866
20260210 871
20260211 876
20260212 877
20260213 878
20260214 882
20260215 883
20260216 886
20260217 890
20260218 893
20260219 899
20260220 902
20260221 904
20260222 908
20260223 910
20260224 911
20260225 914
20260226 915
20260227 916
20260228 921
20260301 922
20260303 926
20260304 929
20260305 936
20260306 937
20260307 942
20260308 942
20260309 948
20260310 949
20260311 948
20260313 953
20260314 957
