20230707 89
20230709 89
20230710 89
20230711 89
20230712 89
20230714 89
20230715 89
20230730 89
20230731 89
20230801 89
20230802 89
20230803 89
20230804 89
20230805 90
20230806 90
20230807 90
20230808 90
20230809 90
20230810 90
20230811 90
20230812 90
20230813 90
20230815 90
20230816 90
20230817 90
20230818 90
20230819 90
20230820 90
20230821 90
20230822 90
20230823 90
20230824 90
20230825 90
20230826 90
20230827 90
20230828 90
20230829 90
20230830 90
20230831 90
20230901 90
20230902 90
20230903 90
20230904 90
20230905 90
20230906 90
20230907 90
20230908 90
20230909 90
20230910 90
20230911 90
20230912 90
20230913 90
20230914 90
20230915 90
20230916 90
20230917 90
20230918 90
20230919 90
