20230707 807
20230709 807
20230710 804
20230711 804
20230712 806
20230713 805
20230714 806
20230715 805
20230730 807
20230731 808
20230801 809
20230802 808
20230803 808
20230804 808
20230805 810
20230806 807
20230807 807
20230808 807
20230809 808
20230810 808
20230811 808
20230812 808
20230813 808
20230815 808
20230816 808
20230817 813
20230818 814
20230819 814
20230820 814
20230821 813
20230822 814
20230823 817
20230824 817
20230825 819
20230826 820
20230827 820
20230828 822
20230829 822
20230830 822
20230831 823
20230901 825
20230902 825
