20230707 4954
20230709 4957
20230710 4958
20230711 4963
20230712 4968
20230713 4969
20230714 4967
20230715 4974
20230730 5058
20230731 5079
20230801 5090
20230802 5100
20230803 5106
20230804 5109
20230805 5109
20230806 5116
20230807 5120
20230808 5116
20230809 5123
20230810 5313
20230811 5321
20230812 5325
20230813 5315
20230815 5299
20230816 5305
20230817 5316
20230818 5314
20230819 5316
20230820 5315
20230821 5313
20230822 5312
20230823 5315
20230824 5320
20230825 5327
20230826 5333
20230827 5338
20230828 5339
20230829 5337
20230830 5339
20230831 5341
20230901 5340
20230902 5342
20230903 5337
20230904 5339
20230905 5340
20230906 5353
20230907 5346
20230908 5342
20230909 5340
20230910 5341
20230911 5350
20230912 5348
20230913 5347
20230914 5343
20230915 5343
20230916 5343
20230917 5349
20230918 5350
20230919 5354
20230920 5256
20230921 5256
20230922 5263
20230923 5254
20230924 5258
20230925 5263
20230926 5262
20230927 5262
20230928 5264
20230929 5260
20230930 5264
20231001 5268
20231002 5267
20231003 5269
20231005 5261
20231007 5256
20231008 5263
20231009 5263
20231010 5258
20231011 5251
20231012 5251
20231013 5256
20231014 5252
20231015 5250
20231016 5247
20231017 5245
20231018 5245
20231019 5237
20231020 5239
20231021 5241
20231022 5237
20231023 5239
20231024 5235
20231025 5221
20231026 5227
20231027 5227
20231028 5223
20231029 5219
