20230707 11887
20230709 11886
20230710 11890
20230711 11885
20230712 11881
20230713 11886
20230714 11891
20230715 11896
20230730 11896
20230731 11897
20230730 11896
20230801 11901
20230730 11896
20230802 11899
20230730 11896
20230803 11911
20230730 11896
20230804 11919
20230730 11896
20230805 11916
20230730 11896
20230806 11923
20230730 11896
20230807 11924
20230808 11924
20230809 11923
20230808 11924
20230810 11925
20230811 11924
20230808 11924
20230812 11921
20230808 11924
20230813 11926
20230815 11924
20230808 11924
20230816 11928
20230808 11924
20230817 11931
20230808 11924
20230818 11946
20230808 11924
20230819 11952
20230808 11924
20230820 11955
20230808 11924
20230821 11947
20230808 11924
20230822 11941
20230808 11924
20230823 11943
20230808 11924
20230824 11946
20230808 11924
20230825 11944
20230808 11924
20230826 11928
20230808 11924
20230827 11941
20230808 11924
20230828 11950
20230808 11924
20230829 11956
20230808 11924
20230830 11955
20230808 11924
20230831 11957
20230901 11957
20230902 11959
20230901 11957
20230903 11956
20230901 11957
20230904 11960
20230901 11957
20230905 11962
20230906 11962
20230907 11970
20230906 11962
20230908 11980
20230909 11980
20230910 11982
20230909 11980
20230911 11983
20230909 11980
20230912 11987
20230909 11980
20230913 11986
20230909 11980
20230914 11993
20230909 11980
20230915 11989
20230916 11989
20230917 11987
20230918 11987
20230919 11983
20230918 11987
20230920 11099
20230918 11987
20230921 11113
20230918 11987
20230922 11115
20230918 11987
20230923 11111
20230918 11987
20230924 11112
20230925 11112
20230926 11101
20230925 11112
20230927 11097
20230925 11112
20230928 11104
20230925 11112
20230929 11096
20230925 11112
20230930 11094
20230925 11112
20231001 11090
20230925 11112
20231002 11067
20230925 11112
20231003 11066
20230925 11112
20231005 11065
20230925 11112
20231007 11068
20230925 11112
20231008 11064
20230925 11112
20231009 11062
20230925 11112
20231010 11072
20231011 11072
20231012 11070
20231013 11072
20231011 11072
20231014 11074
20231015 11072
20231011 11072
20231016 11076
20231011 11072
20231017 11092
20231011 11072
20231018 11088
20231011 11072
20231019 11087
20231011 11072
20231020 11095
20231021 11095
20231022 11100
20231021 11095
20231023 11109
20231021 11095
20231024 11102
20231021 11095
20231025 11109
20231021 11095
20231026 11122
20231021 11095
20231027 11139
20231021 11095
20231028 11134
20231021 11095
20231029 11135
20231030 11135
20231031 11127
20231101 11127
20231102 11130
20231101 11127
20231103 11138
20231104 11138
20231105 11133
20231104 11138
20231106 11136
20231104 11138
20231107 11111
20231104 11138
20231108 11115
20231104 11138
20231109 11116
20231104 11138
20231110 11117
20231104 11138
20231111 11112
20231104 11138
20231112 11111
20231104 11138
20231113 11110
20231104 11138
20231114 11101
20231104 11138
20231115 11108
20231104 11138
20231116 11105
20231104 11138
20231117 11112
20231104 11138
20231118 11116
20231104 11138
20231120 11114
20231121 11114
20231122 11100
20231121 11114
20231123 11103
20231121 11114
20231124 11107
20231121 11114
20231125 11108
20231121 11114
20231126 11101
20231121 11114
20231127 11095
20231121 11114
20231128 11102
20231121 11114
20231129 11104
20231121 11114
20231130 11107
20231121 11114
20231201 11110
20231121 11114
20231202 11116
20231121 11114
20231203 11110
20231121 11114
20231204 11106
20231121 11114
20231205 11108
20231121 11114
20231206 11113
20231121 11114
20231207 11119
20231208 11114
20231209 11114
20231210 11130
20231209 11114
20231211 11126
20231209 11114
20231212 11130
20231209 11114
20231213 11153
20231209 11114
20231214 11154
20231209 11114
20231215 11159
20231209 11114
20231216 11161
20231209 11114
20231217 11157
20231218 11157
20231219 11153
20231218 11157
20231220 11156
20231218 11157
20231221 11163
20231218 11157
20231222 11169
20231218 11157
20231223 11174
20231218 11157
20231224 11172
20231218 11157
20231225 11180
20231218 11157
20231226 11171
20231218 11157
20231227 11176
20231218 11157
20231230 11180
20231218 11157
20231231 11177
20240101 11177
20240102 11181
20240103 11181
20240104 11185
20240105 11185
20240106 11179
20240105 11185
20240107 11182
20240105 11185
20240108 11183
20240105 11185
20240109 11188
20240105 11185
20240110 11194
20240105 11185
20240111 11201
20240105 11185
20240112 11203
20240105 11185
20240113 11212
20240114 11212
20240115 11213
20240114 11212
20240116 11218
20240114 11212
20240117 11224
20240114 11212
20240118 11235
20240114 11212
20240119 11237
20240114 11212
20240120 11241
20240114 11212
20240121 11239
20240114 11212
20240122 11242
20240114 11212
20240124 11259
20240114 11212
20240125 11263
20240114 11212
20240126 11265
20240114 11212
20240127 11272
20240114 11212
20240128 11276
20240114 11212
20240129 11278
20240114 11212
20240130 11285
20240114 11212
20240131 11297
20240114 11212
20240201 11306
20240114 11212
20240202 11310
20240114 11212
20240203 11314
20240114 11212
20240204 11311
20240114 11212
20240205 11319
20240114 11212
20240206 11323
20240114 11212
20240207 11327
20240114 11212
20240208 11336
20240114 11212
20240209 11331
20240114 11212
20240210 11329
20240114 11212
20240211 11322
20240114 11212
20240212 11316
20240114 11212
20240213 11320
20240114 11212
20240214 11325
20240114 11212
20240215 11317
20240114 11212
20240216 11315
20240114 11212
20240217 11311
20240218 11311
20240219 11308
20240218 11311
20240220 11309
20240218 11311
20240221 11314
20240218 11311
20240222 11313
20240218 11311
20240223 11317
20240218 11311
20240224 11323
20240218 11311
20240225 11322
20240218 11311
20240226 11331
20240218 11311
20240227 11329
20240218 11311
20240228 11327
20240218 11311
20240229 11324
20240218 11311
20240301 11334
20240218 11311
20240302 11332
20240218 11311
20240303 11343
20240218 11311
20240304 11340
20240218 11311
20240305 11341
20240218 11311
20240306 11339
20240218 11311
20240307 11340
20240218 11311
20240308 11338
20240218 11311
20240309 11339
20240218 11311
20240310 11343
20240218 11311
20240311 11338
20240218 11311
20240312 11335
20240218 11311
20240313 11328
20240218 11311
20240314 11325
20240218 11311
20240315 11327
20240218 11311
20240316 11321
20240218 11311
20240317 11323
20240218 11311
20240318 11318
20240218 11311
20240319 11321
20240218 11311
20240320 11324
20240218 11311
20240321 11329
20240218 11311
20240322 11328
20240218 11311
20240323 11332
20240218 11311
20240324 11331
20240218 11311
20240325 11327
20240218 11311
20240326 11322
20240218 11311
20240327 11317
20240218 11311
20240328 11327
20240218 11311
20240329 11328
20240218 11311
20240330 11330
20240218 11311
20240331 11328
20240218 11311
20240401 11322
20240218 11311
20240402 11321
20240218 11311
20240403 11316
20240218 11311
20240404 11318
20240218 11311
20240405 11316
20240218 11311
20240406 11309
20240407 11311
20240218 11311
20240408 11314
20240218 11311
20240409 11313
20240218 11311
20240410 11316
20240218 11311
20240411 11327
20240218 11311
20240412 11337
20240218 11311
20240413 11340
20240218 11311
20240415 11341
20240218 11311
20240416 11346
20240218 11311
20240417 11335
20240218 11311
20240418 11356
20240218 11311
20240419 11362
20240218 11311
20240420 11366
20240218 11311
20240421 11377
20240218 11311
20240422 11379
20240218 11311
20240423 11391
20240218 11311
20240424 11399
20240218 11311
20240425 11405
20240218 11311
20240426 11404
20240218 11311
20240427 11406
20240218 11311
20240428 11397
20240429 11397
20240430 11403
20240429 11397
20240501 11408
20240429 11397
20240503 11421
20240429 11397
20240504 11420
20240429 11397
20240505 11423
20240429 11397
20240506 11429
20240429 11397
20240507 11431
20240429 11397
20240508 11425
20240429 11397
20240509 11426
20240429 11397
20240510 11432
20240429 11397
20240511 11438
20240429 11397
20240512 11440
20240429 11397
20240513 11437
20240429 11397
20240514 11436
20240429 11397
20240515 11448
20240429 11397
20240516 11469
20240429 11397
20240517 11467
20240429 11397
20240518 11473
20240429 11397
20240519 11476
20240429 11397
20240520 11479
20240429 11397
20240521 11481
20240429 11397
20240522 11491
20240429 11397
20240523 11506
20240524 11506
20240525 11514
20240524 11506
20240526 11513
20240527 11506
20240524 11506
20240528 11515
20240524 11506
20240529 11521
20240524 11506
20240530 11527
20240524 11506
20240531 11538
20240524 11506
20240601 11556
20240524 11506
20240602 11566
20240524 11506
20240603 11573
20240524 11506
20240604 11581
20240524 11506
20240605 11584
20240524 11506
20240606 11593
20240524 11506
20240609 11605
20240524 11506
20240611 11604
20240524 11506
20240612 11606
20240524 11506
20240613 11610
20240524 11506
20240614 11593
20240524 11506
20240615 11592
20240524 11506
20240616 11594
20240524 11506
20240617 11586
20240524 11506
20240618 11584
20240524 11506
20240620 11591
20240524 11506
20240621 11596
20240524 11506
20240622 11610
20240524 11506
20240623 11601
20240524 11506
20240624 11598
20240524 11506
20240626 11633
20240627 11633
20240628 11645
20240627 11633
20240629 11656
20240627 11633
20240630 11664
20240627 11633
20240701 11660
20240627 11633
20240702 11728
20240627 11633
20240703 11752
20240627 11633
20240704 11749
20240627 11633
20240705 11754
20240627 11633
20240706 11779
20240627 11633
20240707 11786
20240627 11633
20240708 11785
20240627 11633
20240709 11783
20240627 11633
20240710 11786
20240627 11633
20240711 11789
20240712 11789
20240713 11788
20240712 11789
20240714 11795
20240712 11789
20240715 11791
20240712 11789
20240716 11790
20240717 11789
20240712 11789
20240718 11813
20240712 11789
20240719 11822
20240712 11789
20240720 11818
20240712 11789
20240721 11828
20240724 11828
20240725 11833
20240724 11828
20240726 11836
20240724 11828
20240727 11832
20240724 11828
20240728 11825
20240724 11828
20240729 11824
20240724 11828
20240730 11819
20240724 11828
20240731 11832
20240724 11828
20240801 11835
20240724 11828
20240802 11840
20240724 11828
20240803 11842
20240724 11828
20240804 11849
20240724 11828
20240805 11843
20240724 11828
20240806 11840
20240724 11828
20240807 11843
20240724 11828
20240808 11848
20240724 11828
20240809 11852
20240724 11828
20240810 11853
20240724 11828
20240811 11851
20240724 11828
20240812 11849
20240813 11849
20240814 11847
20240815 11849
20240813 11849
20240816 11848
20240813 11849
20240817 11847
20240813 11849
20240818 11845
20240813 11849
20240819 11848
20240813 11849
20240820 11855
20240813 11849
20240821 11854
20240813 11849
20240822 11858
20240813 11849
20240823 11863
20240813 11849
20240824 11867
20240813 11849
20240825 11864
20240813 11849
20240826 11863
20240813 11849
20240827 11864
20240813 11849
20240828 11872
20240813 11849
20240829 11869
20240813 11849
20240830 11872
20240813 11849
20240831 11878
20240813 11849
20240901 11882
20240813 11849
20240902 11881
20240813 11849
20240903 11885
20240813 11849
20240904 11892
20240813 11849
20240905 11902
20240906 11902
20240907 11912
20240906 11902
20240908 11914
20240906 11902
20240909 11916
20240906 11902
20240910 11919
20240906 11902
20240911 11920
20240906 11902
20240912 11919
20240906 11902
20240913 11928
20240906 11902
20240914 11935
20240915 11935
20240916 11941
20240915 11935
20240917 11964
20240915 11935
20240918 11977
20240915 11935
20240919 11981
20240915 11935
20240920 11995
20240915 11935
20240921 11999
20240915 11935
20240921 12003
20240922 12003
20240925 12015
20240925 12015
