20230707 6497
20230709 6502
20230710 6499
20230711 6496
20230712 6501
20230713 6503
20230714 6503
20230715 6502
20230714 6503
20230730 6562
20230714 6503
20230731 6578
20230714 6503
20230801 6583
20230714 6503
20230802 6585
20230714 6503
20230803 6574
20230714 6503
20230804 6582
20230714 6503
20230805 6584
20230714 6503
20230806 6586
20230714 6503
20230807 6594
20230714 6503
20230808 6595
20230714 6503
20230809 6589
20230714 6503
20230810 6597
20230714 6503
20230811 6596
20230714 6503
20230812 6600
20230714 6503
20230813 6602
20230714 6503
20230815 6604
20230714 6503
20230816 6605
20230714 6503
20230817 6614
20230714 6503
20230818 6611
20230714 6503
20230819 6599
20230714 6503
20230820 6593
20230714 6503
20230821 6572
20230714 6503
20230822 6568
20230714 6503
20230823 6527
20230714 6503
20230824 6556
20230714 6503
20230825 6557
20230714 6503
20230826 6582
20230714 6503
20230827 6581
20230828 6581
20230829 6595
20230828 6581
20230830 6591
20230828 6581
20230831 6619
20230828 6581
20230901 6621
20230828 6581
20230902 6620
20230828 6581
20230903 6616
20230828 6581
20230904 6613
20230828 6581
20230905 6610
20230828 6581
20230906 6618
20230828 6581
20230907 6640
20230828 6581
20230908 6643
20230828 6581
20230909 6652
20230828 6581
20230910 6655
20230828 6581
20230911 6651
20230828 6581
20230912 6649
20230828 6581
20230913 6640
20230828 6581
20230914 6639
20230828 6581
20230915 6628
20230828 6581
20230916 6632
20230828 6581
20230917 6633
20230828 6581
20230918 6634
20230828 6581
20230919 6632
20230828 6581
20230920 6188
20230828 6581
20230921 6185
20230828 6581
20230922 6194
20230828 6581
20230923 6186
20230924 6186
20230925 6180
20230924 6186
20230926 6182
20230924 6186
20230927 6177
20230924 6186
20230928 6185
20230924 6186
20230929 6190
20230924 6186
20230930 6165
20230924 6186
20231001 6158
20230924 6186
20231002 6141
20230924 6186
20231003 6151
20230924 6186
20231005 6139
20230924 6186
20231007 6144
20230924 6186
20231008 6146
20230924 6186
20231009 6159
20230924 6186
20231010 6169
20231011 6169
20231012 6170
20231011 6169
20231013 6175
20231011 6169
20231014 6173
20231011 6169
20231015 6174
20231011 6169
20231016 6168
20231011 6169
20231017 6166
20231011 6169
20231018 6164
20231011 6169
20231019 6165
20231011 6169
20231020 6172
20231011 6169
20231021 6176
20231011 6169
20231022 6180
20231011 6169
20231023 6182
20231024 6182
20231025 6184
20231024 6182
20231026 6189
20231024 6182
20231027 6186
20231028 6182
20231024 6182
20231029 6186
20231024 6182
20231030 6183
20231024 6182
20231031 6185
20231024 6182
20231101 6187
20231102 6182
20231024 6182
20231103 6184
20231024 6182
20231104 6181
20231024 6182
20231105 6180
20231024 6182
20231106 6181
20231024 6182
20231107 6180
20231024 6182
20231108 6181
20231024 6182
20231109 6173
20231024 6182
20231110 6171
20231024 6182
20231111 6173
20231024 6182
20231112 6176
20231024 6182
20231113 6171
20231024 6182
20231114 6175
20231024 6182
20231115 6174
20231024 6182
20231116 6175
20231024 6182
20231117 6201
20231024 6182
20231118 6203
20231024 6182
20231120 6200
20231024 6182
20231121 6203
20231024 6182
20231122 6209
20231024 6182
20231123 6216
20231024 6182
20231124 6221
20231024 6182
20231125 6225
20231024 6182
20231126 6218
20231024 6182
20231127 6222
20231024 6182
20231128 6230
20231024 6182
20231129 6229
20231024 6182
20231130 6233
20231024 6182
20231201 6217
20231024 6182
20231202 6228
20231024 6182
20231203 6231
20231024 6182
20231204 6229
20231024 6182
20231205 6227
20231024 6182
20231206 6231
20231207 6231
20231208 6237
20231207 6231
20231209 6239
20231207 6231
20231210 6260
20231207 6231
20231211 6269
20231207 6231
20231212 6276
20231207 6231
20231213 6301
20231214 6301
20231215 6303
20231214 6301
20231216 6302
20231217 6301
20231214 6301
20231218 6295
20231214 6301
20231219 6289
20231220 6289
20231221 6290
20231220 6289
20231222 6298
20231220 6289
20231223 6293
20231220 6289
20231224 6287
20231220 6289
20231225 6293
20231220 6289
20231226 6281
20231220 6289
20231227 6259
20231220 6289
20231230 6282
20231220 6289
20231231 6283
20231220 6289
20240101 6277
20240102 6277
20240103 6278
20240104 6278
20240105 6272
20240104 6278
20240106 6269
20240104 6278
20240107 6264
20240104 6278
20240108 6268
20240104 6278
20240109 6275
20240104 6278
20240110 6280
20240104 6278
20240111 6282
20240104 6278
20240112 6289
20240104 6278
20240113 6281
20240104 6278
20240114 6285
20240104 6278
20240115 6292
20240104 6278
20240116 6294
20240104 6278
20240117 6290
20240104 6278
20240118 6288
20240104 6278
20240119 6291
20240104 6278
20240120 6289
20240122 6289
20240124 6296
20240122 6289
20240125 6299
20240122 6289
20240126 6277
20240122 6289
20240127 6280
20240122 6289
20240128 6279
20240122 6289
20240129 6280
20240122 6289
20240130 6285
20240122 6289
20240131 6291
20240122 6289
20240201 6294
20240122 6289
20240202 6300
20240122 6289
20240203 6304
20240122 6289
20240204 6302
20240122 6289
20240205 6307
20240122 6289
20240206 6309
20240122 6289
20240207 6312
20240122 6289
20240208 6313
20240122 6289
20240209 6324
20240122 6289
20240210 6328
20240122 6289
20240211 6334
20240122 6289
20240212 6335
20240122 6289
20240213 6340
20240214 6340
20240215 6345
20240214 6340
20240216 6342
20240214 6340
20240217 6343
20240214 6340
20240218 6351
20240214 6340
20240219 6350
20240214 6340
20240220 6348
20240214 6340
20240221 6353
20240214 6340
20240222 6362
20240214 6340
20240223 6361
20240214 6340
20240224 6358
20240214 6340
20240225 6367
20240214 6340
20240226 6370
20240214 6340
20240227 6367
20240214 6340
20240228 6395
20240214 6340
20240229 6406
20240214 6340
20240301 6405
20240214 6340
20240302 6402
20240214 6340
20240303 6392
20240214 6340
20240304 6391
20240214 6340
20240305 6388
20240306 6388
20240307 6377
20240306 6388
20240308 6380
20240309 6380
20240310 6378
20240309 6380
20240311 6377
20240309 6380
20240312 6379
20240309 6380
20240313 6385
20240309 6380
20240314 6387
20240315 6387
20240316 6386
20240315 6387
20240317 6388
20240315 6387
20240318 6381
20240315 6387
20240319 6385
20240320 6385
20240321 6388
20240320 6385
20240322 6389
20240320 6385
20240323 6390
20240320 6385
20240324 6389
20240320 6385
20240325 6388
20240320 6385
20240326 6386
20240320 6385
20240327 6387
20240320 6385
20240328 6381
20240320 6385
20240329 6382
20240320 6385
20240330 6369
20240320 6385
20240331 6359
20240320 6385
20240401 6355
20240320 6385
20240402 6347
20240320 6385
20240403 6328
20240320 6385
20240404 6332
20240320 6385
20240405 6330
20240320 6385
20240406 6326
20240320 6385
20240407 6340
20240320 6385
20240408 6339
20240320 6385
20240409 6334
20240320 6385
20240410 6310
20240320 6385
20240411 6313
20240320 6385
20240412 6316
20240320 6385
20240413 6317
20240320 6385
20240415 6311
20240320 6385
20240416 6313
20240320 6385
20240417 6318
20240320 6385
20240418 6317
20240320 6385
20240419 6318
20240320 6385
20240420 6315
20240320 6385
20240421 6312
20240422 6312
20240423 6311
20240422 6312
20240424 6313
20240422 6312
20240425 6306
20240422 6312
20240426 6311
20240422 6312
20240427 6315
20240422 6312
20240428 6316
20240422 6312
20240429 6317
20240422 6312
20240430 6324
20240422 6312
20240501 6322
20240422 6312
20240503 6324
20240504 6324
20240505 6321
20240504 6324
20240506 6318
20240504 6324
20240507 6322
20240504 6324
20240508 6327
20240504 6324
20240509 6330
20240504 6324
20240510 6326
20240504 6324
20240511 6325
20240504 6324
20240512 6322
20240504 6324
20240513 6321
20240504 6324
20240514 6318
20240504 6324
20240515 6312
20240504 6324
20240516 6316
20240504 6324
20240517 6318
20240518 6324
20240504 6324
20240519 6327
20240504 6324
20240520 6325
20240504 6324
20240521 6321
20240504 6324
20240522 6319
20240504 6324
20240523 6322
20240504 6324
20240524 6325
20240504 6324
20240525 6322
20240526 6322
20240527 6323
20240526 6322
20240528 6326
20240526 6322
20240529 6329
20240526 6322
20240530 6331
20240526 6322
20240531 6329
20240526 6322
20240601 6336
20240526 6322
20240602 6342
20240526 6322
20240603 6344
20240526 6322
20240604 6340
20240526 6322
20240605 6343
20240526 6322
20240606 6341
20240526 6322
20240609 6343
20240526 6322
20240611 6348
20240526 6322
20240612 6347
20240613 6347
20240614 6346
20240615 6347
20240613 6347
20240616 6336
20240613 6347
20240617 6332
20240613 6347
20240618 6325
20240620 6325
20240621 6330
20240623 6330
20240624 6329
20240623 6330
20240626 6316
20240623 6330
20240627 6318
20240623 6330
20240628 6322
20240623 6330
20240629 6327
20240623 6330
20240630 6331
20240623 6330
20240701 6335
20240623 6330
20240702 6333
20240623 6330
20240703 6334
20240623 6330
20240704 6335
20240705 6335
20240706 6337
20240705 6335
20240707 6340
20240705 6335
20240708 6321
20240705 6335
20240709 6315
20240705 6335
20240710 6340
20240705 6335
20240711 6344
20240712 6344
20240713 6346
20240712 6344
20240714 6360
20240712 6344
20240715 6362
20240712 6344
20240716 6359
20240712 6344
20240717 6357
20240712 6344
20240718 6358
20240712 6344
20240719 6361
20240712 6344
20240720 6360
20240712 6344
20240721 6369
20240712 6344
20240722 6367
20240712 6344
20240723 6366
20240724 6366
20240725 6368
20240724 6366
20240726 6370
20240724 6366
20240727 6371
20240728 6371
20240729 6373
20240728 6371
20240730 6374
20240728 6371
20240731 6378
20240801 6378
20240802 6377
20240803 6378
20240801 6378
20240804 6382
20240801 6378
20240805 6379
20240801 6378
20240806 6381
20240801 6378
20240807 6373
20240801 6378
20240808 6381
20240801 6378
20240809 6345
20240801 6378
20240810 6346
20240801 6378
20240811 6361
20240801 6378
20240812 6353
20240801 6378
20240813 6363
20240801 6378
20240814 6370
20240801 6378
20240815 6381
20240801 6378
20240816 6385
20240801 6378
20240817 6382
20240801 6378
20240818 6375
20240801 6378
20240819 6359
20240801 6378
20240820 6342
20240801 6378
20240821 6338
20240801 6378
20240822 6340
20240801 6378
20240823 6338
20240801 6378
20240824 6357
20240825 6357
20240826 6359
20240827 6357
20240825 6357
20240828 6354
20240825 6357
20240829 6352
20240825 6357
20240830 6354
20240825 6357
20240831 6387
20240825 6357
20240901 6396
20240825 6357
20240902 6431
20240825 6357
20240903 6429
20240825 6357
20240904 6432
20240825 6357
20240905 6437
20240825 6357
20240906 6447
20240825 6357
20240907 6444
20240825 6357
20240908 6431
20240825 6357
20240909 6420
20240825 6357
20240910 6403
20240825 6357
20240911 6391
20240825 6357
20240912 6397
20240914 6397
20240915 6394
20240914 6397
20240916 6389
20240914 6397
20240917 6388
20240914 6397
20240918 6383
20240914 6397
20240919 6387
20240920 6387
20240921 6390
20240920 6387
20240921 6395
20240922 6395
20240925 6401
20240922 6395
20240926 6409
20240922 6395
20240927 6400
20240922 6395
20240928 6399
20240928 6399
