20230922 6946
20230924 6941
20230925 6945
20230926 6956
20230927 6947
20230928 6949
20230929 6947
20230930 6947
20231001 6951
20231002 6952
20231003 6956
20231005 6955
20231007 6958
20231008 6955
20231009 6957
20231010 6956
20231011 6963
20231012 6958
20231013 6954
20231014 6957
20231015 6955
20231016 6951
20231019 6951
20231020 6944
20231021 6948
20231022 6941
20231023 6944
20231024 6943
20231025 6942
20231026 6942
20231027 6943
20231028 6945
20231029 6947
20231030 6945
20231031 6942
20231101 6938
20231102 6939
20231103 6938
20231104 6943
20231105 6943
20231106 6949
20231107 6942
20231108 6942
20231109 6934
20231110 6938
20231111 6938
20231112 6940
20231113 6941
20231114 6932
20231115 6936
20231116 6929
20231117 6931
20231118 6937
20231120 6936
20231121 6930
20231122 6933
20231123 6932
20231124 6933
20231125 6934
20231126 6931
20231127 6931
20231128 6929
20231129 6932
20231130 6930
20231201 6934
20231202 6923
20231203 6923
20231204 6920
20231205 6920
20231206 6922
20231207 6922
20231208 6919
20231209 6926
20231210 6922
20231211 6922
20231212 6919
20231213 6917
20231214 6918
20231215 6920
20231216 6923
20231217 6928
20231218 6921
20231219 6919
20231220 6920
20231221 6919
20231222 6921
20231223 6922
20231224 6918
20231225 6915
20231226 6913
20231227 6906
20231230 6908
20231231 6907
20240101 6906
20240102 6904
20240103 6897
20240104 6895
20240105 6895
20240106 6908
20240107 6893
20240109 6893
20240110 6885
20240111 6886
20240112 6881
20240113 6883
20240114 6886
20240115 6886
20240116 6892
20240117 6889
20240118 6885
20240119 7189
20240120 6884
20240121 6890
20240122 6888
20240124 6888
20240125 6887
20240126 6895
20240127 6885
20240128 6889
20240129 6888
20240130 6892
20240131 6893
20240201 6888
20240202 6886
20240203 6883
20240204 6885
20240205 6887
20240206 6889
20240207 6891
20240208 6882
20240209 6880
20240210 6877
20240211 6876
20240212 6871
20240213 6875
20240214 6873
20240215 6872
20240216 6869
20240217 6877
20240218 6869
20240219 6870
20240220 6871
20240221 6872
20240222 6870
20240223 6871
20240224 6874
20240225 6867
20240226 6872
20240227 6868
20240228 6863
20240229 6862
20240301 6858
20240302 6858
20240303 6857
20240304 6860
20240305 6867
20240306 6870
20240307 6866
20240308 6869
20240309 6875
20240310 6873
20240311 6890
20240312 6891
20240313 6888
20240314 6882
20240315 6884
20240316 6887
20240317 6883
20240318 6889
20240319 6886
20240320 6885
20240321 6871
20240322 6876
20240323 6871
20240324 6873
20240325 6877
20240326 6869
20240327 6868
20240328 6870
20240329 6873
20240330 6872
20240331 6873
20240401 6883
20240402 6886
20240403 6888
20240404 6884
20240405 6887
20240406 6887
20240407 6892
20240408 6892
20240409 6889
20240410 6889
20240411 6890
20240412 6894
20240413 6892
20240415 6891
20240416 6893
20240417 6892
20240418 6889
20240419 6890
20240420 6892
20240421 6888
20240422 6893
20240423 6890
20240424 6888
20240425 6884
20240426 6884
20240427 6885
20240428 6886
20240429 6882
20240501 6882
20240503 6874
20240504 6873
20240505 6878
20240506 6879
20240507 6879
20240508 6883
20240509 6881
20240510 6882
20240511 6883
20240512 6885
20240513 6885
20240514 6887
20240515 6886
20240516 6885
20240517 6886
20240518 6885
20240520 6885
20240521 6884
20240522 6882
20240523 6883
20240524 6883
20240525 6884
20240526 6882
20240527 6884
20240528 6880
20240529 6877
20240530 6873
20240531 6872
20240601 6874
20240602 6875
20240603 6875
20240604 6876
20240605 6867
20240606 6864
20240609 6871
20240611 6872
20240612 6878
20240613 6870
20240614 6869
20240615 6866
20240616 6860
20240617 6853
20240618 6855
20240620 6855
20240621 6853
20240622 6859
20240623 6851
20240624 6858
20240626 6864
20240627 6863
20240628 6858
20240629 6856
20240630 6856
20240701 6856
20240702 6852
20240703 6857
20240704 6847
20240705 6846
20240706 6850
20240707 6850
20240708 6849
20240709 6851
20240710 6843
20240711 6852
20240712 6846
20240713 6846
20240714 6843
20240715 6850
20240716 6853
20240717 6853
20240718 6849
20240719 6843
20240720 6849
20240721 6844
20240722 6840
20240723 6840
20240724 6841
20240725 6845
20240726 6849
20240727 6843
20240728 6840
20240729 6836
20240730 6835
20240731 6833
20240801 6832
20240802 6832
20240803 6831
20240804 6831
20240805 6830
20240806 6834
20240807 6826
20240808 6826
20240809 6824
20240810 6831
20240811 6831
20240812 6825
20240813 6825
20240814 6819
20240815 6819
20240816 6825
20240817 6826
20240818 6829
20240819 6829
20240820 6824
20240821 6829
20240822 6820
20240823 6827
20240824 6821
20240825 6822
20240826 6815
20240827 6815
20240828 6817
20240829 6817
20240830 6831
20240831 6831
20240901 6828
20240902 6827
20240903 6827
20240904 6833
20240905 6831
20240906 6831
20240907 6831
20240908 6836
20240909 6833
20240910 6834
20240911 6830
20240912 6830
20240913 6830
20240914 6839
20240915 6829
20240916 6831
20240917 6836
20240918 6836
20240919 6832
20240920 6831
20240921 6826
20240922 6827
20240925 6830
20240926 6829
20240927 6827
20240928 6824
20240929 6823
20240930 6827
20241001 6818
20241002 6807
20241003 6807
20241004 6812
20241005 6811
20241006 6811
20241007 6811
20241008 6811
