20230922 1033
20230924 1033
20230925 1037
20230926 1037
20230927 1038
20230928 1038
20230929 1037
20230930 1039
20231001 1041
20231002 1042
20231003 1044
20231005 1045
20231007 1047
20231008 1047
20231009 1047
20231010 1047
20231011 1047
20231012 1047
20231013 1048
20231014 1048
20231015 1048
20231016 1048
20231017 1048
20231018 1048
20231019 1048
20231020 1048
20231021 1048
20231022 1048
20231023 1058
20231024 1059
20231025 1059
20231026 1059
20231027 1061
20231028 1061
20231029 1064
20231030 1066
20231031 1067
20231101 1067
20231102 1067
20231103 1068
20231104 1068
20231105 1068
20231106 1068
20231107 1068
20231108 1068
20231109 1068
20231110 1068
20231111 1069
20231112 1069
20231113 1069
20231114 1069
20231115 1069
20231116 1069
20231117 1069
20231118 1069
20231120 1068
20231121 1068
20231122 1068
20231123 1068
20231124 1068
20231125 1068
