20230707 48990
20230709 49000
20230710 49009
20230711 49038
20230712 49049
20230713 49071
20230714 49109
20230715 49142
20230730 49518
20230731 49534
20230801 49582
20230802 49609
20230803 49664
20230804 49687
20230805 49683
20230806 49693
20230807 49701
20230808 49739
20230809 49772
20230810 49814
20230811 49816
20230812 49843
20230813 49898
20230815 49964
20230816 49984
20230817 50018
20230818 50047
20230819 50047
20230820 50015
20230821 50023
20230822 50059
20230823 50066
20230824 50110
20230825 50135
20230826 50150
20230827 50159
20230828 50156
20230829 50176
20230830 50209
20230831 50273
20230901 50296
