20230707 35788
20230709 35775
20230710 35764
20230711 35762
20230712 35772
20230713 35780
20230714 35774
20230715 35767
20230730 35792
20230731 35794
20230801 35813
20230802 35816
20230803 35820
20230804 35832
20230805 35833
20230806 35826
20230807 35823
20230808 35820
20230809 35819
20230810 35811
20230811 35801
20230812 35796
20230813 35786
20230815 35770
20230816 35768
20230817 35794
20230818 35809
20230819 35811
20230820 35812
20230821 35802
20230822 35805
20230823 35813
20230824 35809
20230825 35812
20230826 35815
20230827 35807
20230828 35803
20230829 35828
20230830 35839
20230831 35843
20230901 35838
20230902 35833
20230903 35812
20230904 35803
20230905 35807
20230906 35814
20230907 35816
20230908 35814
20230909 35815
20230910 35795
20230911 35783
20230912 35780
20230913 35782
20230914 35784
20230915 35788
20230916 35789
20230917 35784
20230918 35786
20230919 35784
20230920 33384
20230921 33387
20230922 33395
20230923 33394
20230924 33380
20230925 33360
20230926 33368
20230927 33373
20230928 33370
20230929 33365
20230930 33358
