20230707 464803
20230709 464799
20230710 464692
20230711 464849
20230712 464769
20230713 465039
20230714 465274
20230715 465357
20230730 467532
20230731 467560
20230801 467931
20230802 468187
20230803 468453
20230804 468554
20230805 468775
20230806 468796
20230807 468722
20230808 469164
20230809 469517
20230810 469776
20230811 469990
20230812 470121
20230813 470114
20230815 470390
20230816 470805
20230817 471031
20230818 471294
20230819 471550
20230820 471567
20230821 471624
20230822 471798
20230823 471963
20230824 472247
20230825 472307
20230826 472476
20230827 472514
20230828 472442
20230829 472769
20230830 473157
20230831 473426
20230901 473621
20230902 473809
20230903 473922
20230904 473891
20230905 474131
20230906 473997
20230907 474155
