20230707 44517
20230709 44481
20230710 44448
20230711 44431
20230712 44424
20230713 44426
20230714 44396
20230715 44384
20230730 44220
20230731 44223
20230801 44202
20230802 44195
20230803 44194
20230804 44188
20230805 44159
20230806 44153
20230807 44142
20230808 44136
20230809 44121
20230810 44127
20230811 44110
20230812 44093
20230813 44084
20230815 44059
20230816 44071
20230817 44074
20230818 44063
20230819 44086
20230820 44048
20230821 44041
20230822 44044
20230823 44039
20230824 44012
20230825 44005
20230826 44005
20230827 44003
20230828 44005
20230826 44005
20230829 43997
20230826 44005
20230830 43993
20230826 44005
20230831 43981
20230826 44005
20230901 43964
20230826 44005
20230902 43937
20230826 44005
20230903 43934
20230826 44005
20230904 43908
20230905 43908
20230906 43919
20230905 43908
20230907 43901
20230905 43908
20230908 43876
20230905 43908
20230909 43878
20230905 43908
20230910 43870
20230905 43908
20230911 43813
20230905 43908
20230912 43810
20230905 43908
20230913 43823
20230905 43908
20230914 43817
20230905 43908
20230915 43814
20230905 43908
20230916 43824
20230905 43908
20230917 43819
20230905 43908
20230918 43817
20230905 43908
20230919 43802
20230905 43908
20230920 43456
20230905 43908
20230921 43434
20230905 43908
20230922 43394
20230905 43908
20230923 43391
20230905 43908
20230924 43382
20230905 43908
20230925 43374
20230905 43908
20230926 43357
20230905 43908
20230927 43347
20230905 43908
20230928 43330
20230905 43908
20230929 43321
20230905 43908
20230930 43316
20230905 43908
20231001 43277
20230905 43908
20231002 43265
20230905 43908
20231003 43263
20230905 43908
20231005 43251
20230905 43908
20231007 43240
20230905 43908
20231008 43228
20230905 43908
20231009 43208
20230905 43908
20231010 43201
20230905 43908
20231011 43204
20230905 43908
20231012 43214
20230905 43908
20231013 43210
20230905 43908
20231014 43212
20230905 43908
20231015 43200
20230905 43908
20231016 43193
20230905 43908
20231017 43180
20230905 43908
20231018 43185
20230905 43908
20231019 43174
20230905 43908
20231020 43169
20230905 43908
20231021 43170
20230905 43908
20231022 43164
20230905 43908
20231023 43139
20230905 43908
20231024 43144
20230905 43908
20231025 43142
20230905 43908
20231026 43133
20230905 43908
20231027 43130
20230905 43908
20231028 43127
20230905 43908
20231029 43132
20230905 43908
20231030 43125
20231031 43125
20231101 43106
20231031 43125
20231102 43089
20231031 43125
20231103 43086
20231031 43125
20231104 43087
20231031 43125
20231105 43073
20231031 43125
20231106 43068
20231031 43125
20231107 43078
20231031 43125
20231108 43069
20231109 43069
20231110 43068
20231109 43069
20231111 43067
20231109 43069
20231112 43072
20231113 43069
20231109 43069
20231114 43056
20231109 43069
20231115 43054
20231117 43054
20231118 43033
20231117 43054
20231120 43007
20231117 43054
20231121 42991
20231117 43054
20231122 42995
20231117 43054
20231123 42993
20231117 43054
20231124 42992
20231117 43054
20231125 42983
20231117 43054
20231126 42980
20231117 43054
20231127 42963
20231117 43054
20231128 43006
20231117 43054
20231129 43010
20231117 43054
20231130 42995
20231117 43054
20231201 42984
20231117 43054
20231202 42985
20231117 43054
20231203 42934
20231117 43054
20231204 42908
20231117 43054
20231205 42885
20231117 43054
20231206 42878
20231117 43054
20231207 42853
20231117 43054
20231208 42811
20231117 43054
20231209 42767
20231117 43054
20231210 42765
20231117 43054
20231211 42762
20231117 43054
20231212 42757
20231117 43054
20231213 42764
20231117 43054
20231214 42754
20231117 43054
20231215 42746
20231117 43054
20231216 42742
20231117 43054
20231217 42721
20231117 43054
20231218 42683
20231117 43054
20231219 42679
20231117 43054
20231220 42672
20231117 43054
20231221 42691
20231117 43054
20231222 42670
20231117 43054
20231223 42640
20231117 43054
20231224 42621
20231117 43054
20231225 42629
20231117 43054
20231226 42610
20231117 43054
20231227 42583
20231117 43054
20231230 42523
20231117 43054
20231231 42508
20231117 43054
20240101 42488
20231117 43054
20240102 42487
20231117 43054
20240103 42475
20231117 43054
20240104 42463
20231117 43054
20240105 42462
20231117 43054
20240106 42451
20231117 43054
20240107 42438
20231117 43054
20240108 42419
20231117 43054
20240109 42406
20231117 43054
20240110 42399
20231117 43054
20240111 42401
20231117 43054
20240112 42398
20231117 43054
20240113 42399
20231117 43054
20240114 42387
20231117 43054
20240115 42370
20231117 43054
20240116 42360
20231117 43054
20240117 42356
20231117 43054
20240118 42360
20231117 43054
20240119 42353
20231117 43054
20240120 42366
20231117 43054
20240121 42352
20231117 43054
20240122 42353
20231117 43054
20240124 42346
20231117 43054
20240125 42334
20231117 43054
20240126 42295
20231117 43054
20240127 42298
20231117 43054
20240128 42287
20240129 42287
20240130 42305
20240129 42287
20240131 42310
20240129 42287
20240201 42297
20240129 42287
20240202 42283
20240129 42287
20240203 42273
20240129 42287
20240204 42270
20240129 42287
20240205 42264
20240206 42264
20240207 42269
20240206 42264
20240208 42276
20240206 42264
20240209 42257
20240206 42264
20240210 42247
20240206 42264
20240211 42243
20240206 42264
20240212 42203
20240206 42264
20240213 42156
20240206 42264
20240214 42150
20240206 42264
20240215 42146
20240206 42264
20240216 42136
20240206 42264
20240217 42113
20240206 42264
20240218 42120
20240206 42264
20240219 42118
20240206 42264
20240220 42106
20240206 42264
20240221 42105
20240206 42264
20240222 42094
20240206 42264
20240223 42095
20240206 42264
20240224 42085
20240206 42264
20240225 42077
20240206 42264
20240226 42060
20240206 42264
20240227 42049
20240229 42049
20240301 42007
20240229 42049
20240302 42003
20240229 42049
20240303 42006
20240229 42049
20240304 41993
20240229 42049
20240305 41996
20240229 42049
20240306 42003
20240229 42049
20240307 41996
20240229 42049
20240308 41992
20240229 42049
20240309 41984
20240229 42049
20240310 41986
20240229 42049
20240311 41984
20240229 42049
20240312 41980
20240229 42049
20240313 41970
20240229 42049
20240314 41871
20240229 42049
20240315 41854
20240229 42049
20240316 41852
20240229 42049
20240317 41845
20240229 42049
20240318 41783
20240229 42049
20240319 41743
20240229 42049
20240320 41703
20240229 42049
20240321 41691
20240229 42049
20240322 41699
20240229 42049
20240323 41683
20240229 42049
20240324 41654
20240229 42049
20240325 41627
20240229 42049
20240326 41543
20240229 42049
20240327 41526
20240229 42049
20240328 41521
20240229 42049
20240329 41488
20240229 42049
20240330 41471
20240229 42049
20240331 41405
20240229 42049
20240401 41397
20240229 42049
20240402 41388
20240229 42049
20240403 41372
20240229 42049
20240404 41336
20240229 42049
20240405 41311
20240229 42049
20240406 41299
20240229 42049
20240407 41011
20240229 42049
20240408 40922
20240229 42049
20240409 40916
20240229 42049
20240410 40908
20240229 42049
20240411 40883
20240229 42049
20240412 40879
20240229 42049
20240413 40866
20240229 42049
20240415 40826
20240229 42049
20240416 40816
20240229 42049
20240417 40800
20240229 42049
20240418 40791
20240229 42049
20240419 40782
20240229 42049
20240420 40765
20240229 42049
20240421 40723
20240229 42049
20240422 40705
20240229 42049
20240423 40662
20240229 42049
20240424 40634
20240229 42049
20240425 40623
20240229 42049
20240426 40604
20240229 42049
20240427 40583
20240229 42049
20240428 40520
20240229 42049
20240429 40500
20240229 42049
20240430 40477
20240229 42049
20240501 40454
20240229 42049
20240503 40393
20240229 42049
20240504 40317
20240229 42049
20240505 40289
20240229 42049
20240506 40232
20240229 42049
20240507 40194
20240229 42049
20240508 40124
20240229 42049
20240509 40149
20240229 42049
20240510 40140
20240229 42049
20240511 40112
20240229 42049
20240512 40090
20240229 42049
20240513 40065
20240229 42049
20240514 40029
20240229 42049
20240515 39965
20240229 42049
20240516 39939
20240229 42049
20240517 39911
20240229 42049
20240518 39895
20240229 42049
20240519 39886
20240229 42049
20240520 39862
20240229 42049
20240521 39838
20240229 42049
20240522 39836
20240229 42049
20240523 39825
20240229 42049
20240524 39795
20240229 42049
20240525 39781
20240229 42049
20240526 39757
20240229 42049
20240527 39751
20240229 42049
20240528 39734
20240229 42049
20240529 39712
20240229 42049
20240530 39686
20240229 42049
20240531 39672
20240229 42049
20240601 39656
20240229 42049
20240602 39632
20240229 42049
20240603 39615
20240229 42049
20240604 39606
20240229 42049
20240605 39596
20240229 42049
20240606 39602
20240229 42049
20240609 39535
20240611 39535
20240612 39534
20240611 39535
20240613 39518
20240611 39535
20240614 39487
20240611 39535
20240615 39471
20240611 39535
20240616 39458
20240611 39535
20240617 39453
20240611 39535
20240618 39434
20240611 39535
20240620 39425
20240611 39535
20240621 39429
20240611 39535
20240622 39445
20240611 39535
20240623 39439
20240611 39535
20240624 39415
20240611 39535
20240626 39401
20240611 39535
20240627 39412
20240611 39535
20240628 39402
20240611 39535
20240629 39380
20240611 39535
20240630 39369
20240611 39535
20240701 39361
20240611 39535
20240702 39348
20240611 39535
20240703 39337
20240611 39535
20240704 39325
20240611 39535
20240705 39311
20240611 39535
20240706 39319
20240611 39535
20240707 39293
20240611 39535
20240708 39268
20240611 39535
20240709 39239
20240611 39535
20240710 39197
20240611 39535
20240711 39177
20240611 39535
20240712 39170
20240611 39535
20240713 39159
20240611 39535
20240714 39151
20240611 39535
20240715 39139
20240611 39535
20240716 39126
20240611 39535
20240717 39105
20240611 39535
20240718 39095
20240611 39535
20240719 39090
20240611 39535
20240720 39074
20240611 39535
20240721 39060
20240611 39535
20240722 39034
20240611 39535
20240723 39017
20240724 39017
20240725 38997
20240724 39017
20240726 38979
20240724 39017
20240727 38969
20240724 39017
20240728 38945
20240724 39017
20240729 38935
20240730 38935
20240731 38934
20240801 38934
20240802 38927
20240801 38934
20240803 38925
20240801 38934
20240804 38912
20240801 38934
20240805 38889
20240801 38934
20240806 38881
20240801 38934
20240807 38883
20240801 38934
20240808 38884
20240801 38934
20240809 38883
20240801 38934
20240810 38868
20240801 38934
20240811 38865
20240801 38934
20240812 38859
20240801 38934
20240813 38858
20240801 38934
20240814 38851
20240801 38934
20240815 38856
20240801 38934
20240816 38851
20240801 38934
20240817 38850
20240801 38934
20240818 38843
20240801 38934
20240819 38840
20240801 38934
20240820 38844
20240801 38934
20240821 38834
20240801 38934
20240822 38848
20240801 38934
20240823 38853
20240801 38934
20240824 38839
20240801 38934
20240825 38830
20240801 38934
20240826 38829
20240801 38934
20240827 38826
20240801 38934
20240828 38829
20240801 38934
20240829 38839
20240801 38934
20240830 38836
20240801 38934
20240831 38831
20240801 38934
20240901 38825
20240801 38934
20240902 38819
20240801 38934
20240903 38811
20240904 38811
20240905 38807
20240904 38811
20240906 38796
20240904 38811
20240907 38793
20240904 38811
20240908 38782
20240904 38811
20240909 38776
20240904 38811
20240910 38782
20240904 38811
20240911 38768
20240904 38811
20240912 38770
20240904 38811
20240913 38766
20240904 38811
20240914 38757
20240904 38811
20240915 38731
20240904 38811
20240916 38707
20240904 38811
20240917 38715
20240904 38811
20240918 38719
20240904 38811
20240919 38726
20240904 38811
20240920 38727
20240904 38811
20240921 38721
20240904 38811
20240921 38725
20240904 38811
20240922 38721
20240904 38811
20240925 38710
20240904 38811
20240926 38716
20240904 38811
20240927 38710
20240904 38811
20240928 38705
20240904 38811
20240929 38708
20240904 38811
20240930 38698
20240930 38698
