20230707 11
20230919 11
20230920 9
20240624 9
20240626 9
20240627 9
20240628 9
20240629 9
20240630 9
20240701 9
20240702 9
20240703 9
20240704 9
20240705 9
20240706 9
20240707 9
20240708 9
20240709 9
20240710 9
20240711 9
20240712 9
20240713 9
20240714 9
20240715 9
20240716 9
20240717 9
20240718 9
20240719 9
20240720 9
20240721 9
20240722 9
20240723 9
20240724 9
20240725 9
20240726 9
20240727 9
20240728 9
20240729 9
20240730 9
20240731 9
20240801 9
20240802 9
20240803 9
20240804 9
20240805 9
20240806 9
20240807 9
20240808 9
20240809 9
