20230707 2051
20230709 2049
20230710 2045
20230711 2044
20230712 2042
20230713 2043
20230714 2042
20230715 2041
20230730 2035
20230731 2038
20230801 2039
20230802 2039
20230803 2037
20230804 2036
20230805 2036
20230806 2034
20230807 2034
20230808 2036
20230809 2033
20230810 2034
20230811 2033
20230812 2031
20230813 2029
20230815 2025
20230816 2026
20230817 2027
20230818 2028
20230819 2028
20230820 2028
20230821 2028
20230822 2027
20230823 2027
20230824 2028
20230825 2028
20230826 2028
20230827 2028
20230828 2030
20230829 2030
20230830 2031
20230831 2030
20230901 2031
20230902 2030
20230903 2029
20230904 2029
20230905 2030
20230906 2030
20230907 2029
20230908 2031
20230909 2032
20230910 2031
20230911 2030
20230912 2034
20230913 2036
20230914 2037
20230915 2038
20230916 2040
20230917 2041
20230918 2041
20230919 2042
20230920 1859
20230921 1864
20230922 1878
20230923 1876
20230924 1877
20230925 1877
20230926 1878
20230927 1880
20230928 1881
20230929 1880
20230930 1881
20231001 1879
20231002 1878
20231003 1879
20231005 1878
20231007 1879
20231008 1879
20231009 1879
20231010 1877
20231011 1877
20231012 1876
20231013 1877
20231014 1878
20231015 1878
20231016 1877
20231017 1876
20231018 1876
20231019 1878
20231020 1878
20231021 1874
20231022 1861
20231023 1859
20231024 1857
20231025 1857
20231026 1858
20231027 1856
20231028 1854
20231029 1854
20231030 1860
20231031 1860
20231101 1861
20231102 1858
20231103 1858
20231104 1855
20231105 1854
20231106 1852
20231107 1850
20231108 1851
20231109 1851
20231110 1850
20231111 1850
20231112 1850
20231113 1851
20231114 1851
20231115 1853
20231116 1850
20231117 1850
20231118 1849
20231120 1848
20231121 1846
20231122 1844
20231123 1844
20231124 1845
20231125 1845
20231126 1845
20231127 1844
20231128 1845
20231129 1844
20231130 1841
20231201 1843
20231202 1843
20231203 1844
20231204 1844
20231205 1844
20231206 1840
20231207 1836
20231208 1837
20231209 1841
20231210 1848
20231211 1851
20231212 1852
20231213 1853
20231214 1853
20231215 1855
20231216 1858
20231217 1857
20231218 1856
20231219 1853
20231220 1853
20231221 1854
20231222 1854
20231223 1852
20231224 1853
20231225 1852
20231226 1852
20231227 1851
20231230 1852
20231231 1852
20240101 1852
20240102 1853
20240103 1851
20240104 1852
20240105 1853
20240106 1883
20240107 1884
20240108 1878
20240109 1878
20240110 1878
20240111 1909
20240112 1909
20240113 1908
20240114 1907
20240115 1907
20240116 1907
20240117 1909
20240118 1911
20240119 1909
20240120 1909
20240121 1908
20240122 1908
20240124 1908
20240125 1907
20240126 1909
20240127 1910
20240128 1909
20240129 1927
