20230707 93
20230712 93
20230713 94
20230803 94
20230804 95
20230919 95
20230920 93
20240501 93
20240503 94
20240624 94
20240626 94
20240627 94
20240628 94
20240629 94
20240630 94
20240701 94
20240702 94
20240703 94
20240704 94
20240705 94
20240706 94
20240707 94
20240708 94
20240709 94
20240710 94
20240711 94
20240712 94
20240713 94
20240714 94
20240715 94
20240716 94
20240717 94
20240718 94
20240719 94
20240720 94
20240721 94
20240722 94
20240723 94
20240724 94
20240725 94
20240726 94
20240727 94
20240728 94
20240729 94
20240730 94
20240731 94
20240801 94
20240802 94
20240803 94
20240804 94
20240805 94
20240806 94
20240807 94
20240808 94
20240809 94
20240810 94
20240811 94
