20230922 3733
20230924 3733
20230925 3737
20230926 3738
20230927 3738
20230928 3741
20230929 3745
20230930 3744
20231001 3742
20231002 3741
20231003 3742
20231005 3749
20231007 3747
20231008 3748
20231009 3751
20231010 3752
20231011 3751
20231012 3749
20231013 3751
20231014 3746
20231015 3748
20231016 3747
20231017 3747
20231018 3750
20231019 3750
20231020 3754
20231021 3756
20231022 3761
20231023 3759
20231024 3762
20231025 3768
20231026 3768
20231027 3769
20231028 3775
20231029 3774
20231030 3779
20231031 3780
20231101 3783
20231102 3779
20231103 3780
20231104 3780
20231105 3785
20231106 3784
20231107 3790
20231108 3790
20231109 3797
20231110 3796
20231111 3801
20231112 3803
20231113 3804
20231114 3801
20231115 3809
20231116 3809
20231117 3814
20231118 3816
20231120 3813
20231121 3819
20231122 3816
20231123 3818
20231124 3821
20231125 3821
20231126 3820
20231127 3827
20231128 3836
20231129 3838
20231130 3839
20231201 3839
20231202 3842
20231203 3841
20231204 3839
20231205 3838
20231206 3840
20231207 3837
20231208 3840
20231209 3839
20231210 3838
20231211 3838
20231212 3838
20231213 3840
20231214 3840
20231215 3843
20231216 3848
20231217 3851
20231218 3856
20231219 3853
20231220 3855
20231221 3851
20231222 3851
20231223 3850
20231224 3850
20231225 3853
