20230707 81345
20230711 81345
20230712 81421
20230718 81421
20230719 81491
20230726 81491
20230727 81518
20230802 81518
20230803 81523
20230810 81523
20230811 81787
20230817 81787
20230818 81788
20230823 81788
20230824 81809
20230831 81809
20230901 81775
20230907 81775
20230908 81817
20230915 81817
20230916 81902
20230922 81902
20230923 81904
20230930 81904
20231002 81926
20231008 81926
20231009 82000
20231016 82000
20231017 82076
20231023 82076
20231024 82117
20231031 82117
20231101 82171
20231108 82171
20231109 82202
20231116 82202
20231117 82190
20231123 82190
20231124 82147
20231201 82147
20231202 82192
20231208 82192
20231209 82226
20231216 82226
20231217 82204
20231223 82204
20231224 82235
20231231 82235
20240101 82266
20240107 82266
20240108 82264
20240110 82264
20240111 82297
20240117 82297
20240118 82352
20240125 82352
20240126 82437
20240201 82437
20240202 82502
20240209 82502
20240210 82676
20240216 82676
20240217 82729
20240224 82729
20240225 82908
20240302 82908
20240303 82972
20240310 82972
20240311 83065
20240317 83065
20240318 83159
20240325 83159
20240326 83180
20240401 83180
20240402 83151
20240409 83151
20240410 83212
20240416 83212
20240417 83166
20240423 83166
20240424 83171
20240429 83171
20240430 83173
20240507 83173
20240508 83181
20240514 83181
20240515 83260
20240516 83260
20240517 83272
20240523 83272
20240524 83341
20240526 83341
20240527 83365
20240603 83365
20240604 83438
20240611 83438
20240612 83590
20240617 83590
20240620 83726
20240622 83726
20240623 83829
20240624 83817
20240626 83853
20240627 83877
20240628 83887
20240629 83907
20240630 83919
20240701 83912
20240702 83957
20240703 83989
20240704 84079
20240705 84142
20240706 84117
20240707 84162
20240708 84149
20240709 84168
20240710 84178
20240711 84209
20240712 84212
20240713 84232
20240714 84281
20240715 84262
20240716 84273
20240717 84290
20240718 84290
20240719 84301
20240720 84388
20240721 84381
20240722 84374
20240723 84374
20240724 84388
20240725 84347
20240726 84288
20240727 84248
20240728 84144
20240729 84062
20240730 83951
20240731 83953
20240801 83987
20240802 84015
20240803 84064
20240804 84095
20240805 84100
20240806 84155
20240806 84155
20240807 84214
20240808 84273
20240809 84349
20240810 84403
20240811 84404
20240812 84403
20240813 84396
20240814 84410
20240815 84459
20240816 84475
20240817 84478
20240818 84464
20240819 84458
20240820 84492
20240821 84525
20240822 84595
20240823 84615
20240824 84624
20240825 84631
20240826 84619
20240827 84639
20240828 84661
20240829 84690
20240830 84691
20240831 84697
20240901 84681
20240902 84675
20240903 84700
20240904 84747
20240905 84793
20240906 84799
20240907 84855
20240908 84859
20240909 84847
20240910 84863
