20230707 1638
20230709 1630
20230710 1633
20230711 1631
20230712 1631
20230713 1629
20230714 1628
20230715 1624
20230730 1621
20230731 1618
20230801 1619
20230802 1613
20230803 1612
20230804 1614
20230805 1615
20230806 1616
20230807 1615
20230808 1617
20230809 1617
20230810 1619
20230811 1616
20230812 1613
20230813 1612
20230815 1610
20230816 1604
20230817 1604
20230818 1603
20230819 1595
20230820 1597
20230821 1594
20230822 1600
20230823 1597
20230824 1597
20230825 1595
20230826 1595
20230827 1592
20230828 1593
20230829 1592
20230830 1591
20230831 1592
20230901 1593
20230902 1599
20230903 1597
20230904 1598
20230905 1599
20230906 1600
20230907 1600
20230908 1599
20230909 1601
20230910 1601
20230911 1598
20230912 1596
20230913 1596
20230914 1598
20230915 1598
20230916 1598
20230917 1597
20230918 1596
20230919 1595
20230920 1459
20230921 1459
20230922 1462
20230923 1460
20230924 1457
20230925 1455
20230926 1457
20230927 1457
20230928 1457
20230929 1456
20230930 1458
20231001 1458
20231002 1443
20231003 1440
20231005 1439
20231007 1440
20231008 1440
20231009 1437
20231010 1435
20231011 1436
20231012 1436
20231013 1434
20231014 1431
20231015 1430
20231016 1430
20231017 1429
20231018 1429
20231019 1422
20231020 1421
20231021 1421
20231022 1419
20231023 1419
20231024 1419
20231025 1417
20231026 1416
20231027 1418
20231028 1419
20231029 1421
20231030 1420
