20230707 133
20230730 133
20230731 134
20230806 134
20230807 133
20230907 133
20230908 132
20230919 132
20230920 129
20231003 129
20231005 128
20231008 128
20231009 127
20231016 127
20231017 126
20231028 126
20231029 125
20231030 125
20231031 126
20231105 126
20231106 125
20231121 125
20231122 124
20231203 124
20231204 123
20231210 123
20231211 122
20231224 122
20231225 121
20240102 121
20240103 122
20240205 122
20240206 123
20240207 119
20240208 120
20240209 119
20240210 119
20240211 121
20240220 121
20240221 122
20240223 122
20240224 123
20240229 123
20240301 124
20240313 124
20240314 123
20240316 123
20240317 125
20240321 125
20240322 126
20240527 126
20240528 127
20240611 127
20240612 128
20240614 128
20240615 129
20240618 129
20240620 130
20240624 130
20240626 132
20240627 135
20240628 135
20240629 135
