20230707 994
20230709 994
20230710 993
20230711 993
20230712 993
20230714 993
20230715 993
20230730 1001
20230731 1001
20230801 1001
20230802 1002
20230803 1002
20230804 1003
20230805 1003
20230806 1001
20230807 1001
20230808 999
20230809 1001
20230810 1001
20230811 1004
20230812 1002
20230813 1002
20230815 1003
20230816 1003
20230817 1002
20230818 1002
20230819 1001
20230820 1001
20230821 1001
20230822 1001
20230823 1002
20230824 1002
20230825 1002
20230826 1002
20230827 1002
20230828 1002
20230829 1004
20230830 1003
20230831 1003
20230901 1005
20230902 1005
20230903 1005
20230904 1005
20230905 1005
20230906 1005
20230907 1004
20230908 1003
20230909 1002
20230910 1002
20230911 1002
20230912 1002
20230913 1002
20230914 1002
20230915 998
20230916 998
20230917 998
20230918 998
20230919 998
20230920 987
20230921 989
20230922 988
20230923 989
20230924 989
20230925 989
20230926 989
20230927 989
20230928 989
20230929 989
20230930 988
20231001 988
20231002 988
20231003 988
20231005 989
20231007 989
20231008 989
20231009 989
20231010 988
20231011 988
20231012 989
20231013 990
20231014 990
20231015 989
20231016 988
20231017 988
20231018 988
20231019 980
20231020 980
20231021 980
20231022 980
20231023 980
20231024 980
20231025 977
20231026 978
20231027 978
20231028 978
20231029 977
20231030 978
20231031 979
20231101 980
20231102 979
20231103 979
20231104 980
20231105 980
20231106 980
20231107 980
20231108 981
20231109 981
20231110 982
20231111 982
20231112 982
20231113 982
20231114 982
