20230707 24884
20230709 24884
20230710 24881
20230711 24887
20230712 24890
20230713 24889
20230714 24884
20230715 24885
20230730 24828
20230731 24818
20230801 24828
20230802 24834
20230803 24829
20230804 24828
20230805 24820
20230806 24813
20230807 24816
20230808 24828
20230809 24838
20230810 24834
20230811 24820
20230812 24827
20230813 24828
20230815 24814
20230816 24869
20230817 24866
20230818 24880
20230819 24873
20230820 24854
20230821 24837
20230822 24828
20230823 24830
20230824 24821
20230825 24825
20230826 24828
20230827 24818
20230828 24819
20230829 24815
20230830 24798
20230831 24799
20230901 24797
20230902 24798
20230903 24796
20230904 24780
20230905 24783
20230906 24780
20230907 24788
20230908 24784
20230909 24782
20230910 24772
20230911 24781
20230912 24775
20230913 24762
20230914 24749
20230915 24738
20230916 24727
20230917 24720
20230918 24720
20230919 24723
20230920 23157
20230921 23158
20230922 23166
20230923 23168
20230924 23164
20230925 23163
20230926 23158
20230927 23157
20230928 23156
20230929 23153
20230930 23145
20231001 23127
20231002 23121
20231003 23111
20231005 23100
20231007 23094
20231008 23091
20231009 23086
20231010 23083
20231011 23079
20231012 23072
20231013 23074
20231014 23074
20231015 23065
20231016 23064
20231017 23065
20231018 23055
20231019 23048
20231020 23043
20231021 23042
20231022 23031
20231023 23030
20231024 23037
20231025 23032
20231026 23029
20231027 23020
20231028 23013
20231029 23000
20231030 22993
20231031 23003
20231101 23004
20231102 23005
20231103 23006
20231104 23006
20231105 23003
20231106 22997
20231107 22997
20231108 23005
20231109 22991
20231110 22986
20231111 22992
