20230707 1191
20230709 1191
20230710 1190
20230711 1191
20230712 1188
20230713 1179
20230714 1177
20230715 1177
20230730 1181
20230731 1180
20230801 1177
20230802 1178
20230803 1177
20230804 1177
20230805 1178
20230806 1177
20230807 1178
20230808 1181
20230809 1185
20230810 1186
20230811 1189
20230812 1189
20230813 1190
20230815 1186
20230816 1187
20230817 1186
20230818 1187
20230819 1178
20230820 1183
20230821 1184
20230822 1185
20230823 1185
20230824 1187
20230825 1187
20230826 1186
20230827 1186
20230828 1186
20230829 1186
20230830 1185
20230831 1185
20230901 1186
20230902 1186
20230903 1186
20230904 1186
20230905 1187
20230906 1188
20230907 1188
20230908 1188
20230909 1187
20230910 1187
20230911 1187
20230912 1188
20230913 1188
20230914 1189
20230915 1188
20230916 1187
20230917 1186
20230918 1186
20230919 1185
20230920 1113
20230921 1114
20230922 1119
20230923 1119
20230924 1117
20230925 1116
20230926 1117
20230927 1117
20230928 1119
20230929 1119
20230930 1119
20231001 1119
20231002 1117
20231003 1116
20231005 1118
20231007 1118
20231008 1118
20231009 1118
20231010 1119
20231011 1120
20231012 1120
20231013 1120
20231014 1122
20231015 1123
20231016 1123
20231017 1123
20231018 1123
20231019 1123
20231020 1122
20231021 1123
20231022 1123
20231023 1122
20231024 1121
20231025 1121
20231026 1120
20231027 1121
20231028 1121
20231029 1119
20231030 1120
20231031 1122
20231101 1122
20231102 1124
20231103 1126
20231104 1125
20231105 1124
20231106 1124
20231107 1124
20231108 1123
20231109 1123
20231110 1123
20231111 1123
20231112 1124
20231113 1124
20231114 1124
20231115 1124
20231116 1121
20231117 1123
20231118 1125
20231120 1126
20231121 1125
20231122 1125
20231123 1125
20231124 1125
20231125 1125
20231126 1125
20231127 1125
20231128 1124
20231129 1124
20231130 1127
20231201 1127
20231202 1127
20231203 1126
20231204 1126
20231205 1126
20231206 1127
20231207 1127
20231208 1128
20231209 1128
20231210 1133
