20230707 8366
20230709 8366
20230710 8367
20230711 8367
20230712 8366
20230714 8367
20230715 8360
20230730 8372
20230731 8372
20230801 8367
20230802 8370
20230803 8371
20230804 8372
20230805 8374
20230806 8374
20230807 8373
20230808 8373
20230809 8374
20230810 8372
20230811 8373
20230812 8372
20230813 8370
20230815 8371
20230816 8371
20230817 8371
20230818 8371
20230819 8371
20230820 8372
20230821 8372
20230822 8371
20230823 8372
20230824 8374
20230825 8375
20230826 8374
20230827 8373
20230828 8375
20230829 8374
20230830 8375
20230831 8374
20230901 8374
20230902 8374
20230903 8374
20230904 8373
20230905 8377
20230906 8378
20230907 8380
20230908 8380
20230909 8382
20230910 8382
20230911 8383
20230912 8383
20230913 8385
20230914 8387
20230915 8394
20230916 8395
20230917 8392
20230918 8392
20230919 8394
20230920 8196
20230921 8197
