20230922 7217
20230924 7221
20230925 7230
20230926 7232
20230927 7233
20230928 7237
20230929 7239
20230930 7243
20231001 7245
20231002 7243
20231003 7247
20231005 7250
20231007 7253
20231008 7256
20231009 7258
20231010 7260
20231011 7260
20231012 7264
20231013 7270
20231014 7268
20231015 7267
20231016 7270
20231017 7270
20231018 7237
20231019 7237
20231020 7235
20231021 7237
20231022 7239
20231023 7244
20231024 7244
20231025 7249
20231026 7252
20231027 7254
20231028 7259
20231029 7264
20231030 7266
20231031 7266
20231101 7267
20231102 7260
20231103 7261
20231104 7264
20231105 7262
20231106 7270
20231107 7270
20231108 7270
20231109 7277
20231110 7280
20231111 7281
20231112 7281
20231113 7279
20231114 7282
20231115 7283
20231116 7278
20231117 7243
20231118 7239
20231120 7254
20231121 7259
20231122 7263
20231123 7268
20231124 7271
20231125 7271
20231126 7268
20231127 7275
20231128 7279
20231129 7279
20231130 7279
20231201 7277
20231202 7278
20231203 7280
20231204 7248
