20230922 4231531
20230924 4226607
20230925 4224321
20230926 4222537
20230927 4219061
20230928 4216322
20230929 4211543
20230930 4211543
20231001 4209124
20231002 4206261
20231003 4203879
20231005 4199346
20231007 4197508
20231008 4196204
20231009 4195435
20231010 4194149
20231011 4193002
20231012 4192483
20231013 4192203
20231014 4192638
20231015 4192787
20231016 4193088
20231017 4193088
20231018 4187038
20231019 4187038
20231020 4183458
20231021 4182284
20231022 4181025
20231023 4179408
20231024 4177928
20231025 4176687
20231026 4175808
20231027 4175886
