20230922 1960
20230924 1961
20230925 1962
20230926 1960
20230927 1959
20230928 1960
20230929 1961
20230930 1960
20231001 1962
20231005 1962
20231007 1963
20231008 1964
20231009 1966
20231010 1966
20231011 1965
20231012 1964
20231013 1964
20231014 1965
20231015 1965
20231016 1964
20231019 1964
20231020 1966
20231021 1967
20231022 1966
20231024 1966
20231025 1964
20231026 1964
20231027 1965
20231028 1967
20231029 1967
20231030 1968
20231031 1968
20231101 1967
20231102 1967
20231103 1966
20231104 1967
20231106 1967
20231107 1964
20231110 1964
20231111 1966
20231112 1965
20231114 1965
20231115 1964
20231116 1965
20231117 1964
20231118 1964
20231120 1962
20231121 1963
20231122 1964
20231125 1964
20231126 1962
20231127 1962
20231128 1963
20231129 1963
20231130 1965
20231201 1964
20231203 1964
20231204 1965
20231205 1964
20231208 1964
20231209 1965
20231210 1965
20231211 1964
20231214 1964
20231215 1963
20231216 1965
20231217 1968
20231218 1969
20231219 1969
20231220 1968
20231221 1967
20231222 1968
20231223 1968
20231224 1967
20231225 1967
20231226 1965
20231230 1965
20231231 1964
20240102 1964
20240103 1963
20240104 1963
20240105 1961
20240109 1961
20240110 1960
20240111 1958
20240112 1960
20240113 1961
20240115 1961
20240116 1959
20240117 1958
20240118 1958
20240119 2068
20240120 1957
20240121 1958
20240122 1962
20240126 1962
20240127 1961
20240128 1963
20240131 1963
20240201 1964
20240203 1964
20240204 1965
20240205 1964
20240206 1964
20240207 1963
20240208 1964
20240209 1965
20240210 1965
20240211 1966
20240212 1965
20240213 1965
20240214 1962
20240215 1963
20240216 1964
20240217 1962
20240218 1963
20240220 1963
20240221 1961
20240224 1961
20240225 1956
20240226 1956
20240227 1957
20240228 1956
20240229 1956
20240301 1958
20240302 1959
20240303 1958
20240304 1959
20240305 1960
20240306 1959
20240307 1960
20240308 1961
20240309 1959
20240310 1960
20240311 1960
20240312 1958
20240313 1960
20240314 1959
20240315 1959
20240316 1963
20240317 1966
20240318 1965
20240319 1964
20240320 1963
20240321 1960
20240322 1963
20240323 1965
20240326 1965
20240327 1966
20240328 1965
20240329 1965
20240330 1966
20240331 1965
20240401 1965
20240402 1964
20240403 1963
20240404 1965
20240405 1964
20240406 1963
20240407 1964
20240409 1964
20240410 1962
20240413 1962
20240415 1965
20240416 1967
20240417 1965
20240418 1966
20240419 1965
20240420 1966
20240421 1967
20240423 1967
20240424 1965
20240425 1965
20240426 1963
20240427 1966
20240428 1961
20240429 1962
20240430 1965
20240501 1966
20240503 1965
20240504 1967
20240505 1964
20240506 1967
20240510 1967
20240511 1969
20240512 1969
20240513 1964
20240514 1959
20240515 1962
20240516 1962
20240517 1961
20240518 1963
20240519 1958
20240520 1957
20240521 1955
20240522 1954
20240523 1955
20240524 1955
20240525 1957
20240526 1957
20240527 1954
20240528 1956
20240529 1955
20240530 1951
20240531 1954
20240601 1953
20240602 1955
20240603 1955
20240604 1954
20240605 1955
20240606 1954
20240609 1954
20240611 1953
20240612 1952
20240613 1952
20240614 1953
20240615 1954
20240616 1952
20240617 1953
20240618 1954
20240620 1950
20240621 1951
20240622 1953
20240623 1954
20240624 1952
20240626 1951
20240627 1952
20240628 1954
20240629 1954
20240630 1956
20240701 1953
20240702 1950
20240703 1951
20240704 1949
20240705 1950
20240706 1951
20240707 1953
20240708 1956
20240709 1951
20240710 1950
20240711 1950
20240712 1948
20240713 1947
20240714 1946
20240715 1943
20240716 1944
20240717 1944
20240718 1942
20240719 1941
20240720 1942
20240721 1943
20240722 1943
20240723 1943
20240724 1942
20240725 1944
20240726 1944
20240727 1943
20240728 1942
20240729 1942
20240730 1939
20240731 1938
20240801 1936
20240802 1936
20240803 1937
20240804 1937
20240805 1939
20240806 1933
20240807 1934
20240808 1934
20240809 1926
20240810 1927
20240811 1927
20240812 1927
20240813 1927
20240814 1927
20240815 1927
20240816 1926
20240817 1924
20240818 1924
20240819 1923
20240820 1923
20240821 1921
20240822 1921
20240823 1924
20240824 1922
20240825 1921
20240826 1921
20240827 1921
20240828 1921
20240829 1921
20240830 1922
20240831 1922
20240901 1922
20240902 1922
20240903 1922
20240904 1914
20240905 1912
20240906 1913
20240907 1909
20240908 1909
20240909 1911
20240910 1913
20240911 1913
20240912 1913
20240913 1911
20240914 1914
20240915 1915
20240916 1915
20240917 1913
20240918 1913
20240919 1910
20240920 1910
20240921 1912
20240922 1911
20240925 1914
20240926 1915
20240927 1915
20240928 1914
20240929 1917
20240930 1915
20241001 1916
20241002 1916
20241003 1916
20241004 1915
20241005 1915
20241006 1913
20241007 1916
20241008 1915
20241009 1914
20241010 1915
20241011 1914
20241012 1914
20241013 1911
20241014 1913
20241015 1913
20241016 1912
20241017 1913
20241018 1913
20241019 1915
20241020 1916
20241021 1916
20241022 1924
20241023 1925
20241024 1927
20241025 1927
20241026 1930
20241027 1933
20241028 1931
20241029 1931
20241030 1931
20241031 1932
20241101 1934
20241102 1934
20241103 1934
20241104 1934
20241105 1935
20241106 1934
20241107 1934
20241108 1933
20241109 1932
20241110 1935
20241111 1934
20241112 1933
20241113 1932
20241114 1933
20241115 1934
20241116 1935
20241117 1937
20241118 1936
20241119 1937
20241120 1935
20241121 1939
20241122 1940
20241123 1944
20241124 1945
20241125 1945
20241126 1948
20241127 1947
20241128 1948
20241129 1944
20241130 1946
20241201 1945
20241202 1942
20241203 1943
20241204 1945
20241205 1945
20241206 1946
20241207 1947
20241208 1947
20241209 1944
20241210 1941
20241211 1942
20241212 1939
20241213 1939
20241214 1939
20241215 1938
20241216 1938
20241217 1939
20241218 1939
20241219 1940
20241220 1940
20241221 1939
20241222 1940
20241223 1940
20241224 1940
20241225 1939
20241226 1941
20241227 1938
20241228 1939
20241229 1939
20241230 1938
20241231 1938
20250101 1939
20250102 1936
20250103 1935
20250104 1935
20250105 1934
20250106 1933
20250107 1931
20250108 1932
20250109 1938
20250110 1938
20250111 1938
20250112 1939
20250113 1938
20250114 1937
20250115 1938
20250116 1935
20250117 1938
20250118 1940
20250119 1940
20250120 1942
20250121 1943
20250122 1946
20250123 1946
20250124 1945
20250125 1948
20250126 1950
20250127 1953
20250128 1953
20250129 1953
20250130 1955
20250131 1954
20250201 1954
20250202 1953
20250203 1957
20250204 1957
20250205 1961
20250206 1962
20250207 1963
20250208 1963
20250210 1969
20250211 1968
20250212 1972
20250213 1975
20250214 1978
20250215 1978
20250216 1978
20250217 1980
20250218 1977
20250219 1979
20250220 1984
20250221 1984
20250222 1986
20250223 1985
20250224 1984
20250225 1985
20250226 1986
20250227 1985
20250228 1988
20250301 1991
20250302 1990
20250303 1992
20250304 1992
20250305 1991
20250306 1991
20250307 1993
20250308 1990
20250309 1990
20250310 1990
20250311 1991
20250312 1991
20250313 1993
20250314 1993
20250315 1989
20250316 1991
20250317 1987
20250318 1989
20250319 1989
20250320 1988
20250321 1987
20250322 1988
20250323 1987
20250324 1988
20250326 1986
20250327 1988
20250328 1990
20250329 1990
20250330 1990
20250331 1991
20250401 1991
20250402 1989
20250403 1990
20250404 1992
20250405 1993
20250406 1994
20250407 1994
20250408 1994
20250409 1995
20250410 1994
20250411 1995
20250412 1995
20250413 1996
20250414 1994
20250415 1989
20250416 1988
20250417 1990
20250418 1991
20250419 1991
20250420 1992
20250421 1995
20250422 1993
20250423 1994
20250424 1989
20250425 1993
20250426 1995
20250427 1994
20250428 1993
20250429 1992
20250430 1993
20250501 1997
20250502 1996
20250503 1998
20250504 1997
20250505 1997
20250506 1998
20250507 1997
20250508 1997
20250509 1997
20250510 1995
20250511 1995
20250512 1995
20250513 1994
20250514 1994
20250515 1995
20250516 1995
20250517 1995
20250518 1995
20250519 1994
20250520 1995
20250521 1996
20250522 1995
20250523 1995
20250524 1997
20250525 1996
20250526 1995
20250527 1996
20250528 1997
20250529 1996
20250530 1997
20250531 1999
20250601 1998
20250602 1997
20250603 1997
20250604 1997
20250605 1997
20250606 1998
20250607 1996
20250608 1995
20250609 1997
20250610 1997
20250611 1997
20250612 1997
20250613 2000
20250614 2000
20250615 2002
20250616 2002
20250617 2005
20250618 2002
20250619 2003
20250620 2001
20250621 2001
20250622 2003
20250623 2003
20250624 2000
20250625 2001
20250626 2002
20250627 2002
20250628 2004
20250629 2003
20250630 1999
20250701 2002
20250702 1999
20250703 2002
20250704 2002
20250705 2004
20250706 2005
20250707 2005
20250708 2004
20250709 2004
20250710 2005
20250711 2005
20250712 2004
20250713 2005
20250714 2007
20250715 2007
20250716 2007
20250717 2008
20250718 2009
20250719 2010
20250720 2011
20250722 2011
20250723 2010
20250724 2014
20250725 2015
20250726 2014
20250727 2015
20250728 2016
20250729 2016
20250730 2016
20250731 2016
20250801 2017
20250802 2021
20250803 2021
20250804 2020
20250805 2021
20250806 2021
20250807 2018
20250808 2020
20250810 2021
20250811 2021
20250812 2018
20250813 2016
20250814 2018
20250815 2020
20250816 2019
20250817 2020
20250818 2021
20250819 2024
20250820 2024
20250821 2025
20250822 2029
20250823 2030
20250824 2031
20250825 2031
20250826 2032
20250827 2032
20250828 2038
20250829 2039
20250830 2040
20250831 2037
20250901 2038
20250902 2037
20250903 2037
20250904 2036
20250905 2038
20250906 2040
20250907 2036
20250908 2035
20250909 2037
20250910 2038
20250911 2040
20250912 2038
20250913 2039
20250914 2037
20250915 2039
20250916 2038
20250917 2038
