20230922 23159
20230924 23133
20230925 23118
20230926 23103
20230927 23098
20230928 23076
20230929 23061
20230930 23027
20231001 23004
20231002 22955
20231003 22953
20231005 22939
20231007 22911
20231008 22889
20231009 22882
20231010 22874
20231011 22873
20231012 22866
20231013 22847
20231014 22821
20231015 22802
20231016 22788
20231017 22788
20231018 22774
20231019 22774
20231020 22740
20231021 22742
20231022 22737
20231023 22731
20231024 22725
20231025 22717
20231026 22682
20231027 22645
20231028 22622
20231029 22578
20231030 22550
20231031 22510
20231101 22480
20231102 22467
20231103 22430
20231104 22416
20231105 22419
20231106 22441
20231107 22446
20231108 22446
20231109 22429
20231110 22399
20231111 22375
20231112 22348
20231113 22336
20231114 22301
20231115 22287
20231116 22261
20231117 22240
20231118 22193
20231120 22134
