20230922 26443
20230924 26440
20230925 26443
20230926 26449
20230927 26449
20230928 26455
20230929 26454
20230930 26478
20231001 26474
20231002 26476
20231003 26471
20231005 26293
20231007 26285
20231008 26274
20231009 26268
20231010 26250
20231011 26249
20231012 26245
20231013 26249
20231014 26276
20231015 26284
20231016 26286
20231017 26286
20231018 26300
20231019 26300
20231020 26291
20231021 26271
20231022 26276
20231023 26271
20231024 26259
20231025 26245
20231026 26245
20231027 26236
20231028 26242
20231029 26235
20231030 26245
20231031 26221
20231101 26218
