20230707 116985
20230709 117099
20230710 117205
20230711 117852
20230712 118525
20230713 119120
20230714 119575
20230715 119747
20230730 124977
20230731 125144
20230801 125600
20230802 126226
20230803 126667
20230804 127180
20230805 127630
20230806 127926
20230807 128120
20230808 128760
20230809 129367
20230810 129953
20230811 130383
20230812 130705
20230813 130886
20230815 131600
20230816 132131
20230817 132630
20230818 133151
20230819 133646
20230820 133860
20230821 134099
20230822 134605
20230823 135157
20230824 135720
20230825 136314
20230826 136790
20230827 136967
