20230707 112492
20230709 112408
20230710 112383
20230711 112471
20230712 110997
20230713 109889
20230714 109878
20230715 109858
20230730 108175
20230731 108143
20230801 108110
20230802 107960
20230803 107962
20230804 107891
20230805 107819
20230806 107783
20230807 107733
20230808 107719
20230809 107738
20230810 107762
20230811 107809
20230812 107877
20230813 107891
20230815 107918
20230816 109864
20230817 109940
20230818 109907
20230819 109955
20230820 109953
20230821 110040
20230822 110119
20230823 110119
20230824 109774
20230825 109797
20230826 110054
20230827 110059
20230828 110125
20230829 110338
20230830 110006
20230831 110591
20230901 110950
20230902 110687
20230903 110677
20230904 110658
20230905 110717
20230906 110902
20230907 110872
20230908 110911
20230909 110799
20230910 110626
20230911 110793
20230912 110768
20230913 110936
20230914 110913
20230915 110976
20230916 111097
20230917 111086
20230918 111169
20230919 110950
20230920 110837
20230921 110851
20230922 110895
20230923 110019
20230924 109964
20230925 109959
20230926 109427
20230927 109421
20230928 109318
20230929 108968
20230930 109055
20231001 108976
20231002 108992
20231003 108934
20231005 108872
20231007 108892
20231008 108889
20231009 108870
20231010 108900
20231011 108691
20231012 108602
20231013 108589
20231014 108667
20231015 108707
20231016 108732
20231017 108607
20231018 108622
20231019 108650
20231020 108661
20231021 108732
20231022 108730
20231023 108833
20231024 108871
20231025 108768
20231026 108785
20231027 108798
20231028 108798
20231029 108852
20231030 108798
20231031 108682
20231101 108670
20231102 108642
20231103 108625
20231104 108588
20231105 108537
20231106 108502
20231107 108221
20231108 107778
20231109 108669
20231110 108663
20231111 108632
20231112 108612
20231113 108612
20231114 108531
20231115 108534
20231116 108518
20231117 108495
20231118 108961
20231120 109052
20231121 109621
20231122 109683
20231123 109639
20231124 109626
20231125 109880
20231126 109875
20231127 109853
20231128 109838
20231129 109870
20231130 109878
20231201 109851
20231202 110307
20231203 110272
20231204 110223
20231205 109950
20231206 110080
20231207 109939
20231208 109941
20231209 109813
20231210 109781
20231211 109771
20231212 109695
20231213 109617
20231214 109542
20231215 109520
20231216 109474
20231217 109483
20231218 109395
20231219 110455
20231220 110443
20231221 110398
20231222 110326
20231223 110254
20231224 110215
20231225 110176
20231226 110158
20231227 110066
20231230 109924
20231231 109955
20240101 109869
20240102 109854
20240103 109881
20240104 109868
20240105 109821
20240106 109829
20240107 109837
20240108 109792
20240109 109701
20240110 109609
20240111 109606
20240112 109582
20240113 109572
20240114 111544
20240115 111529
20240116 111376
20240117 111349
20240118 111303
20240119 111222
20240120 111223
20240121 111207
20240122 111205
20240124 111076
20240125 111039
20240126 110965
20240127 110824
20240128 110838
20240129 110744
20240130 110526
20240131 110539
20240201 110449
20240202 110431
20240203 110453
20240204 110448
20240205 110305
20240206 109182
20240207 109828
20240208 109720
20240209 109667
20240210 109701
20240211 109610
20240212 109526
20240213 109505
20240214 109503
20240215 109466
20240216 109384
20240217 109304
20240218 109304
20240219 109556
20240220 109574
20240221 109530
20240222 109567
20240223 109484
20240224 109427
20240225 109446
20240226 109420
20240227 109370
20240228 118202
20240229 128405
20240301 129250
20240302 129190
20240303 139206
20240304 139132
20240305 139064
20240306 138945
20240307 138869
20240308 138846
20240309 138699
20240310 138655
20240311 138603
20240312 138575
20240313 148610
