20230707 23448
20230709 23451
20230710 23461
20230711 23462
20230712 23469
20230713 23490
20230714 23506
20230715 23501
20230730 23705
20230731 23716
20230801 23748
20230802 23760
20230803 23769
20230804 23779
20230805 23784
20230806 23777
20230807 23777
20230808 23799
20230809 23819
20230810 23834
20230811 23850
20230812 23832
20230813 23841
20230815 23862
20230816 23874
20230817 23898
20230818 23925
20230819 23935
20230820 23937
20230821 23932
20230822 23944
20230823 23944
20230824 23960
20230825 23958
20230826 23978
20230827 23975
20230828 23981
20230829 24010
20230830 24017
20230831 24038
20230901 24052
20230902 24062
20230903 24071
20230904 24080
20230905 24088
20230906 24105
20230907 24107
20230908 24130
20230909 24130
20230910 24129
20230911 24126
20230912 24130
20230913 24150
20230914 24160
20230915 24170
20230916 24174
20230917 24178
20230918 24183
20230919 24192
20230920 21689
20230921 21710
20230922 21723
20230923 21727
20230924 21732
20230925 21737
20230926 21731
20230927 21741
20230928 21752
20230929 21756
20230930 21748
20231001 21746
20231002 21739
20231003 21748
20231005 21773
20231007 21801
20231008 21816
20231009 21842
20231010 21842
20231011 21857
20231012 21866
20231013 21869
20231014 21874
20231015 21874
20231016 21895
20231017 21897
20231018 21906
20231019 21914
