20230707 2166721
20230709 2168630
20230710 2173217
20230711 2173865
20230712 2183978
20230713 2186383
20230714 2191004
20230715 2192531
20230730 2247244
20230731 2250952
20230801 2255853
20230802 2252200
20230803 2256070
20230804 2258514
20230805 2257821
20230806 2259640
20230807 2262040
20230808 2261246
20230809 2265971
20230810 2267905
20230811 2269870
20230812 2262223
20230813 2265837
20230815 2279880
20230816 2281300
20230817 2283731
20230818 2285902
20230819 2284498
20230820 2287069
20230821 2288470
20230822 2292680
20230823 2295188
