20230707 149
20230709 149
20230710 149
20230711 149
20230712 149
20230714 149
20230715 149
20230730 151
20230731 151
20230801 151
20230802 151
20230803 151
20230804 152
20230805 152
20230806 152
20230807 152
20230808 152
20230809 152
20230810 152
20230811 152
20230812 152
20230813 152
20230815 152
20230816 152
20230817 152
20230818 152
20230819 152
20230820 152
20230821 152
20230822 152
20230823 152
20230824 152
20230825 152
20230826 152
20230827 152
20230828 152
20230829 153
20230830 153
20230831 153
20230901 153
20230902 153
20230903 153
20230904 153
20230905 153
20230906 153
