20230707 109
20230709 109
20230710 109
20230711 109
20230712 109
20230714 109
20230715 109
20230730 109
20230731 109
20230801 109
20230802 109
20230803 109
20230804 109
20230805 109
20230806 109
20230807 109
20230808 109
20230809 109
20230810 109
20230811 109
20230812 109
20230813 109
20230815 109
20230816 109
20230817 109
20230818 109
20230819 109
20230820 109
20230821 109
20230822 109
20230823 109
20230824 109
20230825 109
20230826 109
20230827 109
20230828 109
20230829 109
20230830 109
20230831 109
20230901 109
20230902 109
20230903 109
20230904 109
20230905 109
20230906 109
20230907 109
20230908 109
20230909 109
20230910 109
20230911 109
20230912 109
20230913 109
20230914 109
20230915 109
20230916 109
20230917 109
20230918 109
20230919 109
20230920 105
20230921 105
20230922 105
20230923 105
20230924 105
20230925 105
20230926 105
20230927 105
20230928 105
20230929 105
20230930 105
20231001 105
20231002 105
20231003 105
20231005 105
20231007 105
20231008 105
20231009 105
20231010 105
20231011 105
20231012 105
20231013 105
20231014 105
20231015 105
20231016 105
20231017 105
20231018 105
20231019 105
20231020 105
20231021 105
20231022 105
20231023 105
20231024 105
20231025 105
20231026 105
20231027 105
20231028 105
20231029 105
20231030 105
20231031 105
20231101 105
20231102 105
20231103 105
20231104 105
20231105 105
20231106 105
20231107 105
20231108 105
20231109 105
20231110 105
20231111 105
20231112 105
20231113 105
20231114 105
20231115 105
20231116 105
20231117 105
20231118 105
20231120 105
20231121 105
20231122 105
20231123 105
20231124 105
20231125 105
20231126 105
20231127 105
20231128 105
20231129 105
20231130 105
20231201 105
20231202 105
20231203 105
20231204 105
20231205 105
20231206 105
20231207 105
20231208 105
20231209 105
20231210 105
20231211 105
20231212 105
20231213 105
20231214 105
20231215 105
20231216 106
20231217 106
20231218 106
20231219 106
20231220 106
20231221 106
20231222 106
20231223 106
20231224 106
20231225 106
20231226 106
20231227 106
20231230 106
20231231 106
20240101 106
20240102 106
20240103 106
20240104 106
20240105 106
20240106 106
20240107 106
20240108 106
20240109 106
20240110 106
20240111 106
20240112 106
20240113 106
20240114 106
20240115 106
20240116 106
20240117 106
20240118 106
20240119 106
20240120 106
20240121 106
20240122 106
20240124 106
20240125 106
20240126 106
20240127 106
20240128 106
20240129 106
20240130 106
20240131 106
20240201 106
20240202 106
20240203 106
20240204 106
20240205 106
20240206 106
20240207 106
20240208 106
20240209 106
20240210 106
20240211 106
20240212 106
20240213 106
20240214 106
20240215 106
20240216 106
20240217 106
20240218 106
20240219 106
20240220 106
20240221 106
20240222 106
20240223 106
20240224 106
20240225 106
20240226 106
20240227 106
20240228 106
20240229 106
20240301 106
20240302 106
20240303 106
20240304 106
20240305 106
20240306 106
20240307 106
20240308 106
20240309 106
20240310 106
20240311 106
20240312 106
20240313 106
20240314 106
20240315 106
20240316 106
20240317 106
20240318 106
20240319 106
20240320 106
20240321 106
20240322 106
20240323 106
20240324 106
20240325 106
20240326 106
20240327 106
20240328 106
20240329 106
20240330 106
20240331 106
20240401 106
20240402 106
20240403 106
20240404 106
20240405 106
20240406 106
20240407 106
20240408 106
20240409 106
20240410 106
20240411 106
20240412 106
20240413 106
20240415 106
20240416 106
20240417 106
20240418 106
20240419 106
20240420 106
20240421 106
20240422 106
20240423 106
20240424 106
20240425 106
20240426 106
20240427 106
20240428 106
20240429 106
20240430 106
20240501 106
20240503 106
20240504 106
20240505 106
20240506 106
20240507 106
20240508 106
20240509 106
20240510 106
20240511 106
20240512 106
20240513 106
20240514 106
20240515 106
20240516 106
20240517 106
20240518 106
20240519 106
20240520 106
20240521 106
20240522 106
20240523 106
20240524 106
20240525 106
20240526 106
20240527 106
20240528 106
20240529 106
20240530 106
20240531 106
20240601 106
20240602 106
20240603 106
20240604 106
20240605 106
20240606 106
20240609 106
20240611 106
20240612 106
20240613 106
20240614 106
20240615 106
20240616 106
