20230707 12360
20230709 12346
20230710 12341
20230711 12337
20230712 12347
20230713 12350
20230714 12354
20230715 12355
20230730 12455
20230731 12465
20230801 12488
20230802 12504
20230803 12496
20230804 12496
20230805 12503
20230806 12508
20230807 12504
20230808 12512
20230809 12507
20230810 12511
20230811 12515
20230812 12516
20230813 12521
20230815 12520
20230816 12519
20230817 12525
20230818 12521
20230819 12532
20230820 12522
20230821 12530
20230822 12537
20230823 12539
20230824 12549
20230825 12555
20230826 12554
