20230707 69
20230712 69
20230714 70
20230715 71
20230730 75
20230731 75
20230801 76
20230803 76
20230804 77
20230808 77
20230809 78
20230818 78
20230819 80
20230830 80
20230831 81
20230919 81
20230920 79
20230921 79
20230922 80
20231002 80
20231003 82
20231010 82
20231011 83
20231018 83
20231019 84
20231023 84
20231024 85
20231116 85
20231117 86
20231204 86
20231205 87
20231206 87
20231207 88
20231214 88
20231215 89
20231218 89
20231219 90
20231227 90
20231230 91
20240111 91
20240112 92
20240119 92
20240120 93
20240130 93
20240131 94
20240201 95
20240202 96
20240208 96
20240209 97
20240212 97
20240213 98
20240220 98
20240221 99
20240308 99
20240309 100
20240328 100
20240329 101
20240404 101
20240405 103
20240416 103
20240417 104
20240418 104
20240419 105
20240422 105
20240423 107
20240429 107
20240430 108
20240501 108
20240503 109
20240509 109
20240510 112
20240516 112
20240517 115
20240520 115
20240521 117
20240522 116
20240527 116
20240528 117
20240529 117
20240530 118
20240621 118
20240622 119
20240624 119
20240626 119
20240627 119
20240628 119
20240629 119
20240630 119
20240701 119
20240702 119
20240703 120
20240704 120
20240705 120
20240706 120
20240707 120
20240708 120
20240709 120
20240710 120
20240711 120
20240712 120
20240713 120
20240714 120
20240715 120
20240716 120
20240717 119
20240718 119
20240719 119
20240720 119
20240721 119
20240722 119
20240723 119
20240724 119
20240725 119
20240726 119
20240727 120
20240728 120
20240729 120
20240730 120
20240731 120
20240801 120
20240802 120
20240803 120
20240804 120
20240805 120
20240806 120
20240807 120
20240808 120
20240809 120
20240810 120
20240811 120
20240812 120
20240813 120
20240814 120
20240815 120
