20230707 5470
20230709 5459
20230710 5458
20230711 5454
20230712 5453
20230713 5450
20230714 5458
20230715 5451
20230730 5498
20230731 5516
20230801 5521
20230802 5521
20230803 5517
20230804 5517
20230805 5515
20230804 5517
20230806 5513
20230807 5513
20230808 5516
20230807 5513
20230809 5519
20230807 5513
20230810 5521
20230811 5521
20230812 5519
20230811 5521
20230813 5515
20230811 5521
20230815 5509
20230811 5521
20230816 5504
20230811 5521
20230817 5503
20230811 5521
20230818 5509
20230811 5521
20230819 5501
20230811 5521
20230820 5500
20230811 5521
20230821 5491
20230811 5521
20230822 5493
20230811 5521
20230823 5495
20230811 5521
20230824 5497
20230811 5521
20230825 5493
20230811 5521
20230826 5498
20230811 5521
20230827 5493
20230811 5521
20230828 5490
20230811 5521
20230829 5494
20230811 5521
20230830 5505
20230831 5505
20230901 5507
20230831 5505
20230902 5511
20230831 5505
20230903 5514
20230831 5505
20230904 5516
20230831 5505
20230905 5519
20230831 5505
20230906 5522
20230831 5505
20230907 5518
20230831 5505
20230908 5514
20230831 5505
20230909 5520
20230831 5505
20230910 5517
20230831 5505
20230911 5520
20230831 5505
20230912 5509
20230831 5505
20230913 5501
20230831 5505
20230914 5504
20230831 5505
20230915 5502
20230831 5505
20230916 5503
20230831 5505
20230917 5498
20230918 5498
20230919 5489
20230918 5498
20230920 5042
20230918 5498
20230921 5047
20230918 5498
20230922 5046
20230923 5046
20230924 5047
20230923 5046
20230925 5049
20230926 5049
20230927 5046
20230926 5049
20230928 5045
20230926 5049
20230929 5050
20230926 5049
20230930 5048
20231001 5049
20230926 5049
20231002 5055
20230926 5049
20231003 5056
20230926 5049
20231005 5063
20230926 5049
20231007 5065
20230926 5049
20231008 5070
20230926 5049
20231009 5082
20230926 5049
20231010 5090
20230926 5049
20231011 5094
20230926 5049
20231012 5097
20230926 5049
20231013 5094
20230926 5049
20231014 5095
20230926 5049
20231015 5089
20230926 5049
20231016 5091
20231017 5091
20231018 5090
20231017 5091
20231019 5088
20231017 5091
20231020 5087
20231021 5087
20231022 5081
20231021 5087
20231023 5079
20231021 5087
20231024 5080
20231021 5087
20231025 5077
20231021 5087
20231026 5084
20231021 5087
20231027 5086
20231028 5087
20231021 5087
20231029 5090
20231021 5087
20231030 5093
20231031 5093
20231101 5092
20231031 5093
20231102 5089
20231031 5093
20231103 5091
20231031 5093
20231104 5096
20231031 5093
20231105 5097
20231031 5093
20231106 5095
20231031 5093
20231107 5097
20231108 5097
20231109 5098
20231108 5097
20231110 5096
20231108 5097
20231111 5090
20231108 5097
20231112 5088
20231108 5097
20231113 5091
20231108 5097
20231114 5090
20231108 5097
20231115 5087
20231108 5097
20231116 5086
20231108 5097
20231117 5103
20231108 5097
20231118 5102
20231108 5097
20231120 5098
20231121 5097
20231108 5097
20231122 5098
20231108 5097
20231123 5102
20231108 5097
20231124 5101
20231125 5101
20231126 5099
20231125 5101
20231127 5103
20231128 5103
20231129 5106
20231130 5103
20231128 5103
20231201 5106
20231202 5103
20231128 5103
20231203 5104
20231128 5103
20231204 5098
20231128 5103
20231205 5104
20231206 5103
20231128 5103
20231207 5100
20231128 5103
20231208 5098
20231128 5103
20231209 5094
20231128 5103
20231210 5108
20231211 5103
20231128 5103
20231212 5111
20231128 5103
20231213 5136
20231128 5103
20231214 5137
20231215 5137
20231216 5142
20231215 5137
20231217 5143
20231215 5137
20231218 5142
20231215 5137
20231219 5144
20231215 5137
20231220 5142
20231215 5137
20231221 5144
20231215 5137
20231222 5149
20231215 5137
20231223 5147
20231215 5137
20231224 5150
20231215 5137
20231225 5154
20231215 5137
20231226 5156
20231215 5137
20231227 5148
20231215 5137
20231230 5147
20231215 5137
20231231 5145
20231215 5137
20240101 5141
20240102 5137
20231215 5137
20240103 5139
20231215 5137
20240104 5138
20231215 5137
20240105 5141
20240106 5137
20231215 5137
20240107 5138
20240108 5138
20240109 5140
20240108 5138
20240110 5144
20240108 5138
20240111 5146
20240108 5138
20240112 5145
20240113 5145
20240114 5143
20240113 5145
20240115 5142
20240113 5145
20240116 5139
20240113 5145
20240117 5137
20240113 5145
20240118 5140
20240113 5145
20240119 5133
20240113 5145
20240120 5135
20240113 5145
20240121 5134
20240122 5134
20240124 5139
20240122 5134
20240125 5144
20240122 5134
20240126 5142
20240122 5134
20240127 5147
20240128 5147
20240129 5145
20240130 5147
20240128 5147
20240131 5152
20240201 5152
20240202 5148
20240201 5152
20240203 5151
20240201 5152
20240204 5156
20240201 5152
20240205 5155
20240201 5152
20240206 5154
20240201 5152
20240207 5159
20240201 5152
20240208 5163
20240201 5152
20240209 5162
20240201 5152
20240210 5164
20240201 5152
20240211 5162
20240201 5152
20240212 5168
20240201 5152
20240213 5170
20240201 5152
20240214 5168
20240201 5152
20240215 5164
20240217 5164
20240218 5174
20240217 5164
20240219 5175
20240217 5164
20240220 5180
20240217 5164
20240221 5185
20240222 5185
20240223 5191
20240222 5185
20240224 5190
20240222 5185
20240225 5194
20240222 5185
20240226 5197
20240222 5185
20240227 5196
20240222 5185
20240228 5197
20240222 5185
20240229 5194
20240222 5185
20240301 5195
20240222 5185
20240302 5202
20240222 5185
20240303 5205
20240222 5185
20240304 5210
20240222 5185
20240305 5216
20240222 5185
20240306 5222
20240222 5185
20240307 5227
20240222 5185
20240308 5231
20240222 5185
20240309 5234
20240222 5185
20240310 5233
20240222 5185
20240311 5232
20240222 5185
20240312 5233
20240222 5185
20240313 5239
20240222 5185
20240314 5238
20240222 5185
20240315 5240
20240316 5240
20240317 5245
20240316 5240
20240318 5250
20240316 5240
20240319 5249
20240316 5240
20240320 5253
20240316 5240
20240321 5254
20240316 5240
20240322 5260
20240316 5240
20240323 5262
20240316 5240
20240324 5261
20240316 5240
20240325 5260
20240316 5240
20240326 5261
20240316 5240
20240327 5262
20240316 5240
20240328 5264
20240316 5240
20240329 5266
20240316 5240
20240330 5265
20240316 5240
20240331 5266
20240316 5240
20240401 5269
20240316 5240
20240402 5272
20240316 5240
20240403 5274
20240316 5240
20240404 5279
20240316 5240
20240405 5277
20240316 5240
20240406 5275
20240407 5275
20240408 5280
20240407 5275
20240409 5278
20240410 5278
20240411 5275
20240412 5275
20240413 5273
20240412 5275
20240415 5271
20240412 5275
20240416 5273
20240412 5275
20240417 5276
20240412 5275
20240418 5274
20240412 5275
20240419 5271
20240412 5275
20240420 5266
20240412 5275
20240421 5264
20240412 5275
20240422 5259
20240412 5275
20240423 5258
20240412 5275
20240424 5259
20240425 5259
20240426 5263
20240425 5259
20240427 5265
20240428 5265
20240429 5267
20240428 5265
20240430 5269
20240428 5265
20240501 5266
20240428 5265
20240503 5274
20240428 5265
20240504 5273
20240428 5265
20240505 5270
20240428 5265
20240506 5263
20240428 5265
20240507 5266
20240508 5266
20240509 5269
20240508 5266
20240510 5268
20240511 5266
20240508 5266
20240512 5269
20240508 5266
20240513 5270
20240508 5266
20240514 5272
20240508 5266
20240515 5270
20240516 5270
20240517 5267
20240516 5270
20240518 5266
20240516 5270
20240519 5264
20240516 5270
20240520 5261
20240516 5270
20240521 5255
20240516 5270
20240522 5259
20240516 5270
20240523 5258
20240525 5258
20240526 5257
20240525 5258
20240527 5254
20240528 5254
20240529 5252
20240530 5254
20240528 5254
20240531 5255
20240528 5254
20240601 5256
20240528 5254
20240602 5255
20240603 5255
20240604 5250
20240603 5255
20240605 5249
20240603 5255
20240606 5248
20240603 5255
20240609 5245
20240611 5245
20240612 5246
20240613 5246
20240614 5244
20240615 5244
20240616 5242
20240615 5244
20240617 5236
20240615 5244
20240618 5237
20240615 5244
20240620 5240
20240615 5244
20240621 5239
20240615 5244
20240622 5241
20240615 5244
20240623 5239
20240615 5244
20240624 5238
20240615 5244
20240626 5242
20240615 5244
20240627 5241
20240630 5241
20240701 5238
20240630 5241
20240702 5230
20240703 5230
20240704 5235
20240705 5235
20240706 5236
20240705 5235
20240707 5230
20240705 5235
20240708 5234
20240705 5235
20240709 5233
20240705 5235
20240710 5232
20240705 5235
20240711 5233
20240705 5235
20240712 5229
20240705 5235
20240713 5228
20240705 5235
20240714 5225
20240705 5235
20240715 5223
20240705 5235
20240716 5226
20240705 5235
20240717 5225
20240718 5225
20240719 5219
20240718 5225
20240720 5214
20240718 5225
20240721 5212
20240718 5225
20240722 5208
20240718 5225
20240723 5209
20240724 5209
20240725 5205
20240724 5209
20240726 5202
20240724 5209
20240727 5198
20240724 5209
20240728 5193
20240724 5209
20240729 5188
20240724 5209
20240730 5191
20240724 5209
20240731 5185
20240724 5209
20240801 5189
20240802 5189
20240803 5188
20240802 5189
20240804 5186
20240802 5189
20240805 5169
20240802 5189
20240806 5168
20240802 5189
20240807 5160
20240802 5189
20240808 5161
20240802 5189
20240809 5137
20240802 5189
20240810 5139
20240802 5189
20240811 5151
20240802 5189
20240812 5145
20240802 5189
20240813 5148
20240802 5189
20240814 5160
20240802 5189
20240815 5164
20240802 5189
20240816 5171
20240802 5189
20240817 5175
20240802 5189
20240818 5174
20240802 5189
20240819 5171
20240820 5171
20240821 5173
20240820 5171
20240822 5176
20240823 5176
20240824 5180
20240823 5176
20240825 5178
20240823 5176
20240826 5175
20240823 5176
20240827 5168
20240823 5176
20240828 5173
20240823 5176
20240829 5172
20240823 5176
20240830 5170
20240823 5176
20240831 5169
20240823 5176
20240901 5173
20240823 5176
20240902 5189
20240823 5176
20240903 5188
20240823 5176
20240904 5189
20240823 5176
20240905 5188
20240823 5176
20240906 5177
20240823 5176
20240907 5171
20240823 5176
20240908 5161
20240823 5176
20240909 5145
20240823 5176
20240910 5119
20240823 5176
20240911 5098
20240912 5098
20240913 5085
20240912 5098
20240914 5078
20240912 5098
20240915 5079
20240916 5079
20240917 5078
20240916 5079
20240918 5077
20240919 5077
20240920 5080
20240919 5077
20240921 5076
20240919 5077
20240921 5079
20240922 5079
20240925 5086
20240927 5086
20240928 5087
20240927 5086
20240929 5077
20240927 5086
20240930 5076
20240927 5086
20241001 5081
20240927 5086
20241002 5083
20241002 5083
