20230707 934662
20230710 935905
20230711 936468
20230712 937340
20230713 938221
20230714 938300
20230715 939211
20230716 939813
20230717 940364
20230719 941633
20230720 942643
20230721 943575
20230722 944498
20230723 945085
20230724 945539
20230725 946188
20230726 947255
20230727 947999
20230728 949095
20230729 950019
20230730 950636
20230731 951295
20230801 951834
20241003 1260912
20241003 1260912
20241006 1263227
20241111 1281633
20241113 1282708
20241115 1284420
20241116 1285781
20241117 1286674
20241118 1267498
20241119 1267721
20241120 1267700
20241121 1267861
20241122 1269347
20241123 1270815
20241124 1271634
20241125 1267877
20241126 1268321
20241127 1268808
20241128 1269262
20241129 1270732
20241130 1272119
20241201 1273059
20241202 1270440
