20230707 2842
20230709 2843
20230710 2844
20230711 2848
20230712 2849
20230713 2852
20230714 2849
20230715 2850
20230730 2885
20230731 2888
20230801 2894
20230802 2905
20230803 2911
20230804 2919
20230805 2923
20230806 2928
20230807 2928
20230808 2930
20230809 2933
20230810 2935
20230811 2939
20230812 2944
20230813 2947
20230815 2955
20230816 2964
20230817 2974
20230818 2977
20230819 2980
20230820 2983
20230821 2983
20230822 2992
20230823 2992
20230824 3001
20230825 3001
20230826 3007
20230827 3011
