20230707 18656
20230709 18648
20230710 18639
20230711 18638
20230712 18633
20230713 18637
20230714 18640
20230715 18645
20230730 18691
20230731 18702
20230801 18730
20230802 18734
20230803 18736
20230804 18729
20230805 18727
20230806 18731
20230807 18725
20230808 18737
20230809 18738
20230810 18742
20230811 18748
20230812 18748
20230813 18754
20230815 18775
20230816 18781
20230817 18794
20230818 18806
20230819 18811
20230820 18803
20230821 18806
20230822 18808
20230823 18829
20230824 18838
20230825 18838
20230826 18843
20230827 18856
20230828 18844
20230829 18845
20230830 18870
20230831 18852
20230901 18852
20230902 18982
20230903 19230
20230904 19334
20230905 19551
20230906 19609
20230907 19642
20230908 19633
20230909 19632
20230910 19615
20230911 19615
20230912 19597
20230913 19593
20230914 19581
20230915 19570
20230916 19554
20230917 19548
20230918 19558
20230919 19577
20230920 18466
20230921 18486
20230922 18513
20230923 18511
20230924 18510
20230925 18507
20230926 18521
20230927 18528
20230928 18541
20230929 18529
20230930 18527
20231001 18515
20231002 18515
20231003 18532
20231005 18547
20231007 18541
20231008 18568
20231009 18580
20231010 18592
20231011 18610
20231012 18609
20231013 18541
20231014 18542
20231015 18543
20231016 18556
20231017 18560
20231018 18565
20231019 18561
20231020 18558
20231021 18573
20231023 18573
20231024 18568
20231025 18576
20231026 18548
20231027 18553
20231028 18553
20231029 18550
20231030 18549
20231031 18553
20231101 18557
20231102 18552
20231103 18544
20231104 18545
20231105 18545
20231106 18542
20231107 18554
20231108 18555
20231109 18555
20231110 18550
20231111 18558
20231112 18566
20231113 18578
20231114 18577
20231115 18571
20231116 18593
20231117 18582
20231118 18578
20231120 18561
20231121 18557
20231122 18562
20231123 18564
20231124 18554
20231125 18543
20231126 18570
20231127 18575
20231128 18593
20231129 18597
20231130 18607
20231201 18618
20231202 18618
20231203 18622
20231204 18635
20231205 18630
20231206 18630
20231207 18624
20231208 18614
20231209 18615
20231210 18610
20231211 18613
20231212 18543
20231213 18546
20231214 18550
20231215 18547
20231216 18547
20231217 18544
20231218 18538
20231219 18554
20231220 18599
20231221 18647
20231222 18634
20231223 18636
20231224 18639
20231225 18610
20231226 18597
20231227 18577
20231230 18613
20231231 18602
20240101 18605
20240102 18608
20240103 18598
20240104 18607
20240105 18621
20240106 18630
20240107 18620
20240108 18619
20240109 18622
20240110 18624
20240111 18649
20240112 18653
20240113 18655
20240114 18647
20240115 18628
20240116 18629
20240117 18631
20240118 18636
20240119 18637
20240120 18649
20240121 18640
20240122 18630
20240124 18632
20240125 18620
20240126 18597
20240127 18600
20240128 18578
20240129 18584
20240130 18582
20240131 18584
20240201 18582
20240202 18582
20240203 18576
20240204 18576
20240205 18564
20240206 18566
20240207 18592
20240208 18607
20240209 18624
20240210 18623
20240211 18638
20240212 18654
20240213 18672
20240214 18687
20240215 18623
20240216 18610
20240217 18597
20240218 18601
20240219 18604
20240220 18607
20240221 18616
20240222 18632
20240223 18640
20240224 18648
20240225 18654
20240226 18650
20240227 18650
20240228 18662
20240229 18671
20240301 18672
20240302 18674
20240303 18678
20240304 18683
20240305 18684
20240306 18691
20240307 18708
20240308 18727
20240309 18746
20240310 18751
20240311 18756
20240312 18737
20240313 18740
20240314 18749
20240315 18749
20240316 18750
20240317 18756
20240318 18761
20240319 18758
20240320 18802
20240321 18808
20240322 18814
20240323 18790
20240324 18793
20240325 18851
20240326 18899
20240327 18939
20240328 18975
20240329 19020
20240330 19065
20240331 19086
20240401 19109
20240402 19141
20240403 19153
20240404 19175
20240405 19201
20240406 19237
20240407 19260
20240408 19293
20240409 19319
20240410 19358
20240411 19392
20240412 19380
20240413 19411
20240415 19427
20240416 19435
20240417 19436
20240418 19437
20240419 19450
20240420 19408
20240421 19409
20240422 19399
20240423 19362
20240424 19336
20240425 19334
20240426 19342
20240427 19308
20240428 19299
20240429 19283
20240430 19277
20240501 19266
20240503 19274
20240504 19266
20240505 19266
20240506 19263
20240507 19265
20240508 19275
20240509 19274
20240510 19278
20240511 19266
20240512 19256
20240513 19251
20240514 19246
20240515 19243
20240516 19243
20240517 19233
20240518 19231
20240519 19226
20240520 19212
20240521 19207
20240522 19204
20240523 19208
20240524 19205
20240525 19224
20240526 19226
20240527 19222
20240528 19229
20240529 19235
20240530 19236
20240531 19240
20240601 19247
20240602 19250
20240603 19232
20240604 19237
20240605 19233
20240606 19222
20240609 19218
20240611 19208
20240612 19202
20240613 19214
20240614 19200
20240615 19195
20240616 19190
20240617 19190
20240618 19185
20240620 19188
20240621 19192
20240622 19196
20240623 19188
20240624 19186
20240626 19167
20240627 19167
20240628 19155
20240629 19151
20240630 19149
20240701 19143
20240702 19124
20240703 19105
20240704 19109
20240705 19122
20240706 19095
20240707 19066
20240708 19057
20240709 19060
20240710 19057
20240711 19057
20240712 19050
20240713 19059
20240714 19028
20240715 19023
20240716 19026
20240717 19019
20240718 19027
20240719 19031
20240720 19034
20240721 19029
20240722 19014
20240723 19001
20240724 19001
20240725 19008
20240726 18984
20240727 18989
20240728 18979
20240729 18966
20240730 18975
20240731 18978
20240801 18976
20240802 18973
20240803 18968
20240804 18969
20240805 18945
20240806 18938
20240807 18951
20240808 18963
20240809 18914
20240810 18921
20240811 18928
20240812 18925
20240813 18954
20240814 18976
20240815 18962
20240816 18957
20240817 18962
20240818 18969
20240819 18954
20240820 18963
20240821 18963
20240822 18972
20240823 18962
20240824 18970
20240825 18966
20240826 18966
20240827 18949
20240828 18956
20240829 18958
20240830 18939
20240831 18914
20240901 18912
20240902 18918
20240903 18920
20240904 18919
20240905 18924
20240906 18920
20240907 18905
20240908 18893
