20230707 24708
20230709 24707
20230710 24707
20230711 24713
20230712 24713
20230713 24704
20230714 24719
20230715 24724
20230730 24737
20230731 24726
20230801 24716
20230802 24712
20230803 24712
20230804 24711
20230805 24716
20230806 24725
20230807 24727
20230808 24735
20230809 24739
20230810 24743
20230811 24747
20230812 24756
20230813 24750
20230815 24737
20230816 24739
20230817 24728
20230818 24735
20230819 24752
20230820 24754
20230821 24744
20230822 24742
20230823 24738
20230824 24743
20230825 24725
20230826 24739
20230827 24724
20230828 24718
20230829 24714
20230830 24722
20230831 24708
20230901 24704
20230902 24696
20230903 24692
20230904 24688
20230905 24698
20230906 24693
20230907 24696
20230908 24699
20230909 24690
20230910 24677
20230911 24680
20230912 24680
20230913 24676
20230914 24682
20230915 24678
20230916 24673
20230917 24664
20230918 24659
20230919 24673
20230920 22992
20230921 22979
20230922 22981
20230923 22973
20230924 22969
20230925 22967
20230926 22953
20230927 22954
20230928 22952
20230929 22939
20230930 22937
20231001 22935
20231002 22934
20231003 22945
20231005 22951
20231007 22961
20231008 22970
20231009 22977
20231010 22971
20231011 22966
20231012 22972
20231013 22972
20231014 22972
20231015 22916
20231016 22914
20231017 22909
20231018 22917
20231019 22912
20231020 22923
20231021 22930
20231022 22931
20231023 22938
20231024 22941
20231025 22937
20231026 22946
20231027 22949
20231028 22947
20231029 22945
20231030 22936
20231031 22934
20231101 22941
20231102 22948
20231103 22955
