20230707 22915
20230709 22920
20230710 22928
20230711 22927
20230712 22925
20230713 22946
20230714 22938
20230715 22938
20230730 22956
20230715 22938
20230731 22946
20230715 22938
20230801 22948
20230715 22938
20230802 22949
20230715 22938
20230803 22947
20230715 22938
20230804 22951
20230715 22938
20230805 22954
20230715 22938
20230806 22955
20230715 22938
20230807 22963
20230715 22938
20230808 22966
20230715 22938
20230809 22983
20230810 22983
20230811 22997
20230810 22983
20230812 22994
20230810 22983
20230813 22995
20230810 22983
20230815 23001
20230810 22983
20230816 23007
20230810 22983
20230817 23002
20230810 22983
20230818 23004
20230810 22983
20230819 23008
20230810 22983
20230820 23010
20230810 22983
20230821 23018
20230810 22983
20230822 23029
20230810 22983
20230823 23040
20230810 22983
20230824 23039
20230810 22983
20230825 23046
20230810 22983
20230826 23061
20230810 22983
20230827 23062
20230810 22983
20230828 23065
20230829 23065
20230830 23089
20230829 23065
20230831 23094
20230829 23065
20230901 23099
20230829 23065
20230902 23104
20230829 23065
20230903 23093
20230829 23065
20230904 23099
20230829 23065
20230905 23094
20230829 23065
20230906 23090
20230829 23065
20230907 23096
20230829 23065
20230908 23090
20230829 23065
20230909 23092
20230829 23065
20230910 23101
20230829 23065
20230911 23100
20230829 23065
20230912 23099
20230829 23065
20230913 23109
20230829 23065
20230914 23125
20230829 23065
20230915 23137
20230829 23065
20230916 23140
20230829 23065
20230917 23135
20230829 23065
20230918 23131
20230919 23131
20230920 22671
20230919 23131
20230921 22690
20230919 23131
20230922 22706
20230919 23131
20230923 22700
20230919 23131
20230924 22674
20230919 23131
20230925 22648
20230919 23131
20230926 22613
20230919 23131
20230927 22590
20230919 23131
20230928 22577
20230919 23131
20230929 22568
20230919 23131
20230930 22549
20230919 23131
20231001 22535
20230919 23131
20231002 22537
20230919 23131
20231003 22543
20230919 23131
20231005 22546
20230919 23131
20231007 22515
20230919 23131
20231008 22512
20230919 23131
20231009 22511
20230919 23131
20231010 22518
20230919 23131
20231011 22529
20230919 23131
20231012 22533
20230919 23131
20231013 22540
20230919 23131
20231014 22542
20230919 23131
20231015 22548
20230919 23131
20231016 22546
20230919 23131
20231017 22545
20230919 23131
20231018 22549
20230919 23131
20231019 22556
20230919 23131
20231020 22565
20230919 23131
20231021 22571
20230919 23131
20231022 22578
20230919 23131
20231023 22572
20230919 23131
20231024 22575
20230919 23131
20231025 22577
20230919 23131
20231026 22588
20230919 23131
20231027 22609
20230919 23131
20231028 22602
20230919 23131
20231029 22597
20230919 23131
20231030 22600
20230919 23131
20231031 22604
20230919 23131
20231101 22613
20230919 23131
20231102 22610
20230919 23131
20231103 22600
20230919 23131
20231104 22624
20230919 23131
20231105 22614
20230919 23131
20231106 22613
20230919 23131
20231107 22629
20230919 23131
20231108 22638
20230919 23131
20231109 22634
20230919 23131
20231110 22640
20231111 22640
20231112 22634
20231111 22640
20231113 22627
20231111 22640
20231114 22616
20231111 22640
20231115 22636
20231111 22640
20231116 22627
20231111 22640
20231117 22630
20231111 22640
20231118 22634
20231111 22640
20231120 22623
20231111 22640
20231121 22628
20231122 22628
20231123 22632
20231122 22628
20231124 22638
20231122 22628
20231125 22633
20231122 22628
20231126 22631
20231122 22628
20231127 22624
20231122 22628
20231128 22631
20231122 22628
20231129 22635
20231122 22628
20231130 22645
20231201 22645
20231202 22654
20231201 22645
20231203 22643
20231201 22645
20231204 22640
20231205 22640
20231206 22639
20231205 22640
20231207 22647
20231208 22640
20231205 22640
20231209 22646
20231205 22640
20231210 22638
20231205 22640
20231211 22644
20231205 22640
20231212 22643
20231205 22640
20231213 22642
20231205 22640
20231214 22641
20231205 22640
20231215 22646
20231205 22640
20231216 22642
20231205 22640
20231217 22641
20231205 22640
20231218 22632
20231205 22640
20231219 22639
20231205 22640
20231220 22627
20231205 22640
20231221 22624
20231205 22640
20231222 22637
20231205 22640
20231223 22651
20231205 22640
20231224 22644
20231205 22640
20231225 22636
20231205 22640
20231226 22632
20231205 22640
20231227 22623
20231205 22640
20231230 22641
20231205 22640
20231231 22628
20231205 22640
20240101 22610
20231205 22640
20240102 22598
20231205 22640
20240103 22591
20231205 22640
20240104 22601
20231205 22640
20240105 22604
20231205 22640
20240106 22624
20231205 22640
20240107 22631
20231205 22640
20240108 22627
20231205 22640
20240109 22644
20231205 22640
20240110 22659
20231205 22640
20240111 22698
20240112 22698
20240113 22697
20240112 22698
20240114 22695
20240112 22698
20240115 22694
20240112 22698
20240116 22703
20240112 22698
20240117 22710
20240112 22698
20240118 22706
20240112 22698
20240119 22710
20240112 22698
20240120 22725
20240112 22698
20240121 22729
20240112 22698
20240122 22719
20240112 22698
20240124 22763
20240112 22698
20240125 22781
20240112 22698
20240126 22779
20240112 22698
20240127 22778
20240112 22698
20240128 22780
20240112 22698
20240129 22775
20240112 22698
20240130 22780
20240112 22698
20240131 22782
20240112 22698
20240201 22804
20240112 22698
20240202 22813
20240112 22698
20240203 22815
20240112 22698
20240204 22823
20240112 22698
20240205 22822
20240112 22698
20240206 22819
20240112 22698
20240207 22830
20240112 22698
20240208 22839
20240112 22698
20240209 22859
20240112 22698
20240210 22863
20240112 22698
20240211 22878
20240112 22698
20240212 22870
20240112 22698
20240213 22878
20240112 22698
20240214 22899
20240112 22698
20240215 22910
20240112 22698
20240216 22905
20240217 22905
20240218 22912
20240217 22905
20240219 22910
20240217 22905
20240220 22909
20240217 22905
20240221 22911
20240217 22905
20240222 22922
20240217 22905
20240223 22957
20240217 22905
20240224 22951
20240217 22905
20240225 22944
20240217 22905
20240226 22934
20240217 22905
20240227 22938
20240217 22905
20240228 22942
20240217 22905
20240229 22946
20240217 22905
20240301 22952
20240217 22905
20240302 22965
20240217 22905
20240303 22957
20240217 22905
20240304 22954
20240217 22905
20240305 22959
20240217 22905
20240306 22954
20240217 22905
20240307 22959
20240217 22905
20240308 22965
20240217 22905
20240309 22967
20240217 22905
20240310 22974
20240217 22905
20240311 22966
20240217 22905
20240312 22982
20240217 22905
20240313 22984
20240217 22905
20240314 22994
20240217 22905
20240315 23000
20240217 22905
20240316 23002
20240217 22905
20240317 23001
20240217 22905
20240318 23002
20240217 22905
20240319 23009
20240217 22905
20240320 23025
20240217 22905
20240321 23029
20240217 22905
20240322 23024
20240217 22905
20240323 23034
20240217 22905
20240324 23038
20240217 22905
20240325 23036
20240217 22905
20240326 23046
20240217 22905
20240327 23060
20240217 22905
20240328 23062
20240217 22905
20240329 23063
20240330 23063
20240331 23058
20240330 23063
20240401 23048
20240402 23048
20240403 23055
20240402 23048
20240404 23066
20240402 23048
20240405 23053
20240402 23048
20240406 23074
20240402 23048
20240407 23070
20240402 23048
20240408 23066
20240402 23048
20240409 23070
20240402 23048
20240410 23072
20240402 23048
20240411 23084
20240402 23048
20240412 23102
20240402 23048
20240413 23108
20240402 23048
20240415 23090
20240402 23048
20240416 23126
20240402 23048
20240417 23133
20240402 23048
20240418 23137
20240402 23048
20240419 23146
20240402 23048
20240420 23154
20240402 23048
20240421 23161
20240402 23048
20240422 23163
20240402 23048
20240423 23177
20240402 23048
20240424 23181
20240402 23048
20240425 23176
20240402 23048
20240426 23182
20240427 23182
20240428 23184
20240427 23182
20240429 23174
20240427 23182
20240430 23166
20240427 23182
20240501 23158
20240427 23182
20240503 23168
20240427 23182
20240504 23172
20240427 23182
20240505 23167
20240427 23182
20240506 23161
20240427 23182
20240507 23171
20240427 23182
20240508 23183
20240427 23182
20240509 23191
20240510 23191
20240511 23172
20240510 23191
20240512 23165
20240510 23191
20240513 23177
20240510 23191
20240514 23183
20240510 23191
20240515 23184
20240510 23191
20240516 23199
20240510 23191
20240517 23206
20240510 23191
20240518 23215
20240510 23191
20240519 23224
20240510 23191
20240520 23227
20240510 23191
20240521 23229
20240510 23191
20240522 23231
20240510 23191
20240523 23236
20240510 23191
20240524 23231
20240510 23191
20240525 23222
20240510 23191
20240526 23218
20240510 23191
20240527 23204
20240510 23191
20240528 23210
20240510 23191
20240529 23217
20240510 23191
20240530 23212
20240510 23191
20240531 23215
20240510 23191
20240601 23213
20240510 23191
20240602 23209
20240510 23191
20240603 23210
20240510 23191
20240604 23211
20240605 23211
20240606 23214
20240605 23211
20240609 23251
20240605 23211
20240611 23248
20240605 23211
20240612 23254
20240605 23211
20240613 23244
20240605 23211
20240614 23254
20240605 23211
20240615 23258
20240605 23211
20240616 23252
20240605 23211
20240617 23250
20240605 23211
20240618 23236
20240605 23211
20240620 23249
20240605 23211
20240621 23266
20240605 23211
20240622 23274
20240605 23211
20240623 23262
20240624 23262
20240626 23275
20240624 23262
20240627 23279
20240624 23262
20240628 23280
20240624 23262
20240629 23281
20240624 23262
20240630 23286
20240624 23262
20240701 23282
20240702 23282
20240703 23288
20240702 23282
20240704 23291
20240702 23282
20240705 23293
20240702 23282
20240706 23288
20240707 23288
20240708 23290
20240707 23288
20240709 23298
20240707 23288
20240710 23296
20240707 23288
20240711 23289
20240707 23288
20240712 23296
20240707 23288
20240713 23295
20240707 23288
20240714 23285
20240707 23288
20240715 23277
20240707 23288
20240716 23276
20240707 23288
20240717 23282
20240707 23288
20240718 23281
20240707 23288
20240719 23275
20240707 23288
20240720 23267
20240707 23288
20240721 23252
20240707 23288
20240722 23248
20240707 23288
20240723 23257
20240724 23257
20240725 23266
20240724 23257
20240726 23263
20240724 23257
20240727 23267
20240724 23257
20240728 23265
20240724 23257
20240729 23268
20240724 23257
20240730 23272
20240724 23257
20240731 23284
20240724 23257
20240801 23302
20240724 23257
20240802 23308
20240724 23257
20240803 23313
20240724 23257
20240804 23314
20240724 23257
20240805 23309
20240724 23257
20240806 23316
20240724 23257
20240807 23318
20240724 23257
20240808 23330
20240724 23257
20240809 23338
20240724 23257
20240810 23324
20240724 23257
20240811 23315
20240724 23257
20240812 23323
20240724 23257
20240813 23325
20240724 23257
20240814 23362
20240724 23257
20240815 23378
20240724 23257
20240816 23384
20240724 23257
20240817 23378
20240724 23257
20240818 23373
20240724 23257
20240819 23374
20240724 23257
20240820 23371
20240724 23257
20240821 23369
20240724 23257
20240822 23366
20240724 23257
20240823 23369
20240724 23257
20240824 23360
20240724 23257
20240825 23355
20240724 23257
20240826 23360
20240827 23360
20240828 23363
20240827 23360
20240829 23364
20240827 23360
20240830 23373
20240827 23360
20240831 23370
20240827 23360
20240901 23358
20240827 23360
20240902 23356
20240827 23360
20240903 23364
20240827 23360
20240904 23377
20240827 23360
20240905 23381
20240827 23360
20240906 23394
20240827 23360
20240907 23397
20240827 23360
20240908 23399
20240827 23360
20240909 23400
20240827 23360
20240910 23388
20240827 23360
20240911 23395
20240827 23360
20240912 23411
20240827 23360
20240913 23402
20240827 23360
20240914 23407
20240827 23360
20240915 23411
20240916 23411
20240917 23419
20240916 23411
20240918 23430
20240916 23411
20240919 23435
20240916 23411
20240920 23453
20240916 23411
20240921 23467
20240916 23411
20240921 23468
20240922 23468
20240925 23463
20240922 23468
20240926 23469
20240922 23468
20240927 23479
20240922 23468
20240928 23487
20240922 23468
20240929 23482
20240922 23468
20240930 23487
20240922 23468
20241001 23488
20241001 23488
