20230707 65
20230709 65
20230710 65
20230711 65
20230712 65
20230714 65
20230715 65
20230730 65
20230731 65
20230801 65
20230802 65
20230803 65
20230804 65
20230805 65
20230806 65
20230807 65
20230808 65
20230809 65
20230810 65
20230811 65
20230812 65
20230813 65
20230815 65
20230816 65
20230817 65
20230818 65
20230819 65
20230820 65
20230821 65
20230822 65
20230823 65
20230824 65
20230825 65
20230826 65
20230827 65
20230828 65
20230829 65
20230830 65
20230831 65
20230901 65
20230902 65
20230903 65
20230904 65
20230905 65
20230906 65
20230907 65
20230908 65
20230909 65
20230910 65
20230911 65
20230912 65
20230913 65
20230914 65
20230915 65
20230916 65
20230917 65
20230918 65
20230919 65
20230920 51
20230921 51
20230922 51
20230923 51
20230924 51
20230925 51
20230926 51
20230927 51
20230928 51
20230929 51
20230930 51
20231001 51
20231002 51
20231003 51
20231005 51
20231007 51
20231008 51
