20230922 3869
20230924 3867
20230925 3867
20230926 3868
20230927 3870
20230928 3872
20230929 3872
20230930 3872
20231001 3874
20231002 3875
20231003 3875
20231005 3875
20231007 3877
20231008 3878
20231009 3880
20231010 3880
20231011 3880
20231012 3877
20231013 3877
20231014 3878
20231015 3878
20231016 3878
20231017 3878
20231018 3878
20231019 3878
20231020 3879
20231021 3879
20231022 3885
20231023 3885
20231024 3885
20231025 3885
20231026 3887
20231027 3862
20231028 3862
20231029 3862
20231030 3862
20231031 3862
20231101 3862
20231102 3863
20231103 3863
20231104 3865
20231105 3865
20231106 3865
20231107 3865
20231108 3865
20231109 3837
20231110 3839
20231111 3839
20231112 3839
20231113 3839
20231114 3839
20231115 3839
20231116 3839
20231117 3839
20231118 3839
20231120 3839
20231121 3840
20231122 3840
20231123 3842
20231124 3843
20231125 3843
20231126 3843
20231127 3843
20231128 3843
20231129 3843
20231130 3843
20231201 3843
