20230707 4724
20230709 4714
20230710 4705
20230711 4700
20230712 4700
20230713 4696
20230714 4697
20230715 4700
20230730 4694
20230731 4694
20230801 4698
20230802 4700
20230803 4704
20230804 4701
20230805 4703
20230806 4704
20230807 4704
20230808 4715
20230809 4709
20230810 4712
20230811 4710
20230812 4710
20230813 4725
20230815 4727
20230816 4730
20230817 4729
20230818 4729
20230819 4735
20230820 4739
20230821 4740
20230822 4738
20230823 4743
20230824 4743
20230825 4744
20230826 4752
20230827 4753
20230828 4754
20230829 4745
20230830 4746
20230831 4738
20230901 4725
20230902 4723
20230903 4729
20230904 4729
20230905 4731
20230906 4733
20230907 4738
20230908 4733
20230909 4742
20230910 4738
20230911 4731
20230912 4728
20230913 4723
20230914 4721
20230915 4720
20230916 4715
20230917 4725
20230918 4726
20230919 4726
20230920 4334
20230921 4342
20230922 4342
20230923 4340
20230924 4338
20230925 4344
20230926 4346
20230927 4349
20230928 4345
20230929 4342
20230930 4333
20231001 4337
20231002 4362
20231003 4369
20231005 4375
20231007 4385
20231008 4382
20231009 4386
20231010 4384
20231011 4385
20231012 4399
20231013 4405
20231014 4405
20231015 4406
20231016 4419
20231017 4421
