20230707 70
20230709 70
20230710 70
20230711 70
20230712 70
20230714 70
20230715 70
20230730 71
20230731 71
20230801 71
20230802 71
20230803 71
20230804 71
20230805 71
20230806 71
20230807 71
20230808 71
20230809 71
20230810 71
20230811 71
20230812 71
20230813 71
20230815 71
20230816 71
20230817 71
20230818 71
20230819 71
20230820 71
20230821 71
20230822 71
20230823 71
20230824 71
20230825 71
20230826 71
20230827 71
20230828 71
20230829 71
20230830 71
20230831 71
20230901 71
20230902 71
20230903 71
20230904 71
20230905 71
20230906 71
20230907 71
20230908 71
20230909 71
20230910 71
20230911 71
20230912 71
20230913 71
20230914 71
20230915 71
20230916 71
20230917 71
20230918 71
20230919 71
20230920 69
20230921 69
20230922 69
20230923 69
20230924 69
20230925 69
20230926 69
20230927 69
20230928 69
20230929 69
20230930 69
20231001 69
20231002 69
20231003 69
20231005 69
20231007 69
20231008 69
20231009 69
20231010 69
20231011 69
20231012 69
20231013 68
20231014 68
20231015 68
20231016 68
20231017 68
20231018 68
20231019 68
20231020 68
20231021 68
20231022 68
20231023 68
20231024 68
20231025 68
20231026 68
20231027 68
20231028 68
20231029 68
20231030 68
20231031 68
20231101 68
20231102 69
20231103 69
20231104 69
20231105 69
20231106 69
20231107 69
20231108 69
20231109 69
20231110 69
20231111 69
20231112 69
20231113 69
20231114 69
20231115 69
20231116 69
20231117 69
20231118 69
20231120 69
20231121 69
20231122 69
20231123 69
20231124 69
20231125 69
20231126 69
20231127 69
20231128 69
20231129 69
20231130 69
20231201 69
20231202 69
20231203 69
20231204 69
20231205 69
20231206 69
20231207 69
20231208 69
20231209 69
20231210 69
20231211 69
20231212 70
20231213 70
20231214 70
20231215 70
20231216 70
20231217 70
20231218 70
20231219 70
20231220 70
20231221 70
20231222 70
20231223 70
20231224 70
20231225 70
20231226 70
20231227 70
20231230 70
20231231 70
20240101 70
20240102 70
20240103 70
20240104 70
20240105 70
20240106 70
20240107 70
20240108 70
20240109 70
20240110 70
20240111 70
20240112 70
20240113 70
20240114 70
20240115 70
20240116 70
20240117 70
20240118 70
20240119 70
20240120 70
20240121 70
20240122 70
20240124 70
20240125 70
20240126 70
