20230922 469462
20230924 469257
20230925 469250
20230926 469193
20230927 469153
20230928 469031
20230929 468991
20230930 468944
20231001 468868
20231002 468841
20231003 468922
20231005 468864
20231007 468990
20231008 468942
20231009 468901
20231010 468914
20231011 468895
20231012 468937
20231013 468885
20231014 468814
20231015 468760
20231016 468617
20231017 468617
20231018 468686
20231019 468686
20231020 468811
20231021 468775
20231022 468699
20231023 468714
20231024 468645
20231025 468561
20231026 468494
20231027 468419
20231028 468202
20231029 468071
20231030 468078
20231031 467960
20231101 467914
20231102 467807
20231103 467754
20231104 467695
20231105 467571
20231106 467461
20231107 467426
20231108 467426
20231109 467258
20231110 467199
20231111 467190
20231112 467104
20231113 466986
20231114 466921
20231115 466804
20231116 466692
20231117 466619
20231118 466566
20231120 466337
20231121 466515
20231122 466686
20231123 466634
20231124 466561
20231125 466771
20231126 466647
20231127 466836
20231128 466708
20231129 466636
20231130 466571
20231201 466500
20231202 466499
20231203 466509
20231204 466440
20231205 466548
20231206 466263
20231207 466055
20231208 466037
20231209 466073
20231210 466056
20231211 465768
20231212 465453
20231213 465483
20231214 465412
20231215 465171
20231216 465039
20231217 465055
20231218 464937
20231219 464909
20231220 464792
20231221 464720
20231222 464500
20231223 464375
20231224 464249
20231225 464063
20231226 464170
20231227 464104
20231230 463591
20231231 463456
20240101 462905
20240102 462674
20240103 462487
20240104 462265
20240105 461993
20240106 461199
20240107 460724
20240108 460332
20240109 459606
20240110 458816
20240111 454306
20240112 453338
20240113 453101
20240114 452717
20240115 452290
20240116 452144
20240117 451999
20240118 451803
20240119 497014
20240120 451466
20240121 451402
20240122 451262
20240124 451070
20240125 450938
20240126 450758
20240127 450496
20240128 450327
20240129 450103
20240130 450103
20240131 449818
20240201 449487
20240202 449157
20240203 449201
20240204 449134
20240205 449077
20240206 448985
20240207 448962
20240208 448975
20240209 448733
20240210 448547
20240211 448567
20240212 448497
20240213 448455
20240214 448518
20240215 448544
20240216 448351
20240217 447922
20240218 447888
20240219 447814
20240220 447717
20240221 447636
20240222 447367
20240223 447341
20240224 447254
20240225 447152
20240226 447085
20240227 447043
20240228 446940
20240229 447106
20240301 447158
20240302 447088
20240303 447035
20240304 447058
20240305 446989
20240306 446911
20240307 446818
20240308 446876
20240309 446501
20240310 446480
20240311 446698
20240312 446683
20240313 446455
20240314 446460
20240315 446258
20240316 446301
20240317 446270
20240318 446229
20240319 446144
20240320 445923
20240321 445797
20240322 445804
20240323 445724
20240324 445757
20240325 445683
20240326 445597
20240327 445389
20240328 445181
20240329 445091
20240330 445022
20240331 444843
20240401 444831
20240402 444750
20240403 444655
20240404 444637
20240405 444604
20240406 444369
20240407 444369
20240408 444123
20240409 443747
20240410 443386
20240411 443244
20240412 443121
20240413 443119
20240415 442849
20240416 442789
20240417 442584
20240418 442376
20240419 442253
20240420 442180
20240421 442088
20240422 442061
20240423 441986
20240424 441684
20240425 441570
20240426 441564
20240427 441205
20240428 440876
20240429 440546
20240430 440546
20240501 440187
20240503 439875
20240504 439614
20240505 439370
20240506 439233
20240507 439233
20240508 439181
20240509 438965
20240510 438846
20240511 438760
20240512 438653
20240513 438569
20240514 438475
20240515 438417
20240516 438300
20240517 438208
20240518 437066
20240519 436966
20240520 436933
20240521 436782
20240522 436652
20240523 436571
20240524 436521
20240525 436395
20240526 436230
20240527 436027
20240528 435864
20240529 435775
20240530 435558
20240531 435523
20240601 435572
20240602 435354
20240603 435340
20240604 435225
20240605 435021
20240606 434900
20240609 434391
20240611 434223
20240612 433753
20240613 433562
20240614 433420
