20230707 506917
20230718 506917
20230720 506140
20240620 506140
20240626 506140
20240628 506140
20240630 506140
20240702 506140
20240704 506140
20240710 506140
20240711 506140
20240712 506140
20240713 506140
20240715 506140
20240717 506140
20240719 506140
20240723 506140
20240724 506140
20240725 506140
20240726 506140
20240730 506140
20240801 506140
20240804 506140
20240807 506140
20240809 506140
20240811 506140
20240813 506140
20240818 506140
20240819 506140
20240824 506140
20240825 506140
20240827 506140
