20230707 28100
20230710 28090
20230711 28086
20230712 28095
20230713 28111
20230714 28132
20230715 28128
20230716 28118
20230717 28113
20230718 28117
20230719 28127
20230720 28132
20230721 28161
20230722 28170
20230723 28145
20230724 28142
20230725 28141
20230726 28168
20230727 28173
20230728 28192
20230729 28203
20230730 28193
20230731 28176
20230801 28173
20230802 28181
20230803 28199
20230804 28231
20230805 28238
20230806 28238
20230807 28226
20230808 28237
20230809 28248
20230810 28266
20230811 28281
20230812 28287
20230813 28286
20230815 28298
20230816 28293
20230817 28313
20230818 28330
20230819 28344
20230820 28341
20230821 28329
20230822 28352
20230823 28365
20230824 28391
20230825 28421
20230826 28438
20230827 28438
20230828 28426
20230829 28424
20230830 28380
20230831 28377
20230901 28412
20230902 28413
20230903 28391
20230904 28371
