20230707 612754
20230710 612290
20230711 612332
20230712 612389
20230713 612397
20230714 612411
20230715 612316
20230716 612147
20230717 612009
20230718 612075
20230719 612084
20230720 612105
20230721 612012
20230722 611914
20230723 611854
20230724 611672
20230725 611675
20230726 611713
20230727 611656
20230728 611639
20230729 611622
20230730 611470
20230731 611373
20230801 611393
20230802 611440
20230803 611448
20230804 611436
20230805 611404
20230806 611216
20230807 611057
20230808 611058
20230809 611141
20230810 611228
20230811 611227
20230812 611193
20230813 611081
20230815 610983
20230816 611043
20230817 611092
20230818 611117
20230819 611076
20230820 611008
