20230922 9507
20230924 9507
20230925 9498
20230926 9490
20230927 9488
20230928 9490
20230929 9494
20230930 9479
20231001 9488
20231002 9478
20231003 9477
20231005 9478
20231007 9488
20231008 9485
20231009 9478
20231010 9465
20231011 9463
20231012 9463
20231013 9470
20231014 9468
20231015 9476
20231016 9472
20231017 9472
20231018 9470
20231019 9470
20231020 9485
20231021 9497
20231022 9517
20231023 9491
20231024 9483
20231025 9484
20231026 9489
20231027 9493
20231028 9496
20231029 9512
20231030 9504
20231031 9502
20231101 9500
20231102 9511
20231103 9507
20231104 9519
20231105 9522
20231106 9537
20231107 9512
20231108 9512
20231109 9523
20231110 9525
20231111 9523
20231112 9524
20231113 9527
20231114 9533
20231115 9528
20231116 9547
20231117 9561
20231118 9561
20231120 9557
20231121 9566
20231122 9558
20231123 9562
20231124 9563
20231125 9559
20231126 9557
20231127 9552
20231128 9543
20231129 9536
20231130 9537
20231201 9531
20231202 9540
20231203 9540
20231204 9548
20231205 9545
20231206 9546
20231207 9547
20231208 9548
20231209 9537
20231210 9543
20231211 9536
20231212 9534
20231213 9525
20231214 9525
20231215 9531
