20140630 10536038
20140731 10523464
20140831 10510549
20140930 10510330
20141031 10530860
20141231 10519020
20150131 10532829
20150228 10549435
20150331 10586358
20150430 10588100
20150531 10571442
20150630 10574668
20150731 10597846
20150831 10596373
20150930 10596348
20151031 10618593
20151130 10641572
20151231 10637764
20160131 10660818
20160228 10678105
20160331 10711103
20160430 10727358
20160531 10700029                                                               
20160630 10679523                       
20160731 10659719                                                               
20160831 10643733   
20160930 10625307
20161031 10621186
20161130 10628761
20161231 10592882
20170131 10593706
20170228 10607659
20170331 10648891
20170430 10656411
20170531 10676639
20170630 10708743
20170731 10695531
20170831 10705206
20170930 10850945
20171031 12100038
20171130 12095794
20171231 12043902
20180131 12023267
20180228 12027245
20180331 12046301
20180430 12044609
20180531 12030004
20180630 12029600
20180731 12010962
20180831 11966762
20180930 11910852
20181031 11926855
20181130 11963314
20181231 11999151
20190131 12004018
20190228 12021234
20190331 12197103
20190430 12190640
20190531 12168405
20190630 13310066
20190731 13348378
20190831 13315397
20190930 13270812
20191031 13242100
20191130 13203938
20191231 13046598
20200131 11948787
20200228 11918249
20200331 11878881
20200430 11869217
20200531 11879476
20200630 11834276
20200731 11849421
20200831 11851964
20200930 10842903
20201031 10827186
20201130 10854048
20201231 10851380
20210131 10854670
20210228 10922477
20210331 11006688
20210430 11028373
20210531 11036032
20210630 11039631
20210731 11039336
20210831 11004651
20210930 11011688
20211031 11048932
20211130 11107255
20211231 11084391
20220131 11077595
20220228 11102581
20220331 11147517
20220430 11153896
20220531 11142560
20220630 11137969
20220731 11142059
20220831 11140225
20220930 11131787
20221031 11132563
20221130 11146772
20221231 11093527
20230808 10936869
20230831 10936869
20230901 10909095
20231005 10909095
20231007 10871240
20231102 10871240
20231103 10821000
20231204 10821000
20231230 10787421
20231231 10787421
20240101 10732479
20240207 10688932
20240311 10688932
20240312 10660245
20240402 10660245
20240403 10652681
20240529 10652681
20240530 10624366
20240603 10624366
20240604 10555086
20240704 10555086
20240705 10541434
20240802 10541434
20240803 10459541
20240921 10459541
20241003 10372996
20241003 10372996
20241006 10372996
20241107 10341011
20241210 10260979
20250131 10232428
20250228 10232976
20250331 10238728
20250430 10231761
20250531 10210531
20250630 10194749
20250731 10192969
20250831 10185672
20250930 10184330
20251031 10209603
20251130 10244778
20251231 10238568
