20230707 4
20230709 4
20230710 4
20230711 4
20230712 4
20230714 4
20230715 4
20230730 4
20230731 4
20230801 4
20230802 4
20230803 4
20230804 4
20230805 4
20230806 4
20230807 4
20230808 4
20230809 4
20230810 4
20230811 4
20230812 4
20230813 4
20230815 4
20230816 4
20230817 4
20230818 4
20230819 4
20230820 4
20230821 4
20230822 4
20230823 4
20230824 4
20230825 4
20230826 4
20230827 4
20230828 4
20230829 4
20230830 4
20230831 4
20230901 4
20230902 4
20230903 4
20230904 4
20230905 4
20230906 4
20230907 4
20230908 4
20230909 4
20230910 4
20230911 4
20230912 4
20230913 4
20230914 4
20230915 4
20230916 4
20230917 4
20230918 4
20230919 4
20230920 3
20230921 3
20230922 3
20230923 3
20230924 3
20230925 3
20230926 3
20230927 3
20230928 3
20230929 3
20230930 3
20231001 3
20231002 3
20231003 3
20231005 3
