20230707 9419
20230709 9420
20230710 9423
20230711 9428
20230712 9422
20230713 9418
20230714 9422
20230715 9428
20230730 9419
20230731 9413
20230801 9419
20230802 9424
20230803 9428
20230804 9428
20230805 9427
20230806 9425
20230807 9421
20230808 9429
20230809 9431
20230810 9432
20230811 9430
20230812 9433
20230813 9426
20230815 9417
20230816 9420
20230817 9420
20230818 9429
20230819 9431
20230820 9435
20230821 9437
20230822 9437
20230823 9440
20230824 9440
20230825 9438
20230826 9439
20230827 9435
20230828 9440
20230829 9448
20230830 9447
20230831 9459
20230901 9462
20230902 9457
20230903 9451
20230904 9449
20230905 9446
20230906 9447
20230907 9448
20230908 9453
20230909 9452
20230910 9450
20230911 9442
20230912 9437
20230913 9436
20230914 9439
20230915 9439
20230916 9443
20230917 9445
20230918 9441
20230919 9441
20230920 8660
20230921 8657
20230922 8660
20230923 8659
20230924 8651
20230925 8647
20230926 8647
20230927 8648
20230928 8645
20230929 8643
20230930 8639
20231001 8635
20231002 8638
20231003 8639
20231005 8638
20231007 8639
20231008 8638
20231009 8637
20231010 8634
20231011 8630
20231012 8626
20231013 8627
