20230707 18783
20230709 18852
20230710 18897
20230711 18931
20230712 18985
20230713 19000
20230714 19038
20230715 19024
20230730 18913
20230731 18904
20230801 18915
20230802 18926
20230803 18935
20230804 18813
20230805 18774
20230806 18799
20230807 18778
20230808 18781
20230809 18791
20230810 18808
20230811 18826
20230812 18790
20230813 18795
20230815 18828
20230816 18818
20230817 18823
20230818 18849
20230819 18865
20230820 18865
20230821 18925
20230820 18865
20230822 18929
20230820 18865
20230823 18950
20230820 18865
20230824 18957
20230820 18865
20230825 18965
20230820 18865
20230826 18981
20230820 18865
20230827 19003
20230820 18865
20230828 18958
20230820 18865
20230829 18926
20230820 18865
20230830 18919
20230820 18865
20230831 18936
20230820 18865
20230901 18949
20230820 18865
20230902 18945
20230820 18865
20230903 18955
20230820 18865
20230904 18960
20230820 18865
20230905 18972
20230820 18865
20230906 18983
20230820 18865
20230907 19011
20230820 18865
20230908 18978
20230820 18865
20230909 18991
20230820 18865
20230910 18979
20230820 18865
20230911 18986
20230820 18865
20230912 19004
20230820 18865
20230913 19003
20230820 18865
20230914 19021
20230820 18865
20230915 19041
20230820 18865
20230916 19062
20230820 18865
20230917 19011
20230820 18865
20230918 19021
20230820 18865
20230919 19032
20230820 18865
20230920 17020
20230820 18865
20230921 17035
20230820 18865
20230922 17065
20230820 18865
20230923 17082
20230820 18865
20230924 17088
20230820 18865
20230925 17099
20230820 18865
20230926 17140
20230820 18865
20230927 17103
20230820 18865
20230928 17104
20230820 18865
20230929 17110
20230930 17110
20231001 17116
20230930 17110
20231002 17127
20230930 17110
20231003 17149
20230930 17110
20231005 17179
20230930 17110
20231007 17329
20230930 17110
20231008 17331
20230930 17110
20231009 17336
20230930 17110
20231010 17354
20230930 17110
20231011 17356
20230930 17110
20231012 17322
20230930 17110
20231013 17341
20230930 17110
20231014 17357
20230930 17110
20231015 17345
20230930 17110
20231016 17338
20230930 17110
20231017 17356
20231018 17356
20231019 17366
20231018 17356
20231020 17407
20231018 17356
20231021 17455
20231018 17356
20231022 17452
20231018 17356
20231023 17457
20231018 17356
20231024 17466
20231018 17356
20231025 17470
20231018 17356
20231026 17460
20231018 17356
20231027 17472
20231018 17356
20231028 17488
20231018 17356
20231029 17484
20231018 17356
20231030 17486
20231018 17356
20231031 17503
20231018 17356
20231101 17517
20231018 17356
20231102 17535
20231018 17356
20231103 17543
20231018 17356
20231104 17549
20231018 17356
20231105 17526
20231018 17356
20231106 17530
20231018 17356
20231107 17541
20231018 17356
20231108 17555
20231018 17356
20231109 17541
20231018 17356
20231110 17519
20231018 17356
20231111 17610
20231018 17356
20231112 17608
20231018 17356
20231113 17759
20231018 17356
20231114 17770
20231018 17356
20231115 17792
20231018 17356
20231116 17799
20231018 17356
20231117 17808
20231018 17356
20231118 17793
20231018 17356
20231120 17765
20231018 17356
20231121 17754
20231018 17356
20231122 17757
20231018 17356
20231123 17706
20231018 17356
20231124 17709
20231018 17356
20231125 17697
20231018 17356
20231126 17698
20231018 17356
20231127 17704
20231018 17356
20231128 17723
20231018 17356
20231129 17742
20231018 17356
20231130 17745
20231018 17356
20231201 17784
20231018 17356
20231202 17800
20231018 17356
20231203 17814
20231018 17356
20231204 17805
20231018 17356
20231205 17793
20231018 17356
20231206 17785
20231018 17356
20231207 17762
20231018 17356
20231208 17758
20231018 17356
20231209 17747
20231018 17356
20231210 17718
20231018 17356
20231211 17676
20231018 17356
20231212 17663
20231018 17356
20231213 17646
20231018 17356
20231214 17644
20231018 17356
20231215 17655
20231018 17356
20231216 17660
20231018 17356
20231217 17665
20231018 17356
20231218 17679
20231018 17356
20231219 17698
20231018 17356
20231220 17697
20231018 17356
20231221 17701
20231018 17356
20231222 17804
20231018 17356
20231223 17816
20231018 17356
20231224 17832
20231018 17356
20231225 17840
20231018 17356
20231226 17868
20231018 17356
20231227 17871
20231018 17356
20231230 17937
20231018 17356
20231231 17932
20231018 17356
20240101 17916
20231018 17356
20240102 17926
20231018 17356
20240103 17924
20231018 17356
20240104 17948
20231018 17356
20240105 17947
20231018 17356
20240106 17942
20231018 17356
20240107 17958
20231018 17356
20240108 17966
20231018 17356
20240109 17976
20231018 17356
20240110 17981
20231018 17356
20240111 17988
20231018 17356
20240112 17492
20231018 17356
20240113 17499
20231018 17356
20240114 17512
20231018 17356
20240115 17510
20231018 17356
20240116 17521
20231018 17356
20240117 17458
20231018 17356
20240118 17462
20231018 17356
20240119 17463
20231018 17356
20240120 17482
20231018 17356
20240121 17492
20231018 17356
20240122 17512
20231018 17356
20240124 17541
20231018 17356
20240125 17548
20231018 17356
20240126 17573
20231018 17356
20240127 17591
20231018 17356
20240128 17588
20231018 17356
20240129 17597
20231018 17356
20240130 17605
20231018 17356
20240131 17621
20231018 17356
20240201 17649
20231018 17356
20240202 17655
20231018 17356
20240203 17656
20231018 17356
20240204 17650
20240205 17650
20240206 17660
20240205 17650
20240207 17674
20240205 17650
20240208 17684
20240205 17650
20240209 17673
20240205 17650
20240210 17683
20240205 17650
20240211 17692
20240205 17650
20240212 17684
20240205 17650
20240213 17689
20240205 17650
20240214 17691
20240205 17650
20240215 17704
20240205 17650
20240216 17722
20240205 17650
20240217 17714
20240205 17650
20240218 17700
20240205 17650
20240219 17708
20240205 17650
20240220 17767
20240205 17650
20240221 17754
20240205 17650
20240222 17752
20240205 17650
20240223 17760
20240205 17650
20240224 17776
20240205 17650
20240225 17768
20240205 17650
20240226 17759
20240205 17650
20240227 17774
20240205 17650
20240228 17696
20240205 17650
20240229 17680
20240205 17650
20240301 17683
20240205 17650
20240302 17701
20240205 17650
20240303 17703
20240205 17650
20240304 17699
20240205 17650
20240305 17696
20240205 17650
20240306 17699
20240205 17650
20240307 17729
20240205 17650
20240308 17747
20240205 17650
20240309 17746
20240205 17650
20240310 17711
20240205 17650
20240311 17716
20240205 17650
20240312 17707
20240205 17650
20240313 17737
20240205 17650
20240314 17731
20240205 17650
20240315 17726
20240205 17650
20240316 17715
20240205 17650
20240317 17713
20240205 17650
20240318 17705
20240205 17650
20240319 17706
20240205 17650
20240320 17687
20240205 17650
20240321 17695
20240205 17650
20240322 17684
20240205 17650
20240323 17692
20240205 17650
20240324 17694
20240205 17650
20240325 17706
20240205 17650
20240326 17722
20240205 17650
20240327 17761
20240205 17650
20240328 17758
20240205 17650
20240329 17738
20240205 17650
20240330 17745
20240205 17650
20240331 17748
20240205 17650
20240401 17747
20240205 17650
20240402 17744
20240205 17650
20240403 17771
20240205 17650
20240404 17766
20240205 17650
20240405 17758
20240205 17650
20240406 17762
20240407 17762
20240408 17760
20240407 17762
20240409 17767
20240407 17762
20240410 17743
20240407 17762
20240411 17761
20240407 17762
20240412 17798
20240407 17762
20240413 17813
20240407 17762
20240415 17789
20240407 17762
20240416 17794
20240407 17762
20240417 17811
20240407 17762
20240418 17829
20240407 17762
20240419 17815
20240407 17762
20240420 17813
20240407 17762
20240421 17808
20240407 17762
20240422 17798
20240407 17762
20240423 17780
20240407 17762
20240424 17757
20240407 17762
20240425 17693
20240407 17762
20240426 17551
20240407 17762
20240427 17555
20240407 17762
20240428 17547
20240407 17762
20240429 17535
20240407 17762
20240430 17548
20240407 17762
20240501 17579
20240407 17762
20240503 17570
20240407 17762
20240504 17576
20240407 17762
20240505 17571
20240407 17762
20240506 17555
20240407 17762
20240507 17548
20240407 17762
20240508 17537
20240407 17762
20240509 17522
20240407 17762
20240510 17513
20240407 17762
20240511 17508
20240407 17762
20240512 17497
20240407 17762
20240513 17488
20240407 17762
20240514 17481
20240407 17762
20240515 17467
20240407 17762
20240516 17478
20240407 17762
20240517 17494
20240407 17762
20240518 17469
20240407 17762
20240519 17458
20240407 17762
20240520 17453
20240407 17762
20240521 17468
20240407 17762
20240522 17461
20240407 17762
20240523 17465
20240407 17762
20240524 17463
20240407 17762
20240525 17466
20240407 17762
20240526 17446
20240407 17762
20240527 17418
20240407 17762
20240528 17420
20240407 17762
20240529 17416
20240407 17762
20240530 17016
20240407 17762
20240531 17010
20240407 17762
20240601 16993
20240407 17762
20240602 16982
20240407 17762
20240603 16976
20240407 17762
20240604 16989
20240605 16989
20240606 16978
20240605 16989
20240609 17051
20240605 16989
20240611 17119
20240605 16989
20240612 17196
20240605 16989
20240613 17189
20240605 16989
20240614 17213
20240605 16989
20240615 17285
20240605 16989
20240616 17397
20240605 16989
20240617 17582
20240605 16989
20240618 17642
20240605 16989
20240620 17528
20240605 16989
20240621 17476
20240605 16989
20240622 17483
20240605 16989
20240623 17480
20240605 16989
20240624 17501
20240605 16989
20240626 17440
20240605 16989
20240627 17217
20240605 16989
20240628 17229
20240605 16989
20240629 17236
20240605 16989
20240630 17233
20240605 16989
20240701 17357
20240605 16989
20240702 17440
20240605 16989
20240703 17466
20240605 16989
20240704 17481
20240605 16989
20240705 17492
20240605 16989
20240706 17450
20240605 16989
20240707 17411
20240605 16989
20240708 17380
20240605 16989
20240709 17386
20240605 16989
20240710 17407
20240605 16989
20240711 17408
20240605 16989
20240712 17420
20240605 16989
20240713 17438
20240605 16989
20240714 17427
20240605 16989
20240715 17419
20240605 16989
20240716 17404
20240605 16989
20240717 17419
20240605 16989
20240718 17409
20240605 16989
20240719 17395
20240605 16989
20240720 17383
20240605 16989
20240721 17257
20240605 16989
20240722 17213
20240605 16989
20240723 17234
20240724 17234
20240725 17078
20240724 17234
20240726 17084
20240724 17234
20240727 17119
20240724 17234
20240728 17104
20240724 17234
20240729 17113
20240724 17234
20240730 17106
20240724 17234
20240731 17108
20240724 17234
20240801 17132
20240724 17234
20240802 17108
20240724 17234
20240803 17115
20240724 17234
20240804 17085
20240724 17234
20240805 17064
20240724 17234
20240806 16950
20240724 17234
20240807 16945
20240724 17234
20240808 16930
20240724 17234
20240809 16901
20240724 17234
20240810 16876
20240724 17234
20240811 16826
20240724 17234
20240812 16799
20240724 17234
20240813 16820
20240724 17234
20240814 16817
20240724 17234
20240815 16809
20240724 17234
20240816 16765
20240724 17234
20240817 16722
20240724 17234
20240818 16700
20240724 17234
20240819 16689
20240724 17234
20240820 16627
20240724 17234
20240821 16599
20240822 16599
20240823 16602
20240822 16599
20240824 16621
20240822 16599
20240825 16631
20240822 16599
20240826 16609
20240822 16599
20240827 16602
20240822 16599
20240828 16611
20240822 16599
20240829 16624
20240822 16599
20240830 16639
20240822 16599
20240831 16628
20240822 16599
20240901 16644
20240822 16599
20240902 16667
20240822 16599
20240903 16683
20240822 16599
20240904 16715
20240822 16599
20240905 16734
20240822 16599
20240906 16745
20240822 16599
20240907 16758
20240822 16599
20240908 16736
20240822 16599
20240909 16713
20240822 16599
20240910 16714
20240822 16599
20240911 16739
20240822 16599
20240912 16616
20240822 16599
20240913 16615
20240822 16599
20240914 16604
20240822 16599
20240915 16615
20240822 16599
20240916 16613
20240822 16599
20240917 16618
20240822 16599
20240918 16617
20240822 16599
20240919 16627
20240822 16599
20240920 16643
20240822 16599
20240921 16673
20240822 16599
20240921 16675
20240922 16675
20240925 16741
20240922 16675
20240926 16814
20240926 16814
