20230707 52
20230714 52
20230715 54
20230919 54
20230920 52
20231211 52
20231212 54
20240624 54
20240626 54
20240627 54
20240628 54
20240629 54
20240630 54
20240701 54
20240702 54
20240703 54
20240704 54
20240705 54
20240706 54
20240707 54
20240708 54
20240709 54
20240710 54
20240711 54
20240712 54
20240713 54
20240714 54
20240715 54
20240716 54
20240717 54
20240718 54
20240719 54
20240720 54
20240721 54
20240722 54
20240723 54
20240724 54
20240725 54
20240726 54
20240727 54
20240728 54
20240729 54
20240730 54
20240731 54
20240801 54
20240802 54
20240803 54
20240804 54
20240805 54
20240806 54
20240807 54
20240808 54
20240809 54
20240810 54
20240811 54
20240812 54
20240813 54
20240814 54
20240815 54
20240816 54
20240817 54
20240818 54
20240819 54
20240820 54
20240821 54
20240822 54
20240823 54
20240824 54
20240825 54
20240826 54
20240827 54
20240828 54
20240829 54
20240830 54
20240831 54
20240901 54
20240902 54
20240903 54
20240904 54
20240905 54
20240906 54
20240907 54
20240908 54
20240909 54
20240910 54
20240911 54
20240912 54
20240913 54
