20230707 1891107
20230710 1891107
20230711 1982034
20230712 1990731
20230713 1992550
20230714 1992675
20230715 1993285
20230730 1997826
20230809 1997826
20230810 2008231
20230813 2008231
20230815 1999120
20230901 1999120
20230902 1964712
20230904 1964712
20230905 1963850
20240209 1963850
20260106 1988521
20260107 1986531
20260108 1985968
20260109 1985698
20260110 1985328
20260111 1983970
20260112 1983151
20260113 1982390
20260114 1979049
20260115 1978909
20260116 1980071
20260117 1968820
20260118 1968295
20260119 1966633
20260120 1965392
20260121 1963803
20260122 1962124
20260123 1962130
20260124 1962222
20260125 1957581
20260126 1954158
20260127 1952657
20260128 1950765
20260130 1947238
20260131 1944615
20260201 1944615
20260202 1940363
20260203 1938813
20260204 1937037
20260205 1934126
20260206 1930269
20260208 1921371
20260209 1917616
20260210 1913847
20260211 1910879
20260212 1909251
20260213 1909152
20260214 1909424
20260215 1909298
20260216 1909208
20260217 1909342
20260218 1908762
20260219 1906507
20260220 1904295
20260221 1902174
20260222 1900458
20260223 1897782
20260224 1897867
20260225 1895520
20260226 1889812
20260227 1883722
20260228 1881391
20260301 1881391
20260303 1873213
