20020930 6270
20021031 6385
20021130 6401
20021231 6429
20030131 6406
20030228 6433
20030331 6480
20030430 6588
20030531 6599
20030630 6695
20030731 6824
20030831 6952
20030930 7040
20031031 7137
20031130 7233
20031231 7372
20040131 7431
20040228 7525
20040331 7634
20040430 7771
20040531 7892
20040630 7979
20040731 8084
20040831 8228
20040930 8324
20041031 8548
20041130 8646
20041231 8729
20050131 8797
20050228 8891
20050331 8948
20050430 9109
20050531 9271
20050630 9382
20050731 9547
20050831 9714
20050930 9847
20051031 10001
20051130 10124
20051231 10252
20060131 10370
20060228 10541
20060331 10694
20060430 10772
20060531 10912
20060630 11046
20060731 11178
20060831 11338
20060930 11502
20061031 11502
20061130 11502
20061231 11502
20070131 11502
20070228 11951
20070331 12233
20070430 12277
20070531 12490
20070630 12573
20070731 12941
20070831 13101
20070930 13424
20071031 13704
20071130 13936
20071231 14087
20080131 14260
20080228 14425
20080331 14595
20080430 14869
20080531 15062
20080630 15396
20080731 15761
20080831 16146
20080930 16930
20081031 17311
20081130 17790
20081231 18115
20090131 18394
20090228 18632
20090331 19132
20090430 19507
20090531 20002
20090630 20453
20090731 20949
20090831 21396
20090930 21970
20091031 22454
20091130 22859
20091231 23233
20100131 23533
20100228 23922
20100331 24433
20100430 24905
20100531 25353
20100630 25712
20100731 26159
20100831 26755
20100930 27236
20101031 27914
20110131 29218
20110228 29722
20110331 30337
20110430 30875
20110531 31448
20110630 31998
20110731 32430
20110831 33017
20110930 33499
20111031 34063
20111130 34507
20111231 34850
20120131 35195
20120228 35619
20120331 36080
20120430 36511
20120531 36908
20120630 71293
20120731 73524
20120831 73549
20120930 74155
20121031 74255
20121130 74411
20121231 74312
20130131 74470
20130228 74542
20130331 74538
20130430 74605
20130531 74095
20130630 72560
20130731 68954
20130831 67503
20130930 67548
20131031 67979
20131130 68381
20131231 68603
20140131 68552
20140228 68946
20140331 69391
20140430 69703
20140531 70066
20140630 70144
20140731 70017
20140831 70008
20140930 70239
20141031 70495
20141130 70806
20141231 70961
20150131 71120
20150228 71390
20150331 71807
20150430 72192
20150531 72483
20150630 72835
20150731 72845
20150831 72984
20150930 73250
20151031 73633
20151130 74004
20151231 74329
20160131 74517
20160228 74823
20160331 75198
20160430 75602
20160531 75920
20160630 76226
20160731 76269
20160831 76523
20160930 77386
20161031 78055
20161130 78729
20161231 79195
20170131 79498
20170228 79935
20170331 80553
20170430 80778
20170531 81366
20170630 81836
20170731 82108
20170831 82564
20170930 82961
20171031 83118
20171130 82901
20171231 80772
20180131 81073
20180228 81323
20180331 81636
20180430 82072
20180531 82220
20180630 82408
20180731 82282
20180831 82626
20180930 82839
20181031 83238
20181130 83472
20181231 83723
20190131 83918
20190228 84261
20190331 84569
20190430 84878
20190531 85087
20190630 85384
20190731 85558
20190831 85418
20190930 85618
20191031 85895
20191130 86139
20191231 86277
20200131 86468
20200228 86720
20200331 87024
20200430 87582
20200531 88282
20200630 88961
20200731 89421
20200831 89984
20200831 89984
20200930 90641
20201031 91319
20201130 91725
20201231 91992
20210131 92266
20210228 92678
20210331 93248
20210430 93809
20210531 94314
20210630 94765
20210731 94710
20210831 95119
20210930 95619
20211031 95946
20211130 96177
20211231 96415
20220131 96603
20220228 96918
20220331 97184
20220430 97462
20220531 97727
20220630 97979
20220731 98013
20220831 98324
20220930 98600
20221031 98884
20221130 99193
20221231 99316
20230131 99599
20230228 99902
20230331 100269
20230430 100525
20230531 100786
20230630 101045
20230802 101045
20230803 101149
20230906 101149
20230907 101364
20231002 101364
20231003 101535
20231103 101535
20231104 101893
20231201 101893
20231202 102266
20240115 102266
20240116 102573
20240207 102573
20240208 102889
20240306 102889
20240307 103194
20240405 103194
20240406 103479
20240503 103479
20240504 103723
20240603 103723
20240604 103929
20240710 103929
20240711 104157
20240802 104157
20240803 104296
20240902 104296
20240903 104640
20240921 104640
20241003 104950
20241006 104950
20241111 105267
20241113 105267
20241114 105267
20241115 105267
20241116 105267
20241117 105267
20260104 107309
20260105 107309
20260107 107309
20260108 107309
20260108 107309
20260109 107309
20260110 107309
