20230707 119136
20230710 119238
20230711 119360
20230712 119385
20230713 119553
20230714 119543
20230715 119539
20230716 119539
20230717 119573
20230718 119669
20230719 119743
20230720 119769
20230721 119722
20230722 119717
20230723 119786
20230724 119771
20230725 119826
20230726 119886
20230727 119942
20230728 119922
20230729 119989
20230730 120064
20230731 120082
20230801 120090
20230802 120186
20230803 120213
20230804 120170
20230805 120217
20230806 120215
20230807 120282
20230808 120200
20230809 120467
20230810 120516
20230811 120396
20230812 120443
20230813 120438
20230815 120619
20230816 120630
20230817 120667
20230818 120628
20230819 120656
20230820 120677
20230821 120843
20230822 120917
20230823 121019
20230824 121060
20230825 120988
20230826 121035
20230827 121035
20230828 121108
20230829 121175
20230830 121250
20230831 121301
20230901 121198
20230902 121302
20230903 121292
20230904 121294
20230905 121384
20230906 121397
20230907 121445
20230908 121457
20230909 121501
20230910 121582
20230911 121549
20230912 121631
20230913 121726
20230914 121753
20230915 121743
20230916 121815
20230917 121815
20230918 121893
20230919 121916
20230920 122006
20230921 122082
20230922 122014
20230923 122097
20230924 122146
20230925 122188
20230926 122322
20230927 122346
20230928 122369
20230929 122350
20230930 122388
20231001 122505
20231002 122394
20231003 122429
20231005 122507
20231007 122443
20231008 122437
20231009 122541
20231010 122520
20231011 122642
20231012 122688
20231013 122688
20231014 122762
20231015 122746
20231016 122856
20231017 122863
20231018 122976
20231019 122990
20231020 122972
20231021 123077
20231022 123084
20231023 123082
20231024 123122
20231025 123146
20231026 123223
20231027 123211
20231028 123322
20231029 123320
20231030 123400
20231031 123475
20231101 123598
20231102 123614
20231103 123562
20231104 123619
20231105 123611
20231105 123611
20231106 123688
20231107 123772
20231108 123850
20231109 123906
20231110 123906
20231111 123976
20231112 123974
20231113 124049
20231114 124067
20231115 124151
20231116 124199
20231117 124115
20231118 124220
20231120 124263
20231121 124333
20231122 124443
20231123 124450
20231124 124382
20231125 124422
20231126 124427
20231127 124449
20231128 124513
20231129 124257
20231130 124601
20231201 124633
20231202 124685
20231203 124710
20231204 124704
20231205 124806
20231206 124894
20231207 124925
