20230922 441
20230924 441
20230925 441
20230926 441
20230927 441
20230928 441
20230929 441
20230930 441
20231001 441
20231002 441
20231003 441
20231005 441
20231007 441
20231008 441
20231009 441
20231010 441
20231011 441
20231012 442
20231013 442
20231014 443
20231015 443
20231016 442
20231017 442
20231018 443
20231019 443
20231020 444
20231021 445
20231022 446
20231023 447
20231024 447
20231025 447
20231026 447
20231027 447
20231028 447
20231029 447
20231030 451
20231031 451
20231101 451
20231102 451
20231103 451
20231104 451
20231105 451
20231106 451
20231107 451
20231108 451
20231109 451
20231110 451
20231111 453
20231112 453
20231113 456
20231114 456
20231115 456
20231116 455
20231117 456
20231118 456
20231120 456
20231121 456
20231122 456
20231123 455
20231124 456
20231125 455
20231126 455
20231127 457
20231128 457
20231129 456
20231130 457
20231201 457
20231202 457
20231203 456
20231204 457
20231205 457
20231206 456
20231207 457
20231208 456
20231209 457
20231210 455
20231211 453
20231212 456
20231213 455
20231214 455
20231215 454
20231216 455
20231217 455
20231218 455
20231219 456
20231220 456
20231221 456
20231222 456
20231223 457
20231224 457
20231225 457
20231226 457
20231227 456
20231230 457
20231231 457
20240101 457
20240102 457
20240103 456
20240104 456
20240105 457
20240106 457
20240107 457
20240108 458
20240109 458
20240110 457
20240111 458
20240112 457
20240113 458
20240114 458
20240115 458
20240116 458
20240117 458
20240118 458
20240119 276
20240120 458
20240121 458
20240122 458
20240124 458
20240125 457
20240126 458
20240127 457
20240128 458
20240129 458
20240130 458
20240131 458
20240201 458
20240202 457
20240203 457
20240204 458
20240205 458
20240206 458
20240207 458
