20230707 3922
20230709 3917
20230710 3913
20230711 3911
20230712 3917
20230714 3916
20230715 3917
20230730 3916
20230731 3917
20230801 3916
20230802 3916
20230803 3912
20230804 3912
20230805 3915
20230806 3915
20230807 3913
20230808 3912
20230809 3910
20230810 3910
20230811 3906
20230812 3907
20230813 3907
20230815 3913
20230816 3918
20230817 3914
20230818 3914
20230819 3914
20230820 3915
20230821 3912
20230822 3911
20230823 3903
20230824 3901
20230825 3903
20230826 3904
20230827 3904
20230828 3904
20230829 3902
20230830 3900
20230831 3900
20230901 3895
20230902 3895
20230903 3893
20230904 3896
