20230707 2
20230919 2
20230920 1
20240206 1
20240207 2
20240208 5
20240227 5
20240228 8
20240229 35
20240301 36
20240306 36
20240307 38
20240311 38
20240312 39
20240321 39
20240322 40
20240327 40
20240328 43
20240413 43
20240415 44
20240427 44
20240428 43
20240523 43
20240524 44
20240527 44
20240528 45
20240624 45
20240626 45
20240627 45
20240628 45
20240629 45
20240630 45
20240701 45
20240702 45
20240703 45
20240704 45
20240705 45
20240706 45
20240707 45
20240708 45
20240709 45
20240710 45
20240711 45
20240712 45
20240713 45
20240714 45
20240715 45
20240716 45
20240717 45
20240718 45
20240719 45
20240720 45
20240721 45
20240722 45
20240723 45
20240724 45
20240725 45
20240726 45
20240727 46
20240728 46
20240729 46
20240730 46
20240731 46
20240801 46
20240802 46
20240803 46
20240804 46
20240805 46
20240806 46
20240807 46
20240808 46
20240809 46
20240810 46
20240811 46
20240812 46
20240813 46
20240814 46
