20230707 15
20230709 15
20230710 15
20230711 15
20230712 15
20230714 15
20230715 15
20230730 15
20230731 15
20230801 15
20230802 15
20230803 15
20230804 15
20230805 15
20230806 15
20230807 15
20230808 15
20230809 15
20230810 15
20230811 15
20230812 15
20230813 15
20230815 15
20230816 15
20230817 15
20230818 15
20230819 15
20230820 15
20230821 15
20230822 15
20230823 15
20230824 15
20230825 15
20230826 15
20230827 15
20230828 15
20230829 15
20230830 15
20230831 15
20230901 14
20230902 14
20230903 14
20230904 14
20230905 14
20230906 14
20230907 14
20230908 14
20230909 14
20230910 14
20230911 14
20230912 14
20230913 14
20230914 14
20230915 14
20230916 14
20230917 14
20230918 14
20230919 14
20230920 13
20230921 13
20230922 13
20230923 13
20230924 13
20230925 13
20230926 13
20230927 13
20230928 13
20230929 13
20230930 13
20231001 13
20231002 13
20231003 13
20231005 13
20231007 13
20231008 13
20231009 13
20231010 13
20231011 13
20231012 13
20231013 13
20231014 13
20231015 13
20231016 13
20231017 13
20231018 13
20231019 13
20231020 13
20231021 13
20231022 13
