20230922 32431
20230924 32439
20230925 32437
20230926 32425
20230927 32420
20230928 32412
20230929 32403
20230930 32374
20231001 32313
20231002 32284
20231003 32286
20231005 32260
20231007 32280
20231008 32276
20231009 32292
20231010 32285
20231011 32288
20231012 32298
20231013 32317
20231014 32311
20231015 32309
20231016 32306
20231017 32306
20231018 32325
20231019 32325
20231020 32332
20231021 32339
20231022 32345
20231023 32354
20231024 32342
20231025 32348
20231026 32364
20231027 32354
20231028 32361
20231029 32370
20231030 32363
20231031 32370
20231101 32388
20231102 32392
20231103 32395
20231104 32399
20231105 32423
20231106 32421
20231107 32468
20231108 32468
20231109 32491
20231110 32499
20231111 32500
20231112 32514
20231113 32507
