20230708 31
20230709 31
20230710 31
20230711 30
20230712 30
20230714 30
20230715 30
20230730 30
20230731 30
20230801 30
20230802 30
20230803 30
20230804 30
20230805 30
20230806 30
20230807 30
20230808 30
20230809 30
20230810 30
20230811 30
20230812 30
20230813 30
20230814 30
20230815 30
20230816 30
20230817 30
20230818 30
20230819 30
20230820 30
20230821 30
20230822 30
20230823 30
20230824 30
20230825 30
20230826 30
20230827 30
20230828 30
20230829 30
20230830 30
20230831 30
20230901 30
20230902 30
20230903 30
