20230707 11644
20230709 11650
20230710 11654
20230711 11651
20230712 11653
20230713 11659
20230714 11659
20230715 11655
20230714 11659
20230730 11687
20230714 11659
20230731 11704
20230714 11659
20230801 11722
20230714 11659
20230802 11732
20230714 11659
20230803 11736
20230714 11659
20230804 11747
20230714 11659
20230805 11748
20230714 11659
20230806 11749
20230714 11659
20230807 11752
20230714 11659
20230808 11761
20230714 11659
20230809 11832
20230714 11659
20230810 11854
20230714 11659
20230811 11849
20230714 11659
20230812 11846
20230714 11659
20230813 11850
20230714 11659
20230815 11848
20230714 11659
20230816 11852
20230714 11659
20230817 11863
20230714 11659
20230818 11861
20230714 11659
20230819 11867
20230714 11659
20230820 11863
20230714 11659
20230821 11866
20230714 11659
20230822 11867
20230714 11659
20230823 11898
20230714 11659
20230824 11912
20230714 11659
20230825 11924
20230714 11659
20230826 11931
20230714 11659
20230827 11932
20230714 11659
20230828 11933
20230714 11659
20230829 11929
20230714 11659
20230830 11928
20230714 11659
20230831 11940
20230901 11940
20230902 11948
20230901 11940
20230903 11947
20230901 11940
20230904 11944
20230901 11940
20230905 11948
20230901 11940
20230906 11951
20230901 11940
20230907 11949
20230901 11940
20230908 11945
20230901 11940
20230909 11948
20230901 11940
20230910 11954
20230901 11940
20230911 11962
20230901 11940
20230912 11963
20230901 11940
20230913 11960
20230901 11940
20230914 11964
20230901 11940
20230915 11965
20230916 11965
20230917 11968
20230916 11965
20230918 11970
20230916 11965
20230919 11967
20230916 11965
20230920 11720
20230916 11965
20230921 11726
20230916 11965
20230922 11719
20230916 11965
20230923 11716
20230916 11965
20230924 11713
20230916 11965
20230925 11670
20230916 11965
20230926 11663
20230916 11965
20230927 11661
20230916 11965
20230928 11665
20230916 11965
20230929 11662
20230930 11662
20231001 11663
20230930 11662
20231002 11665
20230930 11662
20231003 11669
20230930 11662
20231005 11678
20230930 11662
20231007 11686
20230930 11662
20231008 11687
20231009 11687
20231010 11698
20231009 11687
20231011 11701
20231009 11687
20231012 11702
20231009 11687
20231013 11704
20231009 11687
20231014 11689
20231015 11687
20231009 11687
20231016 11694
20231009 11687
20231017 11692
20231009 11687
20231018 11693
20231009 11687
20231019 11688
20231009 11687
20231020 11689
20231009 11687
20231021 11692
20231009 11687
20231022 11693
20231009 11687
20231023 11688
20231009 11687
20231024 11684
20231009 11687
20231025 11689
20231009 11687
20231026 11696
20231009 11687
20231027 11701
20231009 11687
20231028 11679
20231009 11687
20231029 11659
20231009 11687
20231030 11644
20231009 11687
20231031 11636
20231009 11687
20231101 11632
20231009 11687
20231102 11627
20231009 11687
20231103 11625
20231009 11687
20231104 11621
20231009 11687
20231105 11629
20231009 11687
20231106 11627
20231107 11627
20231108 11630
20231107 11627
20231109 11631
20231107 11627
20231110 11638
20231107 11627
20231111 11639
20231107 11627
20231112 11642
20231107 11627
20231113 11629
20231114 11629
20231115 11633
20231114 11629
20231116 11637
20231114 11629
20231117 11623
20231114 11629
20231118 11622
20231114 11629
20231120 11621
20231114 11629
20231121 11626
20231114 11629
20231122 11620
20231114 11629
20231123 11608
20231114 11629
20231124 11597
20231114 11629
20231125 11595
20231114 11629
20231126 11598
20231114 11629
20231127 11599
20231114 11629
20231128 11604
20231114 11629
20231129 11600
20231114 11629
20231130 11604
20231114 11629
20231201 11601
20231114 11629
20231202 11602
20231203 11602
20231204 11598
20231203 11602
20231205 11609
20231203 11602
20231206 11619
20231207 11619
20231208 11611
20231207 11619
20231209 11615
20231207 11619
20231210 11616
20231207 11619
20231211 11623
20231207 11619
20231212 11624
20231207 11619
20231213 11632
20231207 11619
20231214 11626
20231207 11619
20231215 11631
20231207 11619
20231216 11634
20231207 11619
20231217 11631
20231207 11619
20231218 11627
20231207 11619
20231219 11626
20231207 11619
20231220 11623
20231207 11619
20231221 11636
20231207 11619
20231222 11647
20231207 11619
20231223 11642
20231207 11619
20231224 11639
20231207 11619
20231225 11644
20231207 11619
20231226 11661
20231207 11619
20231227 11654
20231207 11619
20231230 11664
20231207 11619
20231231 11663
20231207 11619
20240101 11661
20240102 11661
20240103 11663
20240102 11661
20240104 11667
20240102 11661
20240105 11670
20240102 11661
20240106 11684
20240102 11661
20240107 11687
20240102 11661
20240108 11684
20240102 11661
20240109 11687
20240102 11661
20240110 11689
20240102 11661
20240111 11722
20240102 11661
20240112 11723
20240102 11661
20240113 11724
20240102 11661
20240114 11723
20240102 11661
20240115 11724
20240102 11661
20240116 11727
20240102 11661
20240117 11735
20240102 11661
20240118 11746
20240102 11661
20240119 11759
20240102 11661
20240120 11770
20240102 11661
20240121 11769
20240102 11661
20240122 11768
20240102 11661
20240124 11779
20240102 11661
20240125 11784
20240102 11661
20240126 11788
20240102 11661
20240127 11793
20240102 11661
20240128 11786
20240102 11661
20240129 11785
20240130 11785
20240131 11790
20240130 11785
20240201 11798
20240130 11785
20240202 11805
20240130 11785
20240203 11808
20240130 11785
20240204 11805
20240130 11785
20240205 11809
20240130 11785
20240206 11820
20240130 11785
20240207 11824
20240130 11785
20240208 11831
20240130 11785
20240209 11833
20240130 11785
20240210 11835
20240130 11785
20240211 11824
20240130 11785
20240212 11827
20240130 11785
20240213 11830
20240130 11785
20240214 11840
20240130 11785
20240215 11836
20240216 11836
20240217 11834
20240216 11836
20240218 11829
20240219 11829
20240220 11832
20240219 11829
20240221 11837
20240219 11829
20240222 11832
20240223 11829
20240219 11829
20240224 11820
20240219 11829
20240225 11818
20240219 11829
20240226 11813
20240219 11829
20240227 11811
20240219 11829
20240228 11815
20240219 11829
20240229 11817
20240219 11829
20240301 11821
20240302 11821
20240303 11822
20240304 11822
20240305 11820
20240304 11822
20240306 11823
20240304 11822
20240307 11831
20240304 11822
20240308 11833
20240304 11822
20240309 11835
20240311 11835
20240312 11823
20240311 11835
20240313 11821
20240311 11835
20240314 11830
20240311 11835
20240315 11836
20240311 11835
20240316 11856
20240311 11835
20240317 11863
20240311 11835
20240318 11862
20240311 11835
20240319 11865
20240311 11835
20240320 11863
20240321 11863
20240322 11860
20240321 11863
20240323 11864
20240321 11863
20240324 11862
20240321 11863
20240325 11858
20240321 11863
20240326 11852
20240321 11863
20240327 11855
20240328 11855
20240329 11853
20240328 11855
20240330 11852
20240331 11855
20240328 11855
20240401 11860
20240328 11855
20240402 11861
20240328 11855
20240403 11863
20240404 11855
20240328 11855
20240405 11847
20240328 11855
20240406 11849
20240328 11855
20240407 11848
20240328 11855
20240408 11854
20240328 11855
20240409 11850
20240328 11855
20240410 11848
20240328 11855
20240411 11851
20240328 11855
20240412 11862
20240328 11855
20240413 11863
20240328 11855
20240415 11865
20240328 11855
20240416 11868
20240328 11855
20240417 11873
20240328 11855
20240418 11874
20240328 11855
20240419 11866
20240328 11855
20240420 11852
20240328 11855
20240421 11850
20240328 11855
20240422 11847
20240328 11855
20240423 11851
20240328 11855
20240424 11842
20240328 11855
20240425 11844
20240328 11855
20240426 11840
20240328 11855
20240427 11839
20240328 11855
20240428 11841
20240328 11855
20240429 11836
20240328 11855
20240430 11839
20240328 11855
20240501 11838
20240328 11855
20240503 11834
20240328 11855
20240504 11822
20240328 11855
20240505 11818
20240328 11855
20240506 11812
20240507 11812
20240508 11813
20240507 11812
20240509 11818
20240507 11812
20240510 11821
20240512 11821
20240513 11819
20240512 11821
20240514 11823
20240512 11821
20240515 11826
20240516 11826
20240517 11824
20240516 11826
20240518 11822
20240516 11826
20240519 11823
20240516 11826
20240520 11818
20240521 11818
20240522 11825
20240521 11818
20240523 11821
20240521 11818
20240524 11803
20240521 11818
20240525 11794
20240526 11794
20240527 11787
20240526 11794
20240528 11781
20240526 11794
20240529 11780
20240526 11794
20240530 11740
20240526 11794
20240531 11742
20240526 11794
20240601 11739
20240526 11794
20240602 11740
20240526 11794
20240603 11734
20240526 11794
20240604 11732
20240526 11794
20240605 11739
20240526 11794
20240606 11738
20240526 11794
20240609 11720
20240526 11794
20240611 11716
20240526 11794
20240612 11715
20240613 11715
20240614 11719
20240616 11719
20240617 11722
20240616 11719
20240618 11727
20240616 11719
20240620 11736
20240616 11719
20240621 11732
20240616 11719
20240622 11730
20240616 11719
20240623 11727
20240616 11719
20240624 11726
20240616 11719
20240626 11725
20240616 11719
20240627 11734
20240616 11719
20240628 11745
20240616 11719
20240629 11741
20240616 11719
20240630 11743
20240616 11719
20240701 11741
20240616 11719
20240702 11750
20240616 11719
20240703 11746
20240616 11719
20240704 11747
20240616 11719
20240705 11741
20240616 11719
20240706 11735
20240616 11719
20240707 11742
20240616 11719
20240708 11738
20240616 11719
20240709 11743
20240616 11719
20240710 11742
20240616 11719
20240711 11747
20240616 11719
20240712 11755
20240616 11719
20240713 11763
20240616 11719
20240714 11751
20240616 11719
20240715 11739
20240616 11719
20240716 11734
20240616 11719
20240717 11724
20240616 11719
20240718 11733
20240616 11719
20240719 11726
20240616 11719
20240720 11725
20240616 11719
20240721 11727
20240616 11719
20240722 11721
20240723 11719
20240724 11719
20240725 11722
20240726 11722
20240727 11714
20240726 11722
20240728 11718
20240726 11722
20240729 11720
20240726 11722
20240730 11725
20240726 11722
20240731 11716
20240726 11722
20240801 11718
20240726 11722
20240802 11715
20240726 11722
20240803 11709
20240726 11722
20240804 11701
20240726 11722
20240805 11688
20240726 11722
20240806 11693
20240807 11693
20240808 11690
20240809 11693
20240807 11693
20240810 11697
20240807 11693
20240811 11696
20240807 11693
20240812 11703
20240807 11693
20240813 11705
20240807 11693
20240814 11701
20240807 11693
20240815 11705
20240807 11693
20240816 11706
20240807 11693
20240817 11718
20240807 11693
20240818 11712
20240807 11693
20240819 11702
20240807 11693
20240820 11697
20240821 11693
20240822 11693
20240823 11691
20240822 11693
20240824 11683
20240822 11693
20240825 11695
20240822 11693
20240826 11692
20240822 11693
20240827 11702
20240822 11693
20240828 11696
20240829 11696
20240830 11690
20240829 11696
20240831 11687
20240829 11696
20240901 11686
20240829 11696
20240902 11678
20240829 11696
20240903 11674
20240829 11696
20240904 11683
20240829 11696
20240905 11691
20240829 11696
20240906 11686
20240829 11696
20240907 11673
20240829 11696
20240908 11666
20240829 11696
20240909 11665
20240829 11696
20240910 11671
20240829 11696
20240911 11670
20240829 11696
20240912 11617
20240829 11696
20240913 11597
20240829 11696
20240914 11595
20240829 11696
20240915 11594
20240829 11696
20240916 11586
20240829 11696
20240917 11580
20240829 11696
20240918 11584
20240829 11696
20240919 11580
20240829 11696
20240920 11582
20240829 11696
20240921 11560
20240829 11696
20240921 11561
20240829 11696
20240922 11560
20240829 11696
20240925 11562
20240829 11696
20240926 11539
20240926 11539
