20230707 23624
20230709 23616
20230710 23621
20230711 23629
20230712 23638
20230713 23648
20230714 23671
20230715 23676
20230730 23706
20230731 23721
20230801 23739
20230802 23739
20230803 23738
20230804 23741
20230805 23745
20230806 23744
20230807 23739
20230808 23748
20230809 23749
20230810 23758
20230811 23742
20230812 23763
20230813 23760
20230815 23773
20230816 23781
20230817 23787
20230818 23800
20230819 23805
20230820 23799
20230821 23812
20230822 23815
20230823 23826
20230824 23838
20230825 23836
20230826 23832
20230827 23830
20230828 23829
20230829 23837
20230830 23836
20230831 23835
20230901 23835
20230902 23832
20230903 23828
20230904 23828
20230905 23824
20230906 23826
20230907 23821
20230908 23830
20230909 23842
20230910 23848
20230911 23843
20230912 23835
20230913 23838
20230914 23846
20230915 23846
20230916 23847
20230917 23840
20230918 23810
20230919 23819
20230920 21521
20230921 21520
20230922 21514
20230923 21511
20230924 21508
20230925 21512
20230926 21520
20230927 21510
20230928 21502
20230929 21501
20230930 21500
20231001 21498
20231002 21503
20231003 21520
20231005 21533
20231007 21548
20231008 21549
20231009 21560
20231010 21566
20231011 21569
20231012 21577
20231013 21582
20231014 21595
20231015 21589
20231016 21582
20231017 21585
20231018 21579
20231019 21584
20231020 21603
20231021 21608
20231022 21602
20231023 21595
20231024 21617
20231025 21611
20231026 21618
20231027 21624
20231028 21611
20231029 21601
20231030 21600
20231031 21600
20231101 21602
20231102 21597
20231103 21602
20231104 21602
20231105 21601
20231106 21593
20231107 21587
20231108 21598
20231109 21601
20231110 21602
20231111 21597
20231112 21592
20231113 21584
20231114 21585
20231115 21582
20231116 21564
20231117 21587
20231118 21583
20231120 21565
