20230707 1511
20230709 1511
20230710 1511
20230711 1510
20230712 1510
20230714 1510
20230715 1508
20230730 1509
20230731 1509
20230801 1508
20230802 1509
20230803 1508
20230804 1508
20230805 1509
20230806 1509
20230807 1509
20230808 1509
20230809 1508
20230810 1508
20230811 1509
20230812 1509
20230813 1509
20230815 1510
20230816 1507
20230817 1506
20230818 1506
20230819 1506
20230820 1506
20230821 1506
20230822 1506
20230823 1503
20230824 1502
20230825 1502
20230826 1502
20230827 1502
20230828 1502
20230829 1502
20230830 1502
20230831 1502
20230901 1502
20230902 1502
20230903 1502
20230904 1502
20230905 1503
20230906 1508
20230907 1508
20230908 1508
20230909 1508
20230910 1508
20230911 1508
20230912 1508
20230913 1508
20230914 1509
20230915 1506
20230916 1497
20230917 1496
20230918 1495
20230919 1494
20230920 1476
20230921 1477
20230922 1479
20230923 1478
20230924 1478
20230925 1472
20230926 1472
20230927 1472
20230928 1472
20230929 1471
20230930 1471
20231001 1470
20231002 1468
20231003 1467
20231005 1462
20231007 1461
20231008 1461
20231009 1461
20231010 1461
20231011 1461
20231012 1460
20231013 1460
