20230707 12359
20230709 12353
20230710 12354
20230711 12375
20230712 12376
20230714 12372
20230715 12381
20230730 12399
20230731 12403
20230801 12405
20230802 12398
20230803 12397
20230804 12402
20230805 12400
20230806 12402
20230807 12403
20230808 12401
20230809 12398
20230810 12409
20230811 12411
20230812 12409
20230813 12416
20230815 12417
20230816 12416
20230817 12422
20230818 12420
20230819 12416
20230820 12410
20230821 12411
20230822 12419
20230823 12423
20230824 12427
20230825 12426
20230826 12431
20230827 12432
20230828 12430
20230829 12433
20230830 12434
20230831 12432
20230901 12434
20230902 12441
20230903 12445
20230904 12440
20230905 12435
20230906 12440
20230907 12446
20230908 12447
20230909 12450
20230910 12451
20230911 12451
20230912 12458
20230911 12451
20230913 12454
20230911 12451
20230914 12466
20230911 12451
20230915 12464
20230911 12451
20230916 12468
20230911 12451
20230917 12464
20230911 12451
20230918 12466
20230911 12451
20230919 12471
20230911 12451
20230920 11329
20230911 12451
20230921 11336
20230911 12451
20230922 11345
20230911 12451
20230923 11338
20230911 12451
20230924 11334
20230911 12451
20230925 11329
20230911 12451
20230926 11318
20230911 12451
20230927 11313
20230911 12451
20230928 11316
20230930 11316
20231001 11318
20231002 11316
20230930 11316
20231003 11314
20230930 11316
20231005 11319
20231007 11316
20231008 11316
20231009 11322
20231008 11316
20231010 11342
20231008 11316
20231011 11341
20231008 11316
20231012 11344
20231008 11316
20231013 11350
20231008 11316
20231014 11349
20231008 11316
20231015 11347
20231008 11316
20231016 11344
20231008 11316
20231017 11340
20231008 11316
20231018 11356
20231008 11316
20231019 11352
20231021 11352
20231022 11339
20231021 11352
20231023 11331
20231021 11352
20231024 11328
20231021 11352
20231025 11327
20231021 11352
20231026 11322
20231021 11352
20231027 11318
20231021 11352
20231028 11313
20231021 11352
20231029 11312
20231021 11352
20231030 11302
20231021 11352
20231031 11303
20231021 11352
20231101 11307
20231021 11352
20231102 11308
20231021 11352
20231103 11305
20231104 11305
20231105 11307
20231106 11307
20231107 11308
20231106 11307
20231108 11302
20231106 11307
20231109 11303
20231106 11307
20231110 11309
20231111 11307
20231106 11307
20231112 11304
20231106 11307
20231113 11300
20231106 11307
20231114 11308
20231106 11307
20231115 11297
20231106 11307
20231116 11296
20231106 11307
20231117 11294
20231106 11307
20231118 11291
20231106 11307
20231120 11283
20231106 11307
20231121 11281
20231106 11307
20231122 11274
20231106 11307
20231123 11273
20231106 11307
20231124 11274
20231106 11307
20231125 11277
20231106 11307
20231126 11276
20231106 11307
20231127 11271
20231106 11307
20231128 11274
20231106 11307
20231129 11282
20231106 11307
20231130 11284
20231106 11307
20231201 11282
20231106 11307
20231202 11285
20231106 11307
20231203 11283
20231106 11307
20231204 11276
20231106 11307
20231205 11285
20231106 11307
20231206 11273
20231106 11307
20231207 11276
20231106 11307
20231208 11280
20231209 11280
20231210 11293
20231209 11280
20231211 11297
20231209 11280
20231212 11289
20231209 11280
20231213 11314
20231215 11314
20231216 11319
20231215 11314
20231217 11318
20231215 11314
20231218 11316
20231215 11314
20231219 11310
20231215 11314
20231220 11309
20231215 11314
20231221 11311
20231215 11314
20231222 11320
20231223 11320
20231224 11318
20231223 11320
20231225 11293
20231226 11293
20231227 11292
20231226 11293
20231230 11215
20231226 11293
20231231 11196
20240101 11196
20240102 11104
20240101 11196
20240103 11071
20240101 11196
20240104 11048
20240101 11196
20240105 10950
20240101 11196
20240106 10951
20240101 11196
20240107 10946
20240101 11196
20240108 10937
20240101 11196
20240109 10941
20240101 11196
20240110 10946
20240101 11196
20240111 10934
20240101 11196
20240112 10919
20240101 11196
20240113 10929
20240101 11196
20240114 10928
20240101 11196
20240115 10930
20240101 11196
20240116 10926
20240101 11196
20240117 10924
20240101 11196
20240118 10930
20240101 11196
20240119 10929
20240101 11196
20240120 10953
20240101 11196
20240121 10959
20240101 11196
20240122 10962
20240101 11196
20240124 10959
20240101 11196
20240125 10967
20240101 11196
20240126 10960
20240101 11196
20240127 10965
20240128 10965
20240129 10957
20240128 10965
20240130 10959
20240128 10965
20240131 10971
20240201 10971
20240202 10972
20240201 10971
20240203 10984
20240201 10971
20240204 10991
20240201 10971
20240205 10983
20240201 10971
20240206 10987
20240201 10971
20240207 10989
20240201 10971
20240208 10976
20240201 10971
20240209 10972
20240201 10971
20240210 10970
20240201 10971
20240211 10957
20240201 10971
20240212 10944
20240201 10971
20240213 10935
20240201 10971
20240214 10934
20240201 10971
20240215 10897
20240201 10971
20240216 10891
20240201 10971
20240217 10881
20240201 10971
20240218 10872
20240201 10971
20240219 10864
20240201 10971
20240220 10835
20240201 10971
20240221 10839
20240223 10839
20240224 10569
20240223 10839
20240225 10548
20240226 10548
20240227 10555
20240226 10548
20240228 10542
20240226 10548
20240229 10550
20240226 10548
20240301 10520
20240226 10548
20240302 10514
20240226 10548
20240303 10511
20240304 10511
20240305 10487
20240304 10511
20240306 10480
20240304 10511
20240307 10478
20240304 10511
20240308 10481
20240304 10511
20240309 10493
20240304 10511
20240310 10489
20240304 10511
20240311 10486
20240304 10511
20240312 10482
20240304 10511
20240313 10438
20240304 10511
20240314 10437
20240304 10511
20240315 10436
20240304 10511
20240316 10435
20240304 10511
20240317 10427
20240304 10511
20240318 10435
20240319 10435
20240320 10437
20240319 10435
20240321 10431
20240319 10435
20240322 10434
20240323 10435
20240319 10435
20240324 10437
20240319 10435
20240325 10434
20240326 10435
20240319 10435
20240327 10433
20240328 10433
20240329 10437
20240328 10433
20240330 10435
20240328 10433
20240331 10430
20240401 10430
20240402 10432
20240401 10430
20240403 10437
20240401 10430
20240404 10438
20240401 10430
20240405 10442
20240401 10430
20240406 10444
20240407 10444
20240408 10439
20240407 10444
20240409 10441
20240410 10441
20240411 10452
20240410 10441
20240412 10455
20240410 10441
20240413 10454
20240410 10441
20240415 10453
20240410 10441
20240416 10455
20240410 10441
20240417 10458
20240410 10441
20240418 10457
20240410 10441
20240419 10462
20240410 10441
20240420 10464
20240410 10441
20240421 10462
20240410 10441
20240422 10468
20240410 10441
20240423 10439
20240410 10441
20240424 10457
20240410 10441
20240425 10464
20240410 10441
20240426 10475
20240410 10441
20240427 10460
20240410 10441
20240428 10458
20240410 10441
20240429 10457
20240410 10441
20240430 10467
20240410 10441
20240501 10460
20240410 10441
20240503 10448
20240410 10441
20240504 10444
20240410 10441
20240505 10445
20240506 10445
20240507 10452
20240506 10445
20240508 10455
20240506 10445
20240509 10459
20240506 10445
20240510 10462
20240506 10445
20240511 10464
20240506 10445
20240512 10457
20240506 10445
20240513 10453
20240506 10445
20240514 10452
20240506 10445
20240515 10459
20240506 10445
20240516 10463
20240506 10445
20240517 10467
20240518 10467
20240519 10468
20240521 10468
20240522 10467
20240521 10468
20240523 10476
20240521 10468
20240524 10496
20240525 10496
20240526 10494
20240525 10496
20240527 10520
20240525 10496
20240528 10585
20240525 10496
20240529 10636
20240525 10496
20240530 10679
20240525 10496
20240531 10728
20240525 10496
20240601 10773
20240525 10496
20240602 10799
20240525 10496
20240603 10824
20240525 10496
20240604 10839
20240525 10496
20240605 10868
20240525 10496
20240606 10910
20240525 10496
20240609 10928
20240525 10496
20240611 11005
20240525 10496
20240612 11044
20240525 10496
20240613 11062
20240525 10496
20240614 11066
20240525 10496
20240615 11086
20240525 10496
20240616 11131
20240525 10496
20240617 11133
20240525 10496
20240618 11144
20240525 10496
20240620 11248
20240525 10496
20240621 11297
20240525 10496
20240622 11347
20240525 10496
20240623 11388
20240525 10496
20240624 11396
20240525 10496
20240626 11419
20240525 10496
20240627 11422
20240628 11422
20240629 11421
20240628 11422
20240630 11419
20240628 11422
20240701 11423
20240628 11422
20240702 11425
20240628 11422
20240703 11434
20240628 11422
20240704 11433
20240628 11422
20240705 11426
20240628 11422
20240706 11424
20240628 11422
20240707 11419
20240628 11422
20240708 11425
20240628 11422
20240709 11427
20240628 11422
20240710 11432
20240628 11422
20240711 11433
20240628 11422
20240712 11439
20240628 11422
20240713 11442
20240628 11422
20240714 11439
20240628 11422
20240715 11436
20240628 11422
20240716 11441
20240628 11422
20240717 11443
20240628 11422
20240718 11445
20240628 11422
20240719 11446
20240628 11422
20240720 11444
20240628 11422
20240721 11443
20240628 11422
20240722 11444
20240628 11422
20240723 11443
20240724 11443
20240725 11438
20240724 11443
20240726 11439
20240724 11443
20240727 11442
20240724 11443
20240728 11437
20240724 11443
20240729 11439
20240724 11443
20240730 11441
20240724 11443
20240731 11444
20240724 11443
20240801 11440
20240724 11443
20240802 11437
20240724 11443
20240803 11436
20240724 11443
20240804 11434
20240724 11443
20240805 11430
20240806 11430
20240807 11428
20240806 11430
20240808 11429
20240806 11430
20240809 11428
20240806 11430
20240810 11432
20240811 11432
20240812 11424
20240813 11424
20240814 11426
20240813 11424
20240815 11428
20240813 11424
20240816 11429
20240813 11424
20240817 11434
20240813 11424
20240818 11435
20240819 11435
20240820 11441
20240819 11435
20240821 11445
20240819 11435
20240822 11448
20240819 11435
20240823 11445
20240819 11435
20240824 11449
20240819 11435
20240825 11450
20240819 11435
20240826 11446
20240819 11435
20240827 11447
20240828 11447
20240829 11450
20240828 11447
20240830 11448
20240831 11447
20240828 11447
20240901 11449
20240828 11447
20240902 11451
20240828 11447
20240903 11452
20240828 11447
20240904 11458
20240828 11447
20240905 11455
20240828 11447
20240906 11454
20240828 11447
20240907 11461
20240828 11447
20240908 11460
20240828 11447
20240909 11456
20240828 11447
20240910 11459
20240828 11447
20240911 11468
20240912 11468
20240913 11480
20240912 11468
20240914 11484
20240912 11468
20240915 11485
20240912 11468
20240916 11486
20240912 11468
20240917 11488
20240912 11468
20240918 11489
20240912 11468
20240919 11493
20240912 11468
20240920 11496
20240912 11468
20240921 11504
20240912 11468
20240921 11507
20240922 11507
