20230922 4497
20230924 4497
20230925 4498
20230926 4499
20230927 4504
20230928 4507
20230929 4508
20230930 4501
20231001 4501
20231002 4488
20231003 4482
20231005 4451
20231007 4442
20231008 4442
20231009 4443
20231010 4443
20231011 4443
20231012 4443
20231013 4442
20231014 4440
20231015 4442
20231016 4441
20231017 4441
20231018 4444
20231019 4444
20231020 4454
20231021 4457
20231022 4456
20231023 4450
20231024 4451
20231025 4452
20231026 4456
20231027 4460
20231028 4460
20231029 4460
20231030 4460
20231031 4464
20231101 4466
20231102 4468
20231103 4472
