20230922 1651
20230924 1649
20230925 1650
20230926 1651
20230927 1652
20230928 1652
20230929 1650
20230930 1652
20231002 1652
20231003 1651
20231005 1652
20231007 1651
20231008 1649
20231009 1652
20231013 1652
20231014 1653
20231015 1654
20231017 1654
20231018 1658
20231019 1658
20231020 1657
20231024 1657
20231025 1656
20231026 1656
20231027 1657
20231101 1657
20231102 1658
20231103 1658
20231104 1657
20231105 1657
20231106 1658
20231107 1656
20231108 1656
20231109 1658
20231120 1658
20231121 1657
20231125 1657
20231126 1656
20231127 1657
20231128 1656
20231129 1654
20231130 1656
20231201 1656
20231202 1657
20231203 1658
20231204 1658
20231205 1657
20231206 1658
20231207 1658
20231208 1594
20231209 1599
20231210 1601
20231211 1602
20231212 1602
20231213 1601
20231214 1601
20231215 1602
20231216 1602
20231217 1605
20231218 1605
20231219 1608
20231220 1609
20231221 1610
20231231 1610
20240101 1611
20240102 1611
20240103 1610
20240104 1611
20240113 1611
20240114 1613
20240115 1614
20240118 1614
20240119 1642
20240120 1615
20240131 1615
20240201 1616
20240205 1616
20240206 1617
20240218 1617
20240219 1618
20240223 1618
20240224 1619
20240225 1620
20240227 1620
20240228 1619
20240229 1620
20240301 1620
20240302 1619
20240303 1619
20240304 1618
20240305 1619
20240306 1620
20240307 1621
20240308 1620
20240309 1622
20240310 1622
20240311 1623
20240312 1625
20240314 1625
20240315 1626
20240316 1627
20240318 1627
20240319 1629
20240320 1628
20240321 1629
20240322 1629
20240323 1630
20240324 1631
20240325 1633
20240326 1634
20240404 1634
20240405 1636
20240406 1636
20240407 1635
20240412 1635
20240413 1636
20240415 1635
20240417 1635
20240418 1636
20240419 1637
20240421 1637
20240422 1638
20240429 1638
20240430 1637
20240501 1639
20240503 1638
20240504 1638
20240505 1639
20240506 1639
20240507 1638
20240508 1639
20240509 1640
20240512 1640
20240513 1639
20240514 1638
20240515 1639
20240518 1639
20240519 1638
20240523 1638
20240524 1639
20240525 1640
20240526 1641
20240528 1641
20240529 1642
20240531 1642
20240601 1643
20240602 1641
20240603 1642
20240604 1642
20240605 1643
20240606 1643
20240609 1644
20240611 1644
20240612 1645
20240614 1645
20240615 1646
20240617 1646
20240618 1645
20240627 1645
20240628 1646
20240629 1646
20240630 1647
20240704 1647
20240705 1646
20240709 1646
20240710 1645
20240711 1646
20240717 1646
20240718 1645
20240719 1644
20240720 1643
20240721 1642
20240723 1642
20240724 1643
20240726 1643
20240727 1644
20240729 1644
20240730 1645
20240811 1645
20240812 1644
20240813 1645
20240815 1645
20240816 1646
20240817 1647
20240820 1647
20240821 1649
20240829 1649
20240830 1648
20240831 1648
20240901 1649
20240902 1648
20240910 1648
20240911 1649
20240912 1649
20240913 1650
20240919 1650
20240920 1651
20240921 1652
20240922 1653
20240927 1653
20240928 1654
20240929 1655
20240930 1655
20241001 1656
20241004 1656
20241005 1657
20241006 1658
20241007 1659
20241009 1659
20241010 1658
20241011 1657
20241012 1657
20241013 1660
20241014 1660
20241015 1662
20241016 1662
20241017 1661
20241020 1661
20241021 1662
20241103 1662
20241104 1660
20241113 1660
20241114 1661
20241115 1662
20241129 1662
20241130 1663
20241201 1663
20241202 1662
20241203 1663
20241204 1663
20241205 1666
20241206 1667
20241211 1667
20241212 1666
20241219 1666
20241220 1665
20241227 1665
20241228 1663
20241229 1665
20250109 1665
20250110 1664
20250111 1665
20250114 1665
20250115 1666
20250116 1667
20250117 1667
20250118 1668
20250123 1668
20250124 1667
20250126 1667
20250127 1668
20250128 1669
20250129 1669
20250130 1670
20250202 1670
20250203 1671
20250205 1671
20250206 1672
20250207 1671
20250208 1670
20250214 1670
20250215 1671
20250216 1672
20250217 1673
20250218 1673
20250219 1674
20250220 1675
20250221 1677
20250226 1677
20250227 1676
20250228 1676
20250301 1675
20250302 1676
20250303 1676
20250304 1677
20250309 1677
20250310 1678
20250311 1679
20250312 1679
20250313 1680
20250321 1680
20250322 1681
20250323 1680
20250331 1680
20250401 1681
20250405 1681
20250406 1682
20250407 1684
20250408 1685
20250410 1685
20250411 1686
20250430 1686
20250501 1685
20250502 1686
20250503 1686
20250504 1687
20250508 1687
20250509 1686
20250515 1686
20250516 1687
20250519 1687
20250520 1688
20250610 1688
20250611 1689
20250612 1689
20250613 1690
20250614 1691
20250616 1691
20250617 1690
20250618 1691
20250620 1691
20250621 1692
20250627 1692
20250628 1694
20250629 1694
20250630 1693
20250701 1693
20250702 1692
20250712 1692
20250713 1691
20250714 1690
20250715 1691
20250725 1691
20250726 1692
20250728 1692
20250729 1694
20250731 1694
20250801 1695
20250806 1695
20250807 1672
20250808 1673
20250810 1675
20250816 1675
20250817 1676
20250818 1677
20250819 1679
20250820 1679
20250821 1678
20250822 1680
20250823 1682
20250824 1683
20250825 1683
20250826 1685
20250828 1685
20250829 1688
20250830 1688
20250831 1686
20250901 1686
20250902 1688
20250903 1688
20250904 1685
20250905 1687
20250906 1687
20250907 1689
20250908 1689
20250909 1688
20250910 1690
20250911 1690
20250912 1689
20250917 1689
20250918 1688
20250919 1690
20250920 1689
20250922 1689
20250923 1690
20250924 1690
20250925 1689
20250926 1690
20250927 1689
20251004 1689
20251005 1690
20251006 1691
20251014 1691
20251015 1692
20251021 1692
20251022 1693
20251025 1693
20251026 1692
20251027 1693
20251028 1693
20251029 1659
20251030 1659
20251031 1663
20251101 1663
20251102 1664
20251103 1665
20251104 1665
20251105 1666
20251109 1666
20251110 1665
20251111 1666
20251114 1666
20251115 1667
20251120 1667
20251121 1668
20251123 1668
20251124 1667
20251129 1667
20251130 1668
20251202 1670
20251203 1670
20251204 1671
20251208 1671
20251209 1672
20251213 1672
20251214 1673
20260112 1673
20260113 1674
20260115 1674
20260116 1675
20260117 1675
20260118 1674
20260119 1675
20260124 1675
20260125 1676
20260126 1678
20260127 1680
20260128 1679
20260202 1679
20260203 1680
20260204 1681
20260205 1679
20260206 1680
20260209 1680
20260210 1678
20260211 1679
20260212 1681
20260217 1681
20260218 1683
20260219 1683
