20230707 24980
20230709 24964
20230710 24954
20230711 24941
20230712 24941
20230713 24940
20230714 24939
20230715 24938
20230730 24969
20230731 24959
20230801 24957
20230802 24958
20230803 24962
20230804 24966
20230805 24976
20230806 24967
20230807 24967
20230808 24976
20230809 24986
20230810 24991
20230811 24987
20230812 24984
20230813 24988
20230815 24982
20230816 24977
20230817 24989
20230818 24997
20230819 24997
20230820 24993
20230821 24983
20230822 24984
20230823 24967
20230824 24965
20230825 24986
20230826 24986
20230827 24978
20230828 24974
20230829 24968
20230830 24961
20230831 24963
20230901 24968
20230902 24971
20230903 24959
20230904 24949
20230905 24946
20230906 24946
20230907 24945
20230908 24939
20230909 24943
20230910 24930
20230911 24923
20230912 24913
20230913 24919
20230914 24929
20230915 24897
20230916 24898
20230917 24897
20230918 24893
20230919 24883
20230920 22802
20230921 22795
20230922 22803
20230923 22798
20230924 22780
20230925 22773
20230926 22772
20230927 22776
20230928 22778
20230929 22770
20230930 22766
