20230707 26
20230709 26
20230710 26
20230711 26
20230712 26
20230714 26
20230715 26
20230730 26
20230731 26
20230801 26
20230802 26
20230803 26
20230804 26
20230805 26
20230806 26
20230807 26
20230808 26
20230809 26
20230810 26
20230811 27
20230812 27
20230813 27
20230815 27
20230816 27
20230817 28
20230818 28
20230819 28
20230820 28
20230821 28
20230822 28
20230823 28
20230824 28
20230825 28
20230826 28
20230827 28
20230828 28
20230829 28
20230830 28
20230831 28
20230901 28
20230902 28
20230903 28
20230904 28
20230905 28
20230906 28
20230907 28
20230908 28
20230909 28
20230910 28
20230911 28
