20230707 2098
20230709 2097
20230710 2096
20230711 2092
20230712 2088
20230714 2086
20230715 2090
20230730 2091
20230731 2091
20230801 2093
20230802 2093
20230803 2091
20230804 2088
20230805 2089
20230806 2089
20230807 2087
20230808 2087
20230809 2084
20230810 2082
20230811 2083
20230812 2082
20230813 2084
20230815 2082
20230816 2084
20230817 2084
20230818 2083
20230819 2082
20230820 2082
20230821 2082
20230822 2085
20230823 2080
20230824 2082
20230825 2079
20230826 2083
20230827 2083
20230828 2083
20230829 2081
20230830 2082
20230831 2079
20230901 2078
20230902 2077
20230903 2077
20230904 2078
20230905 2078
20230906 2078
20230907 2077
20230908 2084
20230909 2086
20230910 2083
20230911 2085
20230912 2085
20230913 2086
20230914 2085
20230915 2087
20230916 2085
20230917 2085
20230918 2082
20230919 2085
20230920 1948
20230921 1948
20230922 1953
20230923 1959
20230924 1956
20230925 1952
20230926 1953
20230927 1955
20230928 1955
20230929 1955
20230930 1954
20231001 1954
20231002 1956
20231003 1958
20231005 1961
20231007 1961
20231008 1965
20231009 1966
20231010 1967
20231011 1966
20231012 1964
20231013 1966
20231014 1966
20231015 1963
20231016 1962
20231017 1962
20231018 1962
20231019 1961
20231020 1961
20231021 1964
20231022 1964
20231023 1962
20231024 1960
20231025 1961
20231026 1960
20231027 1958
20231028 1959
20231029 1966
20231030 1975
20231031 1975
20231101 1977
20231102 1974
20231103 1979
20231104 1980
20231105 1981
20231106 1981
20231107 1980
20231108 1986
20231109 1990
20231110 1989
20231111 1990
20231112 1983
20231113 1981
20231114 1981
20231115 1979
20231116 1975
20231117 1977
20231118 1976
20231120 1979
20231121 1980
20231122 1982
20231123 1986
20231124 1987
20231125 1988
20231126 1987
20231127 1986
20231128 1987
20231129 1987
20231130 1988
20231201 1987
20231202 1987
20231203 1987
20231204 1986
20231205 1984
20231206 1986
20231207 1987
20231208 1987
20231209 1989
20231210 1990
20231211 1988
20231212 1988
20231213 1991
20231214 1987
20231215 1990
20231216 1992
20231217 1993
20231218 1993
20231219 1991
20231220 1994
20231221 1994
20231222 1996
20231223 1996
20231224 1997
20231225 1996
20231226 1994
20231227 1993
20231230 1995
20231231 1995
20240101 1996
20240102 1999
20240103 2001
20240104 1997
20240105 1996
20240106 2018
20240107 2018
20240108 2017
20240109 2019
20240110 2018
20240111 2046
20240112 2046
20240113 2047
20240114 2047
20240115 2045
20240116 2047
20240117 2050
20240118 2050
20240119 2050
20240120 2051
20240121 2051
20240122 2054
20240124 2053
20240125 2042
20240126 2044
20240127 2047
20240128 2044
20240129 2044
20240130 2047
20240131 2048
20240201 2046
20240202 2046
20240203 2047
20240204 2047
20240205 2047
20240206 2048
20240207 2051
20240208 2052
20240209 2050
20240210 2049
20240211 2049
20240212 2047
20240213 2047
20240214 2045
20240215 2044
20240216 2043
20240217 2048
20240218 2050
20240219 2048
20240220 2048
20240221 2050
20240222 2052
20240223 2054
20240224 2054
20240225 2055
20240226 2057
20240227 2057
20240228 2057
20240229 2058
20240301 2060
20240302 2059
20240303 2058
20240304 2057
20240305 2057
20240306 2057
20240307 2058
20240308 2064
20240309 2062
20240310 2063
20240311 2063
