20230707 11227
20230709 11202
20230710 11179
20230711 11098
20230712 11097
20230713 11099
20230714 11105
20230715 11097
20230730 11080
20230731 11087
20230801 11142
20230802 11158
20230803 11159
20230804 11157
20230805 11166
20230806 11166
20230807 11162
20230806 11166
20230808 11164
20230806 11166
20230809 11159
20230806 11166
20230810 11157
20230806 11166
20230811 11171
20230806 11166
20230812 11174
20230806 11166
20230813 11169
20230806 11166
20230815 11235
20230806 11166
20230816 11262
20230806 11166
20230817 11348
20230806 11166
20230818 11357
20230806 11166
20230819 11359
20230806 11166
20230820 11362
20230806 11166
20230821 11354
20230822 11354
20230823 11349
20230822 11354
20230824 11345
20230822 11354
20230825 11351
20230822 11354
20230826 11350
20230822 11354
20230827 11344
20230822 11354
20230828 11347
20230822 11354
20230829 11346
20230822 11354
20230830 11352
20230822 11354
20230831 11356
20230822 11354
20230901 11341
20230822 11354
20230902 11344
20230822 11354
20230903 11345
20230822 11354
20230904 11349
20230822 11354
20230905 11356
20230822 11354
20230906 11362
20230822 11354
20230907 11372
20230822 11354
20230908 11373
20230822 11354
20230909 11381
20230822 11354
20230910 11379
20230822 11354
20230911 11382
20230822 11354
20230912 11381
20230822 11354
20230913 11386
20230822 11354
20230914 11392
20230822 11354
20230915 11383
20230822 11354
20230916 11381
20230917 11381
20230918 11383
20230917 11381
20230919 11394
20230917 11381
20230920 10810
20230917 11381
20230921 10852
20230917 11381
20230922 10863
20230917 11381
20230923 10864
20230917 11381
20230924 10861
20230917 11381
20230925 10852
20230917 11381
20230926 10841
20230917 11381
20230927 10843
20230917 11381
20230928 10836
20230917 11381
20230929 10828
20230917 11381
20230930 10821
20230917 11381
20231001 10823
20230917 11381
20231002 10830
20230917 11381
20231003 10849
20230917 11381
20231005 10848
20230917 11381
20231007 10844
20230917 11381
20231008 10848
20230917 11381
20231009 10860
20230917 11381
20231010 10864
20230917 11381
20231011 10868
20230917 11381
20231012 10880
20230917 11381
20231013 10874
20230917 11381
20231014 10884
20230917 11381
20231015 10870
20230917 11381
20231016 10873
20230917 11381
20231017 10864
20230917 11381
20231018 10859
20231019 10859
20231020 10866
20231019 10859
20231021 10871
20231019 10859
20231022 10868
20231019 10859
20231023 10873
20231019 10859
20231024 10875
20231019 10859
20231025 10876
20231026 10876
20231027 10884
20231028 10876
20231026 10876
20231029 10871
20231026 10876
20231030 10860
20231026 10876
20231031 10863
20231026 10876
20231101 10864
20231026 10876
20231102 10869
20231026 10876
20231103 10867
20231026 10876
20231104 10879
20231026 10876
20231105 10874
20231026 10876
20231106 10873
20231026 10876
20231107 10866
20231026 10876
20231108 10871
20231026 10876
20231109 10874
20231026 10876
20231110 10883
20231026 10876
20231111 10881
20231026 10876
20231112 10872
20231026 10876
20231113 10867
20231026 10876
20231114 10859
20231026 10876
20231115 10869
20231026 10876
20231116 10865
20231026 10876
20231117 10878
20231026 10876
20231118 10877
20231026 10876
20231120 10884
20231026 10876
20231121 10870
20231026 10876
20231122 10875
20231026 10876
20231123 10879
20231026 10876
20231124 10878
20231026 10876
20231125 10888
20231026 10876
20231126 10878
20231026 10876
20231127 10922
20231026 10876
20231128 10925
20231026 10876
20231129 10924
20231026 10876
20231130 10942
20231026 10876
20231201 10939
20231026 10876
20231202 10946
20231026 10876
20231203 10947
20231026 10876
20231204 10949
20231026 10876
20231205 10944
20231026 10876
20231206 10943
20231026 10876
20231207 10938
20231026 10876
20231208 10945
20231026 10876
20231209 10943
20231026 10876
20231210 10944
20231026 10876
20231211 10942
20231026 10876
20231212 10943
20231026 10876
20231213 10944
20231026 10876
20231214 10938
20231026 10876
20231215 10952
20231026 10876
20231216 10926
20231217 10926
20231218 10936
20231219 10936
20231220 10927
20231219 10936
20231221 10917
20231219 10936
20231222 10952
20231219 10936
20231223 10954
20231219 10936
20231224 10949
20231219 10936
20231225 10953
20231219 10936
20231226 10867
20231219 10936
20231227 10947
20231219 10936
20231230 10943
20231219 10936
20231231 10939
20231219 10936
20240101 10944
20231219 10936
20240102 10947
20231219 10936
20240103 10955
20231219 10936
20240104 10948
20240105 10948
20240106 10938
20240105 10948
20240107 10929
20240105 10948
20240108 10932
20240109 10932
20240110 10923
20240109 10932
20240111 10912
20240109 10932
20240112 10914
20240109 10932
20240113 10917
20240109 10932
20240114 10924
20240109 10932
20240115 10917
20240109 10932
20240116 10918
20240117 10918
20240118 10911
20240119 10911
20240120 10904
20240119 10911
20240121 10909
20240119 10911
20240122 10899
20240119 10911
20240124 10890
20240119 10911
20240125 10886
20240119 10911
20240126 10880
20240119 10911
20240127 10866
20240119 10911
20240128 10857
20240119 10911
20240129 10849
20240119 10911
20240130 10843
20240131 10843
20240201 10838
20240131 10843
20240202 10849
20240131 10843
20240203 10851
20240131 10843
20240204 10856
20240131 10843
20240205 10857
20240131 10843
20240206 10864
20240131 10843
20240207 10865
20240131 10843
20240208 10864
20240131 10843
20240209 10861
20240131 10843
20240210 10860
20240131 10843
20240211 10849
20240131 10843
20240212 10844
20240131 10843
20240213 10842
20240131 10843
20240214 10834
20240131 10843
20240215 10825
20240131 10843
20240216 10798
20240131 10843
20240217 10735
20240131 10843
20240218 10662
20240131 10843
20240219 10676
20240131 10843
20240220 10642
20240131 10843
20240221 10641
20240131 10843
20240222 10646
20240131 10843
20240223 10652
20240131 10843
20240224 10644
20240131 10843
20240225 10637
20240131 10843
20240226 10646
20240131 10843
20240227 10648
20240131 10843
20240228 10658
20240131 10843
20240229 10643
20240131 10843
20240301 10640
20240131 10843
20240302 10603
20240131 10843
20240303 10608
20240131 10843
20240304 10602
20240131 10843
20240305 10591
20240131 10843
20240306 10498
20240131 10843
20240307 10497
20240131 10843
20240308 10447
20240131 10843
20240309 10405
20240131 10843
20240310 10404
20240131 10843
20240311 10374
20240131 10843
20240312 10350
20240131 10843
20240313 10339
20240131 10843
20240314 10280
20240131 10843
20240315 10246
20240131 10843
20240316 10157
20240131 10843
20240317 10106
20240131 10843
20240318 10002
20240131 10843
20240319 9926
20240131 10843
20240320 9911
20240131 10843
20240321 9910
20240131 10843
20240322 9900
20240131 10843
20240323 9862
20240131 10843
20240324 9848
20240131 10843
20240325 9841
20240131 10843
20240326 9837
20240131 10843
20240327 9832
20240131 10843
20240328 9782
20240131 10843
20240329 9775
20240131 10843
20240330 9776
20240131 10843
20240331 9770
20240131 10843
20240401 9776
20240131 10843
20240402 9767
20240131 10843
20240403 9751
20240131 10843
20240404 9706
20240131 10843
20240405 9697
20240131 10843
20240406 9674
20240131 10843
20240407 9666
20240131 10843
20240408 9655
20240409 9655
20240410 9665
20240409 9655
20240411 9661
20240409 9655
20240412 9670
20240409 9655
20240413 9661
20240409 9655
20240415 9652
20240409 9655
20240416 9648
20240409 9655
20240417 9613
20240409 9655
20240418 9593
20240409 9655
20240419 9587
20240409 9655
20240420 9565
20240409 9655
20240421 9564
20240409 9655
20240422 9566
20240409 9655
20240423 9560
20240409 9655
20240424 9528
20240409 9655
20240425 9511
20240409 9655
20240426 9488
20240409 9655
20240427 9468
20240409 9655
20240428 9444
20240409 9655
20240429 9429
20240409 9655
20240430 9430
20240409 9655
20240501 9428
20240409 9655
20240503 9417
20240409 9655
20240504 9400
20240409 9655
20240505 9402
20240409 9655
20240506 9397
20240409 9655
20240507 9392
20240409 9655
20240508 9394
20240409 9655
20240509 9392
20240409 9655
20240510 9386
20240409 9655
20240511 9391
20240409 9655
20240512 9390
20240409 9655
20240513 9388
20240409 9655
20240514 9384
20240409 9655
20240515 9403
20240409 9655
20240516 9417
20240409 9655
20240517 9419
20240409 9655
20240518 9428
20240519 9428
20240520 9426
20240519 9428
20240521 9415
20240522 9415
20240523 9409
20240522 9415
20240524 9410
20240526 9410
20240527 9404
20240526 9410
20240528 9399
20240526 9410
20240529 9398
20240526 9410
20240530 9397
20240526 9410
20240531 9393
20240526 9410
20240601 9396
20240526 9410
20240602 9397
20240526 9410
20240603 9395
20240526 9410
20240604 9391
20240526 9410
20240605 9395
20240526 9410
20240606 9399
20240526 9410
20240609 9391
20240526 9410
20240611 9388
20240526 9410
20240612 9385
20240613 9385
20240614 9388
20240613 9385
20240615 9333
20240613 9385
20240616 9359
20240613 9385
20240617 9369
20240618 9369
20240620 9256
20240618 9369
20240621 9358
20240618 9369
20240622 9365
20240618 9369
20240623 9358
20240618 9369
20240624 9355
20240618 9369
20240626 9387
20240618 9369
20240627 9391
20240618 9369
20240628 9401
20240618 9369
20240629 9396
20240618 9369
20240630 9394
20240618 9369
20240701 9396
20240618 9369
20240702 9352
20240618 9369
20240703 9353
20240618 9369
20240704 9349
20240618 9369
20240705 9360
20240618 9369
20240706 9357
20240618 9369
20240707 9352
20240618 9369
20240708 9339
20240618 9369
20240709 9331
20240618 9369
20240710 9337
20240618 9369
20240711 9327
20240618 9369
20240712 9333
20240713 9333
20240714 9338
20240713 9333
20240715 9336
20240713 9333
20240716 9341
20240713 9333
20240717 9320
20240713 9333
20240718 9324
20240713 9333
20240719 9326
20240713 9333
20240720 9327
20240713 9333
20240721 9447
20240713 9333
20240722 9359
20240713 9333
20240723 9367
20240724 9367
20240725 9312
20240726 9312
20240727 9324
20240726 9312
20240728 9339
20240726 9312
20240729 9345
20240726 9312
20240730 9346
20240726 9312
20240731 9344
20240726 9312
20240801 9352
20240726 9312
20240802 9369
20240726 9312
20240803 9371
20240726 9312
20240804 9373
20240726 9312
20240805 9383
20240726 9312
20240806 9377
20240726 9312
20240807 9375
20240726 9312
20240808 9376
20240726 9312
20240809 9375
20240726 9312
20240810 9389
20240726 9312
20240811 9435
20240726 9312
20240812 9452
20240726 9312
20240813 9449
20240726 9312
20240814 9475
20240726 9312
20240815 9506
20240726 9312
20240816 9509
20240726 9312
20240817 9504
20240726 9312
20240818 9510
20240726 9312
20240819 9502
20240726 9312
20240820 9512
20240726 9312
20240821 9509
20240726 9312
20240822 9507
20240726 9312
20240823 9512
20240726 9312
20240824 9514
20240726 9312
20240825 9512
20240726 9312
20240826 9516
20240726 9312
20240827 9512
20240726 9312
20240828 9515
20240726 9312
20240829 9514
20240726 9312
20240830 9525
20240726 9312
20240831 9526
20240726 9312
20240901 9519
20240726 9312
20240902 9529
20240726 9312
20240903 9537
20240726 9312
20240904 9531
20240726 9312
20240905 9538
20240726 9312
20240906 9545
20240726 9312
20240907 9548
20240726 9312
20240908 9540
20240726 9312
20240909 9528
20240726 9312
20240910 9508
20240726 9312
20240911 9499
20240726 9312
20240912 9420
20240726 9312
20240913 9414
20240726 9312
20240914 9401
20240726 9312
20240915 9406
20240726 9312
20240916 9411
20240726 9312
20240917 9409
20240726 9312
20240918 9410
20240919 9410
20240920 9421
20240919 9410
20240921 9422
20240919 9410
20240921 9424
20240922 9424
20240925 9425
20240922 9424
20240926 9365
20240922 9424
20240927 9355
20240927 9355
