20230707 736607
20230709 735156
20230710 727866
20230711 728288
20230712 728463
20230713 728903
20230714 729284
20230715 729785
20230730 729441
20230731 729350
20230801 729621
20230802 730076
20230803 730805
20230804 731684
20230805 732507
20230806 733450
20230807 733533
20230808 733857
20230809 734495
20230810 734625
20230811 735514
20230812 736211
20230813 736898
20230815 737937
20230816 738387
20230817 738817
20230818 740192
20230819 740555
20230820 741350
20230821 741311
20230822 741828
20230823 742361
20230824 742542
20230825 743158
20230826 744599
20230827 744784
20230828 744681
20230829 745376
20230830 745839
20230831 746239
20230901 746492
20230902 746429
20230903 746907
20230904 747228
20230905 747896
20230906 748132
20230907 747906
20230908 748073
20230909 748662
20230910 748401
20230911 748826
20230912 749325
20230913 749400
20230914 749594
20230915 750352
20230916 764429
20230917 764541
20230918 764843
20230919 768814
20230920 766536
20230921 767759
20230922 767905
20230923 768298
20230924 768418
20230925 768380
20230926 768532
20230927 768902
20230928 769454
20230929 770973
20230930 771169
20231001 771216
20231002 771797
20231003 772167
20231005 773702
20231007 775479
20231008 776398
20231009 777608
20231010 779675
20231011 781090
20231012 782517
20231013 783341
20231014 786156
20231015 786690
20231016 786734
20231017 791086
20231018 795556
20231019 796078
20231020 796655
20231021 797427
20231022 797709
20231023 798177
20231024 799102
20231025 799779
20231026 799949
20231027 800914
20231028 801370
20231029 801624
20231030 802414
20231031 802977
20231101 803389
20231102 802658
20231103 804385
20231104 805962
20231105 805939
20231106 807275
20231107 807742
20231108 809326
20231109 809540
20231110 810031
20231111 811477
20231112 811494
20231113 812671
20231114 813303
20231115 812817
20231116 813343
20231117 816273
20231118 818946
20231120 820793
20231121 825410
20231122 830227
20231123 834562
20231124 835155
20231125 835257
20231126 835520
20231127 834998
20231128 835496
20231129 836179
20231130 836177
20231201 836867
20231202 837229
20231203 837683
20231204 838094
20231205 838740
20231206 839544
20231207 839488
20231208 839980
20231209 840330
20231210 840487
20231211 841410
20231212 841683
20231213 841412
20231214 841715
20231215 841906
20231216 841646
20231217 841617
20231218 841782
20231219 841738
20231220 841526
20231221 841276
20231222 844116
20231223 844127
20231224 843759
20231225 843422
20231226 843142
20231227 843286
20231230 844469
20231231 844614
20240101 844733
20240102 844701
20240103 845045
20240104 845343
20240105 844523
20240106 844730
20240107 844947
20240108 844737
20240109 844332
20240110 844613
20240111 843709
20240112 844153
20240113 844895
20240114 845052
20240115 844742
20240116 845103
20240117 845651
20240118 845798
20240119 845684
20240120 846338
20240121 847267
20240122 847588
20240124 847764
20240125 848398
20240126 849581
20240127 850163
20240128 850161
