20230707 12459
20230709 12457
20230710 12455
20230711 12450
20230712 12462
20230713 12473
20230714 12473
20230715 12487
20230730 12542
20230731 12546
20230801 12553
20230802 12558
20230803 12559
20230804 12567
20230805 12562
20230806 12567
20230807 12562
20230808 12565
20230809 12566
20230810 12577
20230811 12578
20230812 12579
20230813 12570
20230815 12570
20230816 12569
20230817 12572
20230818 12583
20230819 12587
20230820 12587
20230821 12584
20230822 12579
20230823 12584
20230824 12581
20230825 12589
20230826 12587
20230827 12588
20230828 12585
20230829 12586
20230830 12595
20230831 12603
20230901 12596
20230902 12598
20230903 12599
20230904 12599
20230905 12602
20230906 12610
20230907 12613
20230908 12614
20230909 12612
20230910 12603
20230911 12607
20230912 12606
20230913 12611
20230914 12619
20230915 12615
20230916 12614
20230917 12603
20230918 12604
20230919 12606
20230920 11218
20230921 11226
