20230707 39
20230919 39
20230920 37
20240402 37
20240403 38
20240624 38
20240626 38
20240627 38
20240628 38
20240629 38
20240630 38
20240701 38
20240702 38
20240703 38
20240704 38
20240705 38
20240706 38
20240707 38
20240708 38
20240709 38
20240710 38
20240711 38
20240712 38
20240713 38
20240714 38
20240715 38
20240716 38
20240717 38
20240718 38
20240719 38
20240720 38
20240721 38
20240722 38
20240723 38
20240724 38
20240725 38
20240726 38
20240727 38
20240728 38
20240729 38
20240730 38
20240731 38
20240801 38
20240802 38
20240803 38
20240804 38
20240805 38
20240806 38
20240807 38
20240808 38
20240809 38
20240810 38
20240811 38
20240812 38
20240813 38
20240814 38
20240815 38
20240816 38
