20230707 7344
20230709 7344
20230710 7349
20230711 7349
20230712 7351
20230711 7349
20230713 7356
20230711 7349
20230714 7353
20230711 7349
20230715 7359
20230711 7349
20230730 7368
20230731 7368
20230801 7356
20230802 7356
20230803 7357
20230802 7356
20230804 7358
20230802 7356
20230805 7357
20230802 7356
20230806 7358
20230802 7356
20230807 7357
20230808 7357
20230809 7360
20230808 7357
20230810 7359
20230811 7359
20230812 7361
20230813 7361
20230815 7360
20230813 7361
20230816 7355
20230813 7361
20230817 7352
20230818 7352
20230819 7349
20230818 7352
20230820 7348
20230818 7352
20230821 7350
20230818 7352
20230822 7351
20230818 7352
20230823 7354
20230824 7354
20230825 7355
20230824 7354
20230826 7360
20230827 7360
20230828 7359
20230827 7360
20230829 7355
20230827 7360
20230830 7357
20230827 7360
20230831 7353
20230827 7360
20230901 7355
20230827 7360
20230902 7354
20230827 7360
20230903 7352
20230827 7360
20230904 7355
20230827 7360
20230905 7357
20230827 7360
20230906 7365
20230827 7360
20230907 7368
20230827 7360
20230908 7370
20230911 7370
20230912 7369
20230911 7370
20230913 7366
20230911 7370
20230914 7371
20230911 7370
20230915 7364
20230911 7370
20230916 7368
20230911 7370
20230917 7364
20230911 7370
20230918 7374
20230919 7374
20230920 5919
20230919 7374
20230921 5914
20230922 5914
20230923 5915
20230924 5914
20230922 5914
20230925 5912
20230922 5914
20230926 5913
20230922 5914
20230927 5911
20230922 5914
20230928 5909
20230929 5909
20230930 5907
20230929 5909
20231001 5906
20231003 5906
20231005 5907
20231003 5906
20231007 5912
20231003 5906
20231008 5910
20231009 5910
20231010 5909
20231009 5910
20231011 5913
20231012 5913
20231013 5919
20231016 5919
20231017 5923
20231016 5919
20231018 5922
20231019 5922
20231020 5923
20231019 5922
20231021 5924
20231019 5922
20231022 5923
20231019 5922
20231023 5919
20231019 5922
20231024 5921
20231025 5921
20231026 5919
20231025 5921
20231027 5920
20231028 5921
20231025 5921
20231029 5916
20231030 5916
20231031 5912
20231030 5916
20231101 5913
20231030 5916
20231102 5912
20231103 5912
20231104 5910
20231106 5910
20231107 5909
20231106 5910
20231108 5911
20231109 5911
20231110 5914
20231109 5911
20231111 5916
20231113 5916
20231114 5919
20231113 5916
20231115 5924
20231113 5916
20231116 5925
20231113 5916
20231117 5921
20231113 5916
20231118 5920
20231113 5916
20231120 5910
20231121 5910
20231122 5909
20231123 5910
20231121 5910
20231124 5908
20231121 5910
20231125 5905
20231121 5910
20231126 5904
20231121 5910
20231127 5902
20231128 5902
20231129 5901
20231130 5902
20231128 5902
20231201 5900
20231128 5902
20231202 5898
20231128 5902
20231203 5900
20231128 5902
20231204 5899
20231128 5902
20231205 5896
20231128 5902
20231206 5898
20231207 5898
20231208 5895
20231207 5898
20231209 5897
20231210 5898
20231207 5898
20231211 5895
20231207 5898
20231212 5863
20231207 5898
20231213 5861
20231207 5898
20231214 5860
20231207 5898
20231215 5859
20231207 5898
20231216 5856
20231207 5898
20231217 5855
20231207 5898
20231218 5854
20231219 5854
20231220 5857
20231219 5854
20231221 5859
20231219 5854
20231222 5857
20231219 5854
20231223 5858
20231224 5858
20231225 5854
20231224 5858
20231226 5852
20231227 5852
20231230 5850
20231227 5852
20231231 5851
20231227 5852
20240101 5849
20231227 5852
20240102 5850
20231227 5852
20240103 5849
20240104 5849
20240105 5847
20240104 5849
20240106 5848
20240104 5849
20240107 5840
20240104 5849
20240108 5839
20240104 5849
20240109 5842
20240104 5849
20240110 5845
20240104 5849
20240111 5847
20240104 5849
20240112 5848
20240113 5848
20240114 5849
20240113 5848
20240115 5851
20240113 5848
20240116 5850
20240113 5848
20240117 5844
20240119 5844
20240120 5841
20240119 5844
20240121 5839
20240119 5844
20240122 5834
20240119 5844
20240124 5825
20240119 5844
20240125 5827
20240119 5844
20240126 5830
20240119 5844
20240127 5827
20240119 5844
20240128 5826
20240119 5844
20240129 5827
20240119 5844
20240130 5819
20240119 5844
20240131 5822
20240119 5844
20240201 5823
20240119 5844
20240202 5818
20240119 5844
20240203 5815
20240119 5844
20240204 5813
20240206 5813
20240207 5814
20240206 5813
20240208 5816
20240206 5813
20240209 5819
20240206 5813
20240210 5822
20240206 5813
20240211 5823
20240206 5813
20240212 5821
20240206 5813
20240213 5814
20240206 5813
20240214 5817
20240206 5813
20240215 5815
20240206 5813
20240216 5814
20240206 5813
20240217 5816
20240218 5816
20240219 5809
20240218 5816
20240220 5805
20240218 5816
20240221 5803
20240218 5816
20240222 5804
20240218 5816
20240223 5803
20240224 5803
20240225 5801
20240224 5803
20240226 5799
20240224 5803
20240227 5796
20240224 5803
20240228 5788
20240224 5803
20240229 5785
20240224 5803
20240301 5784
20240302 5784
20240303 5777
20240302 5784
20240304 5765
20240302 5784
20240305 5755
20240302 5784
20240306 5752
20240302 5784
20240307 5748
20240302 5784
20240308 5747
20240302 5784
20240309 5748
20240302 5784
20240310 5736
20240311 5736
20240312 5735
20240311 5736
20240313 5731
20240311 5736
20240314 5729
20240311 5736
20240315 5732
20240311 5736
20240316 5727
20240311 5736
20240317 5728
20240311 5736
20240318 5726
20240311 5736
20240319 5727
20240320 5727
20240321 5726
20240322 5726
20240323 5725
20240322 5726
20240324 5724
20240322 5726
20240325 5717
20240326 5717
20240327 5719
20240326 5717
20240328 5723
20240330 5723
20240331 5721
20240402 5721
20240403 5719
20240404 5719
20240405 5718
20240404 5719
20240406 5721
20240407 5719
20240404 5719
20240408 5720
20240404 5719
20240409 5722
20240404 5719
20240410 5720
20240412 5720
20240413 5722
20240412 5720
20240415 5717
20240412 5720
20240416 5716
20240417 5716
20240418 5718
20240417 5716
20240419 5720
20240417 5716
20240420 5719
20240417 5716
20240421 5717
20240424 5717
20240425 5715
20240424 5717
20240426 5714
20240424 5717
20240427 5715
20240424 5717
20240428 5707
20240424 5717
20240429 5710
20240424 5717
20240430 5714
20240424 5717
20240501 5715
20240503 5715
20240504 5717
20240506 5717
20240507 5716
20240508 5717
20240509 5717
20240510 5716
20240509 5717
20240511 5714
20240512 5714
20240513 5713
20240514 5713
20240515 5712
20240516 5713
20240514 5713
20240517 5712
20240514 5713
20240518 5709
20240514 5713
20240519 5706
20240514 5713
20240520 5704
20240514 5713
20240521 5703
20240514 5713
20240522 5701
20240523 5701
20240524 5713
20240527 5713
20240528 5712
20240527 5713
20240529 5709
20240527 5713
20240530 5710
20240527 5713
20240531 5706
20240601 5706
20240602 5701
20240601 5706
20240603 5698
20240601 5706
20240604 5702
20240601 5706
20240605 5705
20240601 5706
20240606 5704
20240601 5706
20240609 5697
20240601 5706
20240611 5698
20240613 5698
20240614 5692
20240613 5698
20240615 5691
20240613 5698
20240616 5693
20240613 5698
20240617 5690
20240613 5698
20240618 5689
20240613 5698
20240620 5692
20240621 5692
20240622 5689
20240621 5692
20240623 5690
20240621 5692
20240624 5688
20240621 5692
20240626 5690
20240621 5692
20240627 5689
20240621 5692
20240628 5688
20240630 5688
20240701 5692
20240630 5688
20240702 5691
20240703 5691
20240704 5692
20240705 5692
20240706 5693
20240707 5692
20240708 5692
20240709 5694
20240708 5692
20240710 5696
20240708 5692
20240711 5694
20240713 5694
20240714 5693
20240713 5694
20240715 5695
20240713 5694
20240716 5691
20240713 5694
20240717 5690
20240713 5694
20240718 5691
20240713 5694
20240719 5688
20240713 5694
20240720 5685
20240721 5685
20240722 5682
20240721 5685
20240723 5681
20240724 5681
20240725 5679
20240727 5679
20240728 5677
20240731 5677
20240801 5676
20240731 5677
20240802 5675
20240804 5675
20240805 5676
20240806 5676
20240807 5677
20240809 5677
20240810 5676
20240809 5677
20240811 5675
20240812 5675
20240813 5677
20240812 5675
20240814 5678
20240812 5675
20240815 5679
20240812 5675
20240816 5681
20240812 5675
20240817 5680
20240812 5675
20240818 5681
20240820 5681
20240821 5683
20240823 5683
20240824 5685
20240825 5685
20240826 5680
20240825 5685
20240827 5679
20240825 5685
20240828 5684
20240825 5685
20240829 5687
20240825 5685
20240830 5686
20240825 5685
20240831 5688
20240825 5685
20240901 5687
20240902 5687
20240903 5686
20240902 5687
20240904 5689
20240905 5689
20240906 5686
20240905 5689
20240907 5685
20240905 5689
20240908 5687
20240905 5689
20240909 5686
20240905 5689
20240910 5685
20240905 5689
20240911 5687
20240905 5689
20240912 5688
20240905 5689
20240913 5684
20240905 5689
20240914 5683
20240905 5689
20240915 5681
20240916 5681
20240917 5686
20240916 5681
20240918 5687
20240916 5681
20240919 5683
20240916 5681
20240920 5684
20240921 5681
20240916 5681
20240921 5683
20240922 5681
20240916 5681
20240925 5685
20240926 5685
20240927 5687
20240926 5685
20240928 5684
20240930 5684
20241001 5685
20241002 5684
20241002 5684
