20230707 587943
20230710 588057
20230711 588639
20230712 589066
20230713 589470
20230714 589704
20230715 589775
20230716 589604
20230717 589743
20230718 590336
20230719 590762
20230720 591112
20230721 591357
20230722 591094
20230723 590640
20230724 590606
20230725 590538
20230726 590863
20230727 591116
20230728 591389
20230729 591606
20230730 591571
20230731 591690
20230801 591899
20230802 592176
20230803 592241
20230804 592291
20230805 592373
20230806 592365
20230807 592592
20230808 592790
20230809 592915
20230810 592966
20230811 593118
20230812 593268
20230813 593174
20230815 593657
20230816 593663
20230817 593805
20230818 593978
20230819 593905
20230820 593700
20230821 593656
20230822 593922
20230823 594385
20230824 594589
