20230707 1778
20230709 1778
20230710 1778
20230711 1778
20230712 1780
20230713 1779
20230714 1778
20230715 1777
20230730 1777
20230731 1778
20230801 1780
20230802 1783
20230803 1783
20230804 1782
20230805 1781
20230806 1781
20230807 1780
20230808 1781
20230809 1783
20230810 1783
20230811 1787
20230812 1786
20230813 1786
20230815 1787
20230816 1785
20230817 1785
20230818 1785
20230819 1787
20230820 1787
20230821 1787
20230822 1787
20230823 1787
20230824 1784
20230825 1784
20230826 1782
20230827 1782
20230828 1783
20230829 1783
20230830 1785
20230831 1786
20230901 1784
20230902 1784
20230903 1784
20230904 1785
20230905 1786
20230906 1786
20230907 1784
20230908 1779
20230909 1780
20230910 1782
20230911 1782
20230912 1782
20230913 1787
20230914 1787
20230915 1788
20230916 1789
20230917 1789
20230918 1788
20230919 1791
20230920 1741
20230921 1739
20230922 1739
