20230707 5374
20230709 5374
20230710 5377
20230709 5374
20230711 5384
20230709 5374
20230712 5383
20230709 5374
20230713 5388
20230709 5374
20230714 5390
20230709 5374
20230715 5392
20230709 5374
20230730 5390
20230709 5374
20230731 5392
20230709 5374
20230801 5391
20230709 5374
20230802 5390
20230709 5374
20230803 5396
20230709 5374
20230804 5393
20230709 5374
20230805 5397
20230709 5374
20230806 5390
20230709 5374
20230807 5389
20230808 5389
20230809 5386
20230808 5389
20230810 5390
20230808 5389
20230811 5388
20230808 5389
20230812 5386
20230813 5386
20230815 5388
20230813 5386
20230816 5389
20230813 5386
20230817 5383
20230813 5386
20230818 5391
20230813 5386
20230819 5387
20230813 5386
20230820 5389
20230821 5386
20230813 5386
20230822 5392
20230813 5386
20230823 5387
20230813 5386
20230824 5390
20230813 5386
20230825 5401
20230813 5386
20230826 5404
20230827 5404
20230828 5399
20230827 5404
20230829 5397
20230827 5404
20230830 5394
20230827 5404
20230831 5391
20230827 5404
20230901 5387
20230902 5387
20230903 5385
20230902 5387
20230904 5389
20230902 5387
20230905 5388
20230902 5387
20230906 5384
20230902 5387
20230907 5379
20230902 5387
20230908 5368
20230909 5368
20230910 5359
20230909 5368
20230911 5355
20230909 5368
20230912 5356
20230909 5368
20230913 5344
20230909 5368
20230914 5341
20230915 5341
20230916 5339
20230917 5339
20230918 5340
20230917 5339
20230919 5343
20230917 5339
20230920 4941
20230917 5339
20230921 4939
20230917 5339
20230922 4937
20230917 5339
20230923 4935
20230917 5339
20230924 4940
20230917 5339
20230925 4967
20230917 5339
20230926 4962
20230917 5339
20230927 4960
20230917 5339
20230928 4958
20230917 5339
20230929 4954
20230917 5339
20230930 4956
20230917 5339
20231001 4958
20230917 5339
20231002 4961
20230917 5339
20231003 4960
20230917 5339
20231005 4958
20230917 5339
20231007 4957
20230917 5339
20231008 4958
20230917 5339
20231009 4965
20230917 5339
20231010 4969
20230917 5339
20231011 4961
20230917 5339
20231012 4957
20230917 5339
20231013 4951
20230917 5339
20231014 4947
20230917 5339
20231015 4950
20230917 5339
20231016 4949
20230917 5339
20231017 4946
20230917 5339
20231018 4945
20230917 5339
20231019 4957
20231020 4957
20231021 4946
20231020 4957
20231022 4936
20231023 4936
20231024 4931
20231023 4936
20231025 4934
20231023 4936
20231026 4931
20231023 4936
20231027 4932
20231023 4936
20231028 4930
20231023 4936
20231029 4932
20231023 4936
20231030 4920
20231023 4936
20231031 4919
20231023 4936
20231101 4924
20231023 4936
20231102 4920
20231023 4936
20231103 4918
20231023 4936
20231104 4919
20231023 4936
20231105 4916
20231023 4936
20231106 4913
20231023 4936
20231107 4907
20231023 4936
20231108 4901
20231023 4936
20231109 4900
20231023 4936
20231110 4893
20231023 4936
20231111 4885
20231023 4936
20231112 4865
20231023 4936
20231113 4855
20231023 4936
20231114 4839
20231023 4936
20231115 4831
20231023 4936
20231116 4821
20231023 4936
20231117 4818
20231023 4936
20231118 4776
20231023 4936
20231120 4770
20231023 4936
20231121 4769
20231023 4936
20231122 4766
20231023 4936
20231123 4765
20231023 4936
20231124 4759
20231023 4936
20231125 4754
20231023 4936
20231126 4749
20231023 4936
20231127 4748
20231023 4936
20231128 4752
20231129 4752
20231130 4753
20231129 4752
20231201 4751
20231202 4752
20231129 4752
20231203 4750
20231129 4752
20231204 4741
20231129 4752
20231205 4737
20231129 4752
20231206 4741
20231129 4752
20231207 4745
20231129 4752
20231208 4746
20231129 4752
20231209 4747
20231129 4752
20231210 4766
20231129 4752
20231211 4763
20231129 4752
20231212 4765
20231129 4752
20231213 4785
20231214 4785
20231215 4787
20231214 4785
20231216 4794
20231214 4785
20231217 4789
20231219 4789
20231220 4792
20231219 4789
20231221 4782
20231219 4789
20231222 4781
20231219 4789
20231223 4774
20231219 4789
20231224 4777
20231219 4789
20231225 4772
20231219 4789
20231226 4777
20231219 4789
20231227 4776
20231219 4789
20231230 4775
20231219 4789
20231231 4773
20231219 4789
20240101 4769
20231219 4789
20240102 4764
20231219 4789
20240103 4756
20231219 4789
20240104 4758
20231219 4789
20240105 4741
20231219 4789
20240106 4726
20231219 4789
20240107 4695
20231219 4789
20240108 4682
20231219 4789
20240109 4675
20240110 4675
20240111 4679
20240110 4675
20240112 4674
20240113 4675
20240110 4675
20240114 4677
20240110 4675
20240115 4678
20240110 4675
20240116 4680
20240110 4675
20240117 4681
20240110 4675
20240118 4679
20240110 4675
20240119 4684
20240110 4675
20240120 4682
20240110 4675
20240121 4681
20240110 4675
20240122 4678
20240110 4675
20240124 4680
20240110 4675
20240125 4686
20240110 4675
20240126 4685
20240110 4675
20240127 4691
20240110 4675
20240128 4693
20240110 4675
20240129 4695
20240110 4675
20240130 4700
20240110 4675
20240131 4706
20240110 4675
20240201 4709
20240110 4675
20240202 4710
20240110 4675
20240203 4715
20240110 4675
20240204 4713
20240110 4675
20240205 4714
20240110 4675
20240206 4717
20240110 4675
20240207 4722
20240110 4675
20240208 4721
20240110 4675
20240209 4716
20240110 4675
20240210 4717
20240110 4675
20240211 4718
20240213 4718
20240214 4721
20240213 4718
20240215 4723
20240213 4718
20240216 4708
20240213 4718
20240217 4706
20240218 4706
20240219 4709
20240218 4706
20240220 4713
20240218 4706
20240221 4711
20240218 4706
20240222 4716
20240218 4706
20240223 4715
20240218 4706
20240224 4714
20240218 4706
20240225 4712
20240218 4706
20240226 4713
20240218 4706
20240227 4715
20240218 4706
20240228 4716
20240218 4706
20240229 4723
20240301 4723
20240302 4727
20240301 4723
20240303 4726
20240301 4723
20240304 4725
20240301 4723
20240305 4721
20240301 4723
20240306 4732
20240301 4723
20240307 4735
20240301 4723
20240308 4732
20240301 4723
20240309 4730
20240301 4723
20240310 4736
20240301 4723
20240311 4742
20240301 4723
20240312 4751
20240301 4723
20240313 4756
20240301 4723
20240314 4760
20240301 4723
20240315 4772
20240301 4723
20240316 4769
20240301 4723
20240317 4771
20240301 4723
20240318 4772
20240301 4723
20240319 4775
20240301 4723
20240320 4776
20240321 4776
20240322 4780
20240321 4776
20240323 4781
20240321 4776
20240324 4783
20240321 4776
20240325 4787
20240321 4776
20240326 4786
20240321 4776
20240327 4790
20240328 4790
20240329 4797
20240328 4790
20240330 4796
20240328 4790
20240331 4799
20240328 4790
20240401 4797
20240402 4797
20240403 4800
20240402 4797
20240404 4793
20240405 4793
20240406 4788
20240405 4793
20240407 4789
20240405 4793
20240408 4785
20240405 4793
20240409 4792
20240405 4793
20240410 4794
20240411 4793
20240405 4793
20240412 4792
20240405 4793
20240413 4791
20240405 4793
20240415 4789
20240405 4793
20240416 4791
20240405 4793
20240417 4799
20240405 4793
20240418 4797
20240405 4793
20240419 4794
20240405 4793
20240420 4800
20240405 4793
20240421 4806
20240405 4793
20240422 4805
20240405 4793
20240423 4811
20240405 4793
20240424 4803
20240405 4793
20240425 4801
20240405 4793
20240426 4802
20240405 4793
20240427 4806
20240405 4793
20240428 4809
20240405 4793
20240429 4810
20240405 4793
20240430 4817
20240405 4793
20240501 4809
20240405 4793
20240503 4819
20240405 4793
20240504 4824
20240405 4793
20240505 4840
20240405 4793
20240506 4833
20240405 4793
20240507 4851
20240405 4793
20240508 4859
20240405 4793
20240509 4865
20240405 4793
20240510 4868
20240405 4793
20240511 4867
20240405 4793
20240512 4869
20240405 4793
20240513 4868
20240514 4868
20240515 4874
20240514 4868
20240516 4876
20240514 4868
20240517 4881
20240514 4868
20240518 4887
20240514 4868
20240519 4885
20240514 4868
20240520 4882
20240514 4868
20240521 4886
20240514 4868
20240522 4889
20240514 4868
20240523 4896
20240514 4868
20240524 4895
20240514 4868
20240525 4903
20240514 4868
20240526 4909
20240514 4868
20240527 4931
20240514 4868
20240528 4940
20240514 4868
20240529 4937
20240514 4868
20240530 4944
20240514 4868
20240531 4960
20240514 4868
20240601 4975
20240514 4868
20240602 4981
20240514 4868
20240603 4985
20240514 4868
20240604 4992
20240514 4868
20240605 4997
20240514 4868
20240606 5003
20240514 4868
20240609 4998
20240514 4868
20240611 5041
20240514 4868
20240612 5046
20240514 4868
20240613 5048
20240514 4868
20240614 5051
20240615 5051
20240616 5046
20240615 5051
20240617 5048
20240615 5051
20240618 5053
20240615 5051
20240620 5065
20240615 5051
20240621 5079
20240615 5051
20240622 5080
20240615 5051
20240623 5078
20240615 5051
20240624 5082
20240615 5051
20240626 5088
20240615 5051
20240627 5097
20240615 5051
20240628 5099
20240615 5051
20240629 5105
20240615 5051
20240630 5109
20240615 5051
20240701 5108
20240615 5051
20240702 5114
20240615 5051
20240703 5150
20240704 5150
20240705 5151
20240704 5150
20240706 5156
20240704 5150
20240707 5172
20240704 5150
20240708 5181
20240704 5150
20240709 5185
20240704 5150
20240710 5198
20240704 5150
20240711 5217
20240704 5150
20240712 5238
20240704 5150
20240713 5249
20240704 5150
20240714 5264
20240704 5150
20240715 5271
20240704 5150
20240716 5284
20240704 5150
20240717 5312
20240704 5150
20240718 5320
20240704 5150
20240719 5336
20240704 5150
20240720 5350
20240704 5150
20240721 5361
20240704 5150
20240722 5384
20240704 5150
20240723 5409
20240724 5409
20240725 5471
20240724 5409
20240726 5518
20240724 5409
20240727 5550
20240724 5409
20240728 5565
20240724 5409
20240729 5569
20240724 5409
20240730 5577
20240724 5409
20240731 5595
20240724 5409
20240801 5609
20240724 5409
20240802 5620
20240724 5409
20240803 5630
20240724 5409
20240804 5635
20240724 5409
20240805 5650
20240724 5409
20240806 5656
20240724 5409
20240807 5669
20240724 5409
20240808 5684
20240724 5409
20240809 5701
20240724 5409
20240810 5704
20240724 5409
20240811 5711
20240724 5409
20240812 5715
20240724 5409
20240813 5719
20240724 5409
20240814 5730
20240724 5409
20240815 5728
20240724 5409
20240816 5736
20240724 5409
20240817 5747
20240724 5409
20240818 5753
20240724 5409
20240819 5765
20240724 5409
20240820 5770
20240724 5409
20240821 5776
20240724 5409
20240822 5791
20240724 5409
20240823 5799
20240724 5409
20240824 5809
20240724 5409
20240825 5811
20240724 5409
20240826 5815
20240724 5409
20240827 5818
20240724 5409
20240828 5832
20240724 5409
20240829 5843
20240724 5409
20240830 5849
20240724 5409
20240831 5855
20240724 5409
20240901 5857
20240724 5409
20240902 5863
20240724 5409
20240903 5874
20240724 5409
20240904 5882
20240724 5409
20240905 5894
20240724 5409
20240906 5905
20240724 5409
20240907 5913
20240724 5409
20240908 5911
20240724 5409
20240909 5917
20240724 5409
20240910 5936
20240724 5409
20240911 5950
20240724 5409
20240912 5964
20240724 5409
20240913 5968
20240724 5409
20240914 5976
20240724 5409
20240915 5978
20240724 5409
20240916 5984
20240724 5409
20240917 5988
20240724 5409
20240918 6006
20240724 5409
20240919 6014
20240724 5409
20240920 6028
20240724 5409
20240921 6032
20240724 5409
20240921 6037
20240922 6037
20240925 6038
20240925 6038
