20230707 4109
20230709 4111
20230710 4091
20230711 4087
20230712 4086
20230714 4086
20230715 4087
20230714 4086
20230730 4090
20230802 4090
20230803 4091
20230809 4091
20230810 4090
20230809 4091
20230811 4089
20230809 4091
20230812 4090
20230809 4091
20230813 4092
20230809 4091
20230815 4098
20230809 4091
20230816 4117
20230809 4091
20230817 4123
20230809 4091
20230818 4122
20230820 4122
20230821 4107
20230822 4107
20230823 4106
20230824 4106
20230825 4107
20230826 4106
20230827 4106
20230828 4107
20230831 4107
20230901 4108
20230902 4108
20230903 4109
20230905 4109
20230906 4108
20230905 4109
20230907 4107
20230908 4107
20230909 4106
20230908 4107
20230910 4105
20230912 4105
20230913 4103
20230914 4103
20230915 4102
20230919 4102
20230920 4092
20230919 4102
20230921 4090
20230919 4102
20230922 4103
20230923 4103
20230924 4104
20230925 4104
20230926 4103
20230927 4104
20230928 4104
20230929 4103
20231001 4103
20231002 4102
20231003 4102
20231005 4104
20231003 4102
20231007 4103
20231003 4102
20231008 4104
20231009 4104
20231010 4105
20231012 4105
20231013 4104
20231012 4105
20231014 4103
20231012 4105
20231015 4098
20231012 4105
20231016 4099
20231012 4105
20231017 4098
20231012 4105
20231018 4102
20231012 4105
20231019 4103
20231012 4105
20231020 4104
20231021 4104
20231022 4101
20231023 4101
20231024 4100
20231028 4100
20231029 4101
20231103 4101
20231104 4100
20231103 4101
20231105 4098
20231103 4101
20231106 4099
20231103 4101
20231107 4098
20231103 4101
20231108 4099
20231103 4101
20231109 4098
20231115 4098
20231116 4097
20231117 4097
20231118 4096
20231117 4097
20231120 4095
20231122 4095
20231123 4096
20231122 4095
20231124 4103
20231125 4103
20231126 4102
20231127 4102
20231128 4103
20231127 4102
20231129 4104
20231127 4102
20231130 4103
20231201 4103
20231202 4105
20231203 4105
20231204 4104
20231207 4104
20231208 4103
20231209 4104
20231207 4104
20231210 4129
20231207 4104
20231211 4133
20231207 4104
20231212 4137
20231207 4104
20231213 4161
20231207 4104
20231214 4160
20231207 4104
20231215 4162
20231207 4104
20231216 4165
20231207 4104
20231217 4164
20231219 4164
20231220 4157
20231219 4164
20231221 4155
20231219 4164
20231222 4150
20231219 4164
20231223 4147
20231219 4164
20231224 4144
20231219 4164
20231225 4148
20231219 4164
20231226 4139
20231219 4164
20231227 4111
20231219 4164
20231230 4108
20231219 4164
20231231 4106
20231219 4164
20240101 4040
20231219 4164
20240102 4038
20231219 4164
20240103 4033
20231219 4164
20240104 4032
20231219 4164
20240105 4007
20231219 4164
20240106 4004
20231219 4164
20240107 4001
20231219 4164
20240108 3996
20231219 4164
20240109 3992
20231219 4164
20240110 3990
20231219 4164
20240111 3987
20231219 4164
20240112 3983
20231219 4164
20240113 3978
20231219 4164
20240114 3972
20231219 4164
20240115 3976
20231219 4164
20240116 3974
20231219 4164
20240117 3971
20231219 4164
20240118 3969
20231219 4164
20240119 3967
20231219 4164
20240120 3965
20231219 4164
20240121 3963
20231219 4164
20240122 3965
20231219 4164
20240124 3961
20231219 4164
20240125 3956
20231219 4164
20240126 3944
20231219 4164
20240127 3947
20231219 4164
20240128 3948
20231219 4164
20240129 3949
20231219 4164
20240130 3952
20231219 4164
20240131 3956
20231219 4164
20240201 3958
20231219 4164
20240202 3959
20231219 4164
20240203 3956
20240204 3956
20240205 3953
20240204 3956
20240206 3947
20240204 3956
20240207 3953
20240204 3956
20240208 3948
20240204 3956
20240209 3945
20240204 3956
20240210 3944
20240204 3956
20240211 3942
20240204 3956
20240212 3941
20240204 3956
20240213 3940
20240204 3956
20240214 3939
20240204 3956
20240215 3935
20240204 3956
20240216 3933
20240204 3956
20240217 3930
20240204 3956
20240218 3929
20240204 3956
20240219 3926
20240204 3956
20240220 3923
20240204 3956
20240221 3917
20240204 3956
20240222 3915
20240204 3956
20240223 3914
20240204 3956
20240224 3906
20240204 3956
20240225 3890
20240226 3890
20240227 3888
20240226 3890
20240228 3886
20240301 3886
20240302 3885
20240301 3886
20240303 3880
20240301 3886
20240304 3851
20240301 3886
20240305 3820
20240301 3886
20240306 3824
20240301 3886
20240307 3858
20240301 3886
20240308 3857
20240301 3886
20240309 3856
20240301 3886
20240310 3838
20240301 3886
20240311 3848
20240301 3886
20240312 3839
20240301 3886
20240313 3847
20240301 3886
20240314 3849
20240301 3886
20240315 3844
20240301 3886
20240316 3838
20240317 3838
20240318 3839
20240317 3838
20240319 3849
20240317 3838
20240320 3839
20240317 3838
20240321 3840
20240317 3838
20240322 3853
20240317 3838
20240323 3866
20240317 3838
20240324 3861
20240317 3838
20240325 3866
20240326 3866
20240327 3848
20240326 3866
20240328 3841
20240326 3866
20240329 3838
20240326 3866
20240330 3854
20240326 3866
20240331 3858
20240326 3866
20240401 3854
20240326 3866
20240402 3850
20240326 3866
20240403 3843
20240326 3866
20240404 3820
20240326 3866
20240405 3800
20240326 3866
20240406 3756
20240326 3866
20240407 3714
20240326 3866
20240408 3682
20240326 3866
20240409 3656
20240326 3866
20240410 3663
20240326 3866
20240411 3621
20240326 3866
20240412 3591
20240326 3866
20240413 3553
20240326 3866
20240415 3455
20240326 3866
20240416 3390
20240326 3866
20240417 3368
20240326 3866
20240418 3315
20240326 3866
20240419 3265
20240326 3866
20240420 3208
20240326 3866
20240421 3147
20240326 3866
20240422 3112
20240326 3866
20240423 3079
20240326 3866
20240424 3045
20240326 3866
20240425 3073
20240326 3866
20240426 3076
20240326 3866
20240427 3058
20240326 3866
20240428 3039
20240326 3866
20240429 3020
20240326 3866
20240430 2990
20240326 3866
20240501 2958
20240326 3866
20240503 2908
20240326 3866
20240504 2898
20240326 3866
20240505 2868
20240326 3866
20240506 2809
20240326 3866
20240507 2765
20240326 3866
20240508 2722
20240326 3866
20240509 2695
20240326 3866
20240510 2625
20240326 3866
20240511 2579
20240326 3866
20240512 2547
20240326 3866
20240513 2505
20240326 3866
20240514 2461
20240326 3866
20240515 2397
20240326 3866
20240516 2349
20240326 3866
20240517 2271
20240326 3866
20240518 2233
20240326 3866
20240519 2189
20240326 3866
20240520 2158
20240326 3866
20240521 2130
20240326 3866
20240522 2090
20240326 3866
20240523 2050
20240326 3866
20240524 1989
20240326 3866
20240525 1952
20240326 3866
20240526 1919
20240326 3866
20240527 1908
20240326 3866
20240528 1885
20240326 3866
20240529 1861
20240326 3866
20240530 1854
20240326 3866
20240531 1809
20240326 3866
20240601 1767
20240326 3866
20240602 1747
20240326 3866
20240603 1699
20240326 3866
20240604 1678
20240326 3866
20240605 1673
20240326 3866
20240606 1643
20240326 3866
20240609 1628
20240326 3866
20240611 1595
20240326 3866
20240612 1580
20240613 1580
20240614 1562
20240613 1580
20240615 1556
20240613 1580
20240616 1548
20240613 1580
20240617 1539
20240613 1580
20240618 1536
20240613 1580
20240620 1521
20240621 1521
20240622 1520
20240621 1521
20240623 1519
20240624 1519
20240626 1516
20240624 1519
20240627 1513
20240624 1519
20240628 1509
20240624 1519
20240629 1505
20240624 1519
20240630 1494
20240624 1519
20240701 1493
20240624 1519
20240702 1505
20240704 1505
20240705 1507
20240704 1505
20240706 1510
20240704 1505
20240707 1512
20240709 1512
20240710 1513
20240711 1512
20240709 1512
20240712 1513
20240709 1512
20240713 1514
20240709 1512
20240714 1513
20240715 1513
20240716 1516
20240717 1516
20240718 1517
20240719 1516
20240717 1516
20240720 1517
20240717 1516
20240721 1518
20240722 1516
20240717 1516
20240723 1455
20240724 1455
20240725 1283
20240724 1455
20240726 1179
20240724 1455
20240727 1098
20240724 1455
20240728 986
20240724 1455
20240729 888
20240724 1455
20240730 789
20240724 1455
20240731 675
20240724 1455
20240801 625
20240724 1455
20240802 592
20240724 1455
20240803 590
20240804 590
20240805 585
20240804 590
20240806 580
20240804 590
20240807 575
20240804 590
20240808 578
20240804 590
20240809 582
20240804 590
20240810 583
20240812 583
20240813 581
20240812 583
20240814 582
20240815 583
20240812 583
20240816 581
20240817 581
20240818 580
20240817 581
20240819 582
20240820 581
20240817 581
20240821 579
20240817 581
20240822 580
20240823 580
20240824 578
20240823 580
20240825 579
20240823 580
20240826 577
20240823 580
20240827 574
20240823 580
20240828 577
20240829 577
20240830 576
20240831 577
20240829 577
20240901 582
20240829 577
20240902 586
20240829 577
20240903 590
20240829 577
20240904 593
20240829 577
20240905 596
20240829 577
20240906 597
20240829 577
20240907 599
20240908 599
20240909 600
20240908 599
20240910 603
20240908 599
20240911 604
20240912 604
20240913 605
20240914 604
20240912 604
20240915 606
20240912 604
20240916 608
20240917 608
20240918 609
20240917 608
20240919 610
20240920 610
20240921 613
20240920 610
20240921 615
20240922 615
20240925 609
20240922 615
20240926 604
20240922 615
20240927 594
20240922 615
20240928 588
20240922 615
20240929 587
20240929 587
