20230707 3194
20230709 3173
20230710 3173
20230711 3171
20230712 3169
20230713 3168
20230714 3171
20230715 3175
20230730 3232
20230731 3250
20230801 3263
20230802 3271
20230803 3268
20230804 3268
20230805 3278
20230806 3279
20230807 3278
20230808 3280
20230809 3281
20230810 3281
20230811 3280
20230812 3281
20230813 3283
20230815 3285
20230816 3287
20230817 3295
20230818 3296
20230819 3301
20230820 3300
20230821 3298
20230822 3300
20230823 3297
20230824 3295
20230825 3291
20230826 3292
20230827 3296
20230828 3297
20230829 3296
20230830 3297
20230831 3302
20230901 3304
20230902 3302
20230903 3300
20230904 3301
20230905 3303
20230906 3305
