20230922 1776
20230924 1782
20230925 1783
20230926 1781
20230927 1781
20230928 1782
20230929 1784
20230930 1783
20231001 1783
20231002 1783
20231003 1783
20231005 1784
20231007 1783
20231008 1783
20231009 1783
20231010 1783
20231011 1783
20231012 1782
20231013 1782
20231014 1783
20231015 1783
20231016 1783
20231017 1783
20231018 1783
20231019 1783
20231020 1782
20231021 1782
20231022 1783
20231023 1781
20231024 1782
20231025 1782
20231026 1784
20231027 1783
20231028 1783
20231029 1784
20231030 1783
20231031 1783
20231101 1783
20231102 1783
20231103 1780
20231104 1779
20231105 1779
20231106 1780
20231107 1780
20231108 1780
20231109 1781
20231110 1781
