20230707 13481
20230709 13473
20230710 13468
20230711 13474
20230712 13474
20230713 13473
20230714 13473
20230715 13465
20230730 13441
20230731 13436
20230801 13440
20230802 13431
20230803 13420
20230804 13417
20230805 13410
20230806 13407
20230807 13406
20230808 13410
20230809 13409
20230810 13415
20230811 13414
20230812 13424
20230813 13421
20230815 13419
20230816 13421
20230817 13416
20230818 13411
20230819 13410
20230820 13411
20230821 13412
20230822 13403
20230823 13405
20230824 13402
20230825 13399
20230826 13401
20230827 13395
20230828 13391
20230829 13392
20230830 13393
20230831 13396
20230901 13398
20230902 13402
20230903 13400
20230904 13398
20230905 13387
20230906 13391
20230907 13387
