20230707 25
20230919 25
20230920 23
20240130 23
20240131 24
20240624 24
20240626 24
20240627 24
20240628 24
20240629 24
20240630 24
20240701 24
20240702 24
20240703 24
20240704 24
20240705 24
20240706 24
20240707 24
20240708 24
20240709 24
20240710 24
20240711 24
20240712 24
20240713 24
20240714 24
20240715 24
20240716 24
20240717 24
20240718 24
20240719 24
20240720 24
20240721 24
20240722 24
20240723 24
20240724 24
20240725 24
20240726 24
20240727 24
20240728 24
20240729 24
20240730 24
20240731 24
20240801 24
20240802 24
20240803 24
20240804 24
20240805 24
20240806 24
20240807 24
20240808 24
20240809 24
20240810 24
20240811 24
20240812 24
20240813 24
20240814 24
20240815 24
20240816 24
20240817 24
20240818 24
20240819 24
20240820 24
20240821 24
20240822 24
20240823 24
20240824 24
20240825 24
20240826 24
20240827 24
20240828 24
20240829 24
20240830 24
20240831 24
20240901 24
20240902 24
20240903 24
20240904 24
20240905 24
20240906 24
20240907 24
20240908 24
20240909 24
20240910 24
20240911 24
20240912 24
20240913 24
20240914 24
20240915 24
20240916 24
20240917 24
