20230707 48663
20230709 48661
20230710 48624
20230711 48587
20230712 48527
20230713 48523
20230714 48531
20230715 48503
20230730 48673
20230731 48686
20230801 48689
20230802 48690
20230803 48565
20230804 48600
20230805 48585
20230806 48568
20230807 48196
20230808 48093
20230809 48002
20230810 47928
20230811 47895
20230812 47806
20230813 47759
20230815 47693
20230816 47733
20230817 47715
20230818 47726
20230819 47694
20230820 47663
20230821 47641
20230822 47601
20230823 47589
20230824 47564
20230825 47544
20230826 47528
20230827 47497
20230828 47468
20230829 47424
20230830 47388
20230831 47376
20230901 47384
20230902 47379
20230903 47352
20230904 47337
20230905 47309
20230906 47320
20230907 47326
20230908 47291
20230909 47305
20230910 47271
20230911 47271
20230912 47219
20230911 47271
20230913 47186
20230911 47271
20230914 47180
20230911 47271
20230915 47171
20230911 47271
20230916 47158
20230911 47271
20230917 47126
20230911 47271
20230918 47103
20230911 47271
20230919 47071
20230911 47271
20230920 46929
20230911 47271
20230921 46935
20230911 47271
20230922 46910
20230911 47271
20230923 46858
20230911 47271
20230924 46815
20230911 47271
20230925 46795
20230911 47271
20230926 46783
20230911 47271
20230927 46785
20230911 47271
20230928 46748
20230911 47271
20230929 46734
20230911 47271
20230930 46643
20230911 47271
20231001 46614
20230911 47271
20231002 46604
20230911 47271
20231003 46625
20230911 47271
20231005 46584
20230911 47271
20231007 46613
20230911 47271
20231008 46618
20230911 47271
20231009 46629
20230911 47271
20231010 46610
20230911 47271
20231011 46598
20230911 47271
20231012 46589
20230911 47271
20231013 46573
20230911 47271
20231014 46535
20230911 47271
20231015 46531
20230911 47271
20231016 46532
20230911 47271
20231017 46504
20230911 47271
20231018 46503
20230911 47271
20231019 46451
20230911 47271
20231020 46438
20230911 47271
20231021 46348
20230911 47271
20231022 46335
20230911 47271
20231023 46317
20230911 47271
20231024 46281
20230911 47271
20231025 46270
20230911 47271
20231026 46242
20230911 47271
20231027 46237
20230911 47271
20231028 46218
20230911 47271
20231029 46214
20230911 47271
20231030 46207
20230911 47271
20231031 46188
20230911 47271
20231101 46165
20230911 47271
20231102 46145
20230911 47271
20231103 46124
20230911 47271
20231104 46140
20230911 47271
20231105 46113
20230911 47271
20231106 46114
20230911 47271
20231107 46115
20230911 47271
20231108 46128
20230911 47271
20231109 46145
20230911 47271
20231110 46146
20230911 47271
20231111 46145
20230911 47271
20231112 46137
20230911 47271
20231113 46135
20230911 47271
20231114 46123
20230911 47271
20231115 46120
20230911 47271
20231116 46109
20230911 47271
20231117 46116
20230911 47271
20231118 46102
20230911 47271
20231120 46071
20230911 47271
20231121 46045
20230911 47271
20231122 46062
20230911 47271
20231123 46053
20230911 47271
20231124 46057
20230911 47271
20231125 46045
20230911 47271
20231126 46040
20230911 47271
20231127 46022
20230911 47271
20231128 46015
20230911 47271
20231129 45972
20230911 47271
20231130 45961
20230911 47271
20231201 45985
20230911 47271
20231202 45893
20230911 47271
20231203 45874
20230911 47271
20231204 45855
20230911 47271
20231205 45839
20230911 47271
20231206 45860
20230911 47271
20231207 45823
20230911 47271
20231208 45793
20230911 47271
20231209 45746
20230911 47271
20231210 45736
20230911 47271
20231211 45711
20230911 47271
20231212 45699
20230911 47271
20231213 45683
20231215 45683
20231216 45672
20231215 45683
20231217 45665
20231215 45683
20231218 45632
20231215 45683
20231219 45610
20231215 45683
20231220 45598
20231215 45683
20231221 45582
20231215 45683
20231222 45569
20231215 45683
20231223 45561
20231215 45683
20231224 45550
20231215 45683
20231225 45542
20231215 45683
20231226 45501
20231215 45683
20231227 45467
20231215 45683
20231230 45343
20231215 45683
20231231 45262
20231215 45683
20240101 45206
20231215 45683
20240102 45147
20231215 45683
20240103 45123
20231215 45683
20240104 45102
20231215 45683
20240105 45009
20231215 45683
20240106 45021
20231215 45683
20240107 45001
20231215 45683
20240108 44951
20231215 45683
20240109 44892
20231215 45683
20240110 44882
20231215 45683
20240111 44699
20231215 45683
20240112 44626
20231215 45683
20240113 44537
20231215 45683
20240114 44486
20231215 45683
20240115 44350
20231215 45683
20240116 44300
20231215 45683
20240117 44305
20231215 45683
20240118 44258
20231215 45683
20240119 44193
20231215 45683
20240120 44045
20231215 45683
20240121 43896
20231215 45683
20240122 43696
20231215 45683
20240124 43601
20231215 45683
20240125 43450
20231215 45683
20240126 43420
20231215 45683
20240127 43368
20231215 45683
20240128 43355
20231215 45683
20240129 43333
20231215 45683
20240130 43249
20231215 45683
20240131 43235
20231215 45683
20240201 43212
20231215 45683
20240202 43173
20231215 45683
20240203 43070
20231215 45683
20240204 42979
20231215 45683
20240205 42937
20231215 45683
20240206 42969
20231215 45683
20240207 42956
20231215 45683
20240208 42866
20231215 45683
20240209 42832
20231215 45683
20240210 42808
20240211 42808
20240212 42794
20240211 42808
20240213 42682
20240211 42808
20240214 42653
20240211 42808
20240215 42603
20240211 42808
20240216 42626
20240211 42808
20240217 42614
20240211 42808
20240218 42654
20240211 42808
20240219 42685
20240211 42808
20240220 42655
20240211 42808
20240221 42637
20240211 42808
20240222 42587
20240211 42808
20240223 42581
20240211 42808
20240224 42619
20240211 42808
20240225 42597
20240211 42808
20240226 42537
20240211 42808
20240227 42518
20240211 42808
20240228 42466
20240211 42808
20240229 42449
20240211 42808
20240301 42390
20240211 42808
20240302 42405
20240211 42808
20240303 42397
20240211 42808
20240304 42426
20240211 42808
20240305 42372
20240211 42808
20240306 42354
20240211 42808
20240307 42551
20240211 42808
20240308 42599
20240211 42808
20240309 42582
20240211 42808
20240310 42607
20240211 42808
20240311 42633
20240211 42808
20240312 42730
20240211 42808
20240313 42681
20240211 42808
20240314 42664
20240211 42808
20240315 42677
20240211 42808
20240316 42633
20240211 42808
20240317 42595
20240211 42808
20240318 42578
20240211 42808
20240319 42531
20240211 42808
20240320 42528
20240211 42808
20240321 42527
20240211 42808
20240322 42564
20240211 42808
20240323 42636
20240211 42808
20240324 42709
20240211 42808
20240325 42870
20240211 42808
20240326 43001
20240211 42808
20240327 43200
20240211 42808
20240328 43245
20240211 42808
20240329 43395
20240211 42808
20240330 43492
20240211 42808
20240331 43557
20240211 42808
20240401 43639
20240211 42808
20240402 43699
20240211 42808
20240403 43765
20240211 42808
20240404 43875
20240211 42808
20240405 43937
20240211 42808
20240406 44035
20240211 42808
20240407 44163
20240211 42808
20240408 44335
20240211 42808
20240409 44499
20240211 42808
20240410 44514
20240211 42808
20240411 44495
20240211 42808
20240412 44550
20240211 42808
20240413 44626
20240211 42808
20240415 44807
20240211 42808
20240416 44805
20240211 42808
20240417 44834
20240211 42808
20240418 44899
20240211 42808
20240419 44972
20240211 42808
20240420 44978
20240211 42808
20240421 45052
20240211 42808
20240422 45032
20240211 42808
20240423 45008
20240211 42808
20240424 45001
20240211 42808
20240425 45043
20240211 42808
20240426 45035
20240211 42808
20240427 45140
20240211 42808
20240428 45127
20240211 42808
20240429 45164
20240211 42808
20240430 45196
20240211 42808
20240501 45189
20240211 42808
20240503 45250
20240211 42808
20240504 45244
20240211 42808
20240505 45235
20240211 42808
20240506 45271
20240211 42808
20240507 45357
20240211 42808
20240508 45393
20240211 42808
20240509 45461
20240211 42808
20240510 45491
20240211 42808
20240511 45519
20240211 42808
20240512 45571
20240211 42808
20240513 45625
20240211 42808
20240514 45665
20240211 42808
20240515 45675
20240211 42808
20240516 45687
20240211 42808
20240517 45686
20240211 42808
20240518 45671
20240211 42808
20240519 45655
20240211 42808
20240520 45718
20240211 42808
20240521 45725
20240211 42808
20240522 45789
20240523 45789
20240524 45864
20240523 45789
20240525 45855
20240523 45789
20240526 45816
20240523 45789
20240527 45788
20240523 45789
20240528 45773
20240523 45789
20240529 45840
20240523 45789
20240530 45843
20240523 45789
20240531 45921
20240523 45789
20240601 45880
20240523 45789
20240602 45912
20240523 45789
20240603 46015
20240523 45789
20240604 46211
20240523 45789
20240605 46538
20240523 45789
20240606 46300
20240523 45789
20240609 46396
20240523 45789
20240611 46500
20240523 45789
20240612 46490
20240523 45789
20240613 46540
20240523 45789
20240614 46548
20240523 45789
20240615 46895
20240616 46895
20240617 46851
20240616 46895
20240618 46841
20240616 46895
20240620 46822
20240616 46895
20240621 46847
20240616 46895
20240622 46884
20240616 46895
20240623 46950
20240616 46895
20240624 47169
20240616 46895
20240626 47288
20240616 46895
20240627 47380
20240616 46895
20240628 47374
20240616 46895
20240629 47385
20240616 46895
20240630 47380
20240616 46895
20240701 47252
20240616 46895
20240702 47212
20240616 46895
20240703 47269
20240616 46895
20240704 47304
20240616 46895
20240705 47384
20240616 46895
20240706 47434
20240616 46895
20240707 47512
20240616 46895
20240708 47620
20240616 46895
20240709 47647
20240616 46895
20240710 47807
20240616 46895
20240711 47883
20240616 46895
20240712 47924
20240616 46895
20240713 47904
20240616 46895
20240714 47969
20240616 46895
20240715 48020
20240616 46895
20240716 48065
20240616 46895
20240717 48131
20240616 46895
20240718 48191
20240616 46895
20240719 48320
20240616 46895
20240720 48395
20240616 46895
20240721 48477
20240616 46895
20240722 48586
20240616 46895
20240723 48670
20240724 48670
20240725 48708
20240724 48670
20240726 48808
20240724 48670
20240727 48841
20240724 48670
20240728 48904
20240724 48670
20240729 48972
20240724 48670
20240730 49090
20240724 48670
20240731 48848
20240724 48670
20240801 48912
20240724 48670
20240802 48926
20240724 48670
20240803 48928
20240724 48670
20240804 48998
20240724 48670
20240805 49166
20240724 48670
20240806 48981
20240724 48670
20240807 49014
20240724 48670
20240808 49051
20240724 48670
20240809 49135
20240724 48670
20240810 49186
20240724 48670
20240811 49219
20240724 48670
20240812 49362
20240724 48670
20240813 49502
20240724 48670
20240814 49618
20240724 48670
20240815 49643
20240724 48670
20240816 49785
20240724 48670
20240817 49914
20240724 48670
20240818 49971
20240724 48670
20240819 50122
20240724 48670
20240820 50285
20240724 48670
20240821 50354
20240724 48670
20240822 50498
20240724 48670
20240823 50621
20240724 48670
20240824 50777
20240724 48670
20240825 50908
20240724 48670
20240826 50982
20240724 48670
20240827 51039
20240724 48670
20240828 51354
20240724 48670
20240829 51433
20240724 48670
20240830 51412
20240724 48670
20240831 51552
20240724 48670
20240901 51549
20240724 48670
20240902 51732
20240724 48670
20240903 51768
20240724 48670
20240904 52150
20240724 48670
20240905 52212
20240724 48670
20240906 52291
20240724 48670
20240907 52527
20240724 48670
20240908 52450
20240724 48670
20240909 52435
20240724 48670
20240910 52568
20240724 48670
20240911 52609
20240724 48670
20240912 52619
20240724 48670
20240913 52691
20240724 48670
20240914 52875
20240724 48670
20240915 52957
20240724 48670
20240916 53097
20240724 48670
20240917 53170
20240724 48670
20240918 53357
20240724 48670
20240919 53496
20240724 48670
20240920 53713
20240724 48670
20240921 53851
20240724 48670
20240921 54011
20240922 54011
20240925 54284
20240922 54011
20240926 54339
20240922 54011
20240927 54346
20240922 54011
20240928 54481
20240922 54011
20240929 54489
20240922 54011
20240930 54546
20240922 54011
20241001 54665
20241001 54665
