20230707 10350
20230709 10341
20230710 10338
20230711 10341
20230712 10340
20230713 10356
20230714 10362
20230715 10354
20230730 10335
20230731 10307
20230801 10311
20230802 10319
20230803 10330
20230804 10333
20230805 10334
20230806 10328
20230807 10332
20230808 10346
20230809 10342
20230810 10324
20230811 10332
20230812 10338
20230813 10333
20230815 10321
20230816 10309
20230817 10317
20230818 10317
20230819 10320
20230820 10320
20230821 10313
20230822 10318
20230823 10322
20230824 10317
20230825 10313
20230826 10321
20230827 10316
20230828 10311
20230829 10307
20230830 10312
20230831 10315
20230901 10317
20230902 10320
20230903 10324
20230904 10320
20230905 10319
20230906 10321
20230907 10320
20230908 10320
20230909 10335
20230910 10338
20230911 10342
20230912 10346
20230913 10350
20230914 10343
20230915 10335
20230916 10323
20230917 10307
20230918 10308
20230919 10298
20230920 9455
20230921 9467
20230922 9462
20230923 9467
20230924 9469
20230925 9476
20230926 9476
20230927 9475
20230928 9471
20230929 9470
20230930 9474
20231001 9475
20231002 9476
20231003 9486
20231005 9532
20231007 9534
20231008 9528
20231009 9534
20231010 9530
20231011 9528
20231012 9530
20231013 9558
20231014 9567
20231015 9568
20231016 9564
20231017 9558
20231018 9561
20231019 9564
20231020 9562
20231021 9613
20231022 9613
20231023 9622
20231024 9619
20231025 9619
20231026 9625
20231027 9614
20231028 9617
20231029 9621
20231030 9617
20231031 9618
20231101 9625
20231102 9622
20231103 9621
20231104 9619
20231105 9615
20231106 9618
20231107 9625
20231108 9626
20231109 9627
20231110 9625
20231111 9640
20231112 9641
20231113 9639
20231114 9645
20231115 9651
20231116 9654
20231117 9670
20231118 9672
20231120 9672
20231121 9676
20231122 9682
20231123 9692
20231124 9688
20231125 9698
20231126 9698
20231127 9703
20231128 9702
20231129 9770
20231130 9771
20231201 9769
20231202 9776
20231203 9776
