20230707 205
20230709 205
20230710 205
20230711 205
20230712 205
20230714 205
20230715 206
20230730 208
20230731 208
20230801 208
20230802 209
20230803 209
20230804 209
20230805 209
20230806 209
20230807 209
20230808 209
20230809 209
20230810 209
20230811 209
20230812 210
20230813 210
20230815 210
20230816 210
20230817 210
20230818 210
20230819 210
20230820 210
20230821 210
20230822 210
20230823 210
20230824 210
20230825 210
20230826 210
20230827 210
20230828 210
20230829 210
20230830 211
20230831 214
20230901 214
20230902 214
20230903 214
20230904 214
20230905 214
20230906 214
20230907 215
20230908 215
20230909 215
20230910 215
20230911 215
20230912 215
