20230707 2857
20230709 2857
20230710 2856
20230711 2855
20230712 2855
20230713 2856
20230714 2854
20230715 2850
20230730 2800
20230731 2801
20230801 2799
20230802 2797
20230803 2796
20230804 2795
20230805 2793
20230806 2796
20230807 2795
20230808 2853
20230809 2852
20230810 2838
20230811 2832
20230812 2830
20230813 2826
20230815 2822
20230816 2823
20230817 2821
20230818 2819
20230819 2817
20230820 2817
20230821 2812
20230822 2813
20230823 2810
20230824 2810
20230825 2808
20230826 2804
20230827 2803
20230828 2799
20230829 2799
20230830 2796
20230831 2790
20230901 2794
20230902 2793
20230903 2792
20230904 2784
20230905 2782
20230906 2782
20230907 2778
20230908 2775
20230909 2773
20230910 2768
20230911 2761
20230912 2761
20230913 2764
20230914 2761
20230915 2760
20230916 2744
20230917 2743
20230918 2741
20230919 2741
20230920 2616
20230921 2614
20230922 2611
20230923 2612
20230924 2609
20230925 2609
20230926 2609
20230927 2607
20230928 2604
20230929 2591
20230930 2586
20231001 2587
