20230707 164
20230709 164
20230710 164
20230711 164
20230712 164
20230714 164
20230715 164
20230730 164
20230731 164
20230801 164
20230802 164
20230803 164
20230804 164
20230805 164
20230806 164
20230807 164
20230808 164
20230809 164
20230810 164
20230811 164
20230812 164
20230813 164
20230815 164
20230816 164
20230817 164
20230818 164
20230819 164
20230820 164
20230821 164
20230822 164
20230823 164
20230824 164
20230825 164
20230826 164
20230827 164
20230828 164
20230829 164
20230830 164
20230831 164
20230901 164
20230902 164
20230903 164
20230904 164
20230905 164
20230906 164
20230907 164
20230908 164
20230909 164
20230910 164
20230911 164
20230912 164
20230913 164
20230914 164
20230915 164
20230916 164
20230917 164
20230918 164
20230919 164
20230920 163
20230921 163
20230922 163
20230923 163
20230924 163
20230925 163
20230926 163
20230927 163
20230928 163
20230929 163
20230930 163
20231001 163
20231002 163
20231003 163
20231005 163
20231007 163
20231008 163
20231009 163
20231010 163
20231011 163
20231012 163
20231013 163
20231014 163
20231015 163
20231016 163
20231017 163
20231018 163
20231019 163
20231020 163
20231021 163
20231022 163
20231023 163
20231024 163
20231025 163
20231026 163
20231027 163
20231028 163
20231029 163
20231030 163
20231031 163
20231101 163
20231102 163
20231103 163
20231104 163
20231105 163
20231106 163
20231107 163
20231108 163
20231109 163
20231110 163
20231111 163
20231112 163
20231113 163
20231114 163
20231115 163
20231116 163
20231117 163
20231118 163
20231120 163
20231121 163
20231122 163
20231123 163
20231124 163
20231125 163
20231126 163
20231127 163
20231128 163
20231129 163
20231130 163
20231201 163
20231202 163
20231203 163
20231204 163
20231205 163
20231206 163
20231207 163
20231208 163
20231209 163
20231210 163
20231211 163
20231212 163
20231213 163
20231214 163
20231215 163
20231216 163
20231217 163
20231218 163
20231219 163
20231220 163
20231221 163
20231222 163
20231223 163
20231224 163
20231225 163
20231226 163
20231227 163
20231230 163
20231231 163
20240101 163
20240102 163
20240103 163
20240104 163
20240105 163
20240106 163
20240107 163
20240108 163
20240109 163
20240110 163
20240111 163
20240112 163
20240113 163
20240114 163
20240115 163
20240116 163
20240117 163
20240118 163
20240119 163
20240120 163
20240121 163
20240122 163
20240124 163
20240125 163
20240126 163
20240127 163
20240128 163
20240129 163
20240130 163
20240131 163
20240201 163
20240202 163
20240203 163
20240204 163
20240205 163
20240206 163
20240207 163
20240208 163
20240209 163
20240210 163
20240211 163
20240212 163
20240213 163
20240214 163
20240215 163
20240216 163
20240217 163
20240218 163
20240219 163
20240220 163
20240221 163
20240222 163
20240223 163
20240224 163
20240225 163
20240226 163
20240227 163
20240228 163
20240229 163
20240301 163
20240302 163
20240303 163
20240304 163
20240305 163
20240306 163
20240307 163
20240308 163
20240309 163
20240310 163
20240311 163
20240312 163
20240313 163
20240314 163
20240315 163
20240316 163
20240317 163
20240318 163
20240319 163
20240320 163
20240321 163
20240322 163
20240323 163
20240324 163
20240325 163
20240326 163
20240327 163
20240328 163
20240329 163
20240330 163
20240331 163
20240401 163
20240402 163
20240403 163
20240404 163
20240405 163
20240406 163
20240407 163
20240408 163
20240409 163
20240410 163
20240411 163
20240412 163
20240413 163
20240415 163
20240416 163
20240417 163
20240418 163
20240419 163
20240420 163
20240421 163
20240422 163
20240423 163
20240424 163
20240425 163
20240426 163
20240427 163
20240428 163
20240429 163
20240430 163
20240501 163
20240503 163
20240504 163
20240505 163
20240506 163
20240507 163
20240508 163
20240509 163
20240510 163
20240511 163
20240512 163
20240513 163
20240514 163
20240515 163
20240516 163
20240517 163
20240518 163
20240519 163
20240520 163
20240521 163
20240522 163
20240523 163
20240524 163
20240525 163
20240526 163
20240527 163
20240528 163
20240529 163
20240530 163
20240531 163
20240601 163
20240602 163
20240603 163
20240604 163
20240605 163
20240606 163
20240609 163
20240611 163
20240612 163
