20230707 276564
20230709 276462
20230710 276310
20230711 277036
20230712 277450
20230713 277722
20230714 277696
20230715 277947
20230730 289331
20230731 289337
20230801 289835
20230802 290424
20230803 291335
20230804 291355
20230805 291465
20230806 291424
20230807 291529
20230808 291973
20230809 292212
20230810 292661
20230811 292809
20230812 292990
20230813 292617
20230815 292991
20230816 293140
20230817 293617
20230818 293566
20230819 293753
20230820 293813
20230821 293732
20230822 294881
20230823 292004
20230824 292283
20230825 292195
20230826 292055
20230827 292116
20230828 292067
20230829 292427
20230830 292904
20230831 293016
20230901 292957
20230902 292764
20230903 292482
20230904 292562
20230905 292537
20230906 292590
20230907 292400
20230908 292171
20230909 291744
20230910 291551
20230911 291289
20230912 291588
20230913 291532
20230914 291429
20230915 291191
20230916 291048
20230917 291030
20230918 290943
20230919 291171
20230920 281766
20230921 281911
20230922 281778
20230923 281655
20230924 281585
20230925 281361
20230926 281498
20230927 281424
20230928 281229
20230929 281184
20230930 280837
20231001 280595
