20230707 14424
20230709 14422
20230710 14426
20230711 14426
20230712 14422
20230711 14426
20230714 14417
20230711 14426
20230715 14410
20230711 14426
20230730 14302
20230711 14426
20230731 14301
20230711 14426
20230801 14287
20230711 14426
20230802 14284
20230711 14426
20230803 14272
20230711 14426
20230804 14263
20230711 14426
20230805 14256
20230711 14426
20230806 14244
20230711 14426
20230807 14247
20230711 14426
20230808 14245
20230711 14426
20230809 14252
20230711 14426
20230810 14249
20230711 14426
20230811 14252
20230711 14426
20230812 14246
20230711 14426
20230813 14235
20230711 14426
20230815 14221
20230711 14426
20230816 14217
20230711 14426
20230817 14206
20230711 14426
20230818 14196
20230711 14426
20230819 14197
20230711 14426
20230820 14187
20230711 14426
20230821 14189
20230711 14426
20230822 14184
20230711 14426
20230823 14187
20230711 14426
20230824 14186
20230711 14426
20230825 14172
20230711 14426
20230826 14171
20230711 14426
20230827 14169
20230711 14426
20230828 14173
20230711 14426
20230829 14168
20230711 14426
20230830 14162
20230711 14426
20230831 14158
20230711 14426
20230901 14148
20230711 14426
20230902 14141
20230711 14426
20230903 14138
20230711 14426
20230904 14137
20230711 14426
20230905 14146
20230711 14426
20230906 14156
20230711 14426
20230907 14155
20230711 14426
20230908 14165
20230711 14426
20230909 14155
20230711 14426
20230910 14142
20230911 14142
20230912 14143
20230911 14142
20230913 14136
20230911 14142
20230914 14119
20230911 14142
20230915 14109
20230911 14142
20230916 14098
20230911 14142
20230917 14096
20230911 14142
20230918 14100
20230911 14142
20230919 14105
20230911 14142
20230920 13797
20230911 14142
20230921 13792
20230911 14142
20230922 13794
20230911 14142
20230923 13790
20230911 14142
20230924 13788
20230911 14142
20230925 13792
20230911 14142
20230926 13798
20230911 14142
20230927 13792
20230911 14142
20230928 13782
20230911 14142
20230929 13774
20230911 14142
20230930 13771
20230911 14142
20231001 13774
20230911 14142
20231002 13777
20230911 14142
20231003 13781
20230911 14142
20231005 13789
20230911 14142
20231007 13795
20231008 13795
20231009 13799
20231008 13795
20231010 13809
20231011 13795
20231008 13795
20231012 13788
20231008 13795
20231013 13790
20231008 13795
20231014 13799
20231008 13795
20231015 13790
20231008 13795
20231016 13805
20231008 13795
20231017 13800
20231018 13795
20231008 13795
20231019 13784
20231008 13795
20231020 13793
20231021 13793
20231022 13797
20231021 13793
20231023 13808
20231021 13793
20231024 13812
20231021 13793
20231025 13807
20231021 13793
20231026 13796
20231021 13793
20231027 13778
20231021 13793
20231028 13773
20231021 13793
20231029 13763
20231021 13793
20231030 13761
20231021 13793
20231031 13799
20231021 13793
20231101 13788
20231021 13793
20231102 13792
20231104 13792
20231105 13783
20231104 13792
20231106 13791
20231104 13792
20231107 13808
20231104 13792
20231108 13834
20231104 13792
20231109 13853
20231104 13792
20231110 13862
20231104 13792
20231111 13859
20231104 13792
20231112 13874
20231104 13792
20231113 13887
20231104 13792
20231114 13899
20231115 13899
20231116 13903
20231115 13899
20231117 13912
20231115 13899
20231118 13898
20231115 13899
20231120 13915
20231115 13899
20231121 13925
20231115 13899
20231122 13917
20231115 13899
20231123 13905
20231115 13899
20231124 13896
20231115 13899
20231125 13909
20231115 13899
20231126 13908
20231115 13899
20231127 13931
20231115 13899
20231128 13921
20231115 13899
20231129 13920
20231115 13899
20231130 13886
20231115 13899
20231201 13853
20231115 13899
20231202 13850
20231115 13899
20231203 13838
20231115 13899
20231204 13842
20231115 13899
20231205 13843
20231115 13899
20231206 13832
20231115 13899
20231207 13804
20231115 13899
20231208 13803
20231115 13899
20231209 13788
20231115 13899
20231210 13797
20231115 13899
20231211 13800
20231115 13899
20231212 13806
20231115 13899
20231213 13807
20231115 13899
20231214 13803
20231115 13899
20231215 13806
20231115 13899
20231216 13805
20231115 13899
20231217 13802
20231115 13899
20231218 13789
20231115 13899
20231219 13794
20231115 13899
20231220 13789
20231115 13899
20231221 13804
20231115 13899
20231222 13803
20231115 13899
20231223 13802
20231115 13899
20231224 13790
20231115 13899
20231225 13779
20231115 13899
20231226 13773
20231115 13899
20231227 13778
20231115 13899
20231230 13818
20231115 13899
20231231 13817
20231115 13899
20240101 13815
20231115 13899
20240102 13813
20231115 13899
20240103 13829
20231115 13899
20240104 13849
20231115 13899
20240105 13859
20231115 13899
20240106 13897
20231115 13899
20240107 13914
20231115 13899
20240108 13939
20231115 13899
20240109 13950
20231115 13899
20240110 13959
20231115 13899
20240111 13995
20231115 13899
20240112 14000
20231115 13899
20240113 14008
20231115 13899
20240114 14028
20231115 13899
20240115 14034
20231115 13899
20240116 14054
20231115 13899
20240117 14076
20231115 13899
20240118 14089
20231115 13899
20240119 14109
20231115 13899
20240120 14112
20231115 13899
20240121 14119
20231115 13899
20240122 14128
20231115 13899
20240124 14149
20231115 13899
20240125 14174
20231115 13899
20240126 14161
20231115 13899
20240127 14181
20231115 13899
20240128 14182
20231115 13899
20240129 14195
20231115 13899
20240130 14201
20231115 13899
20240131 14216
20231115 13899
20240201 14228
20231115 13899
20240202 14234
20231115 13899
20240203 14231
20231115 13899
20240204 14225
20231115 13899
20240205 14255
20231115 13899
20240206 14286
20231115 13899
20240207 14302
20231115 13899
20240208 14310
20231115 13899
20240209 14301
20231115 13899
20240210 14306
20231115 13899
20240211 14324
20231115 13899
20240212 14333
20231115 13899
20240213 14305
20231115 13899
20240214 14299
20231115 13899
20240215 14269
20231115 13899
20240216 14283
20231115 13899
20240217 14250
20231115 13899
20240218 14248
20231115 13899
20240219 14258
20231115 13899
20240220 14276
20231115 13899
20240221 14271
20231115 13899
20240222 14261
20231115 13899
20240223 14232
20231115 13899
20240224 14181
20231115 13899
20240225 14170
20231115 13899
20240226 14176
20231115 13899
20240227 14160
20231115 13899
20240228 14174
20231115 13899
20240229 14184
20231115 13899
20240301 14162
20231115 13899
20240302 14147
20231115 13899
20240303 14139
20231115 13899
20240304 14117
20231115 13899
20240305 14112
20231115 13899
20240306 14111
20231115 13899
20240307 14117
20231115 13899
20240308 14110
20231115 13899
20240309 14109
20231115 13899
20240310 14095
20231115 13899
20240311 14103
20231115 13899
20240312 14109
20231115 13899
20240313 14105
20231115 13899
20240314 14124
20231115 13899
20240315 14114
20231115 13899
20240316 14103
20231115 13899
20240317 14124
20231115 13899
20240318 14137
20231115 13899
20240319 14149
20231115 13899
20240320 14143
20231115 13899
20240321 14141
20231115 13899
20240322 14146
20231115 13899
20240323 14167
20231115 13899
20240324 14168
20231115 13899
20240325 14187
20231115 13899
20240326 14210
20231115 13899
20240327 14203
20231115 13899
20240328 14196
20231115 13899
20240329 14197
20231115 13899
20240330 14191
20231115 13899
20240331 14201
20231115 13899
20240401 14220
20231115 13899
20240402 14227
20231115 13899
20240403 14244
20231115 13899
20240404 14243
20231115 13899
20240405 14251
20231115 13899
20240406 14241
20231115 13899
20240407 14252
20231115 13899
20240408 14270
20231115 13899
20240409 14278
20231115 13899
20240410 14291
20231115 13899
20240411 14285
20231115 13899
20240412 14293
20231115 13899
20240413 14305
20231115 13899
20240415 14320
20231115 13899
20240416 14315
20231115 13899
20240417 14328
20231115 13899
20240418 14321
20231115 13899
20240419 14320
20231115 13899
20240420 14325
20231115 13899
20240421 14328
20231115 13899
20240422 14322
20231115 13899
20240423 14343
20231115 13899
20240424 14359
20231115 13899
20240425 14355
20231115 13899
20240426 14362
20240427 14362
20240428 14375
20240427 14362
20240429 14393
20240427 14362
20240430 14397
20240427 14362
20240501 14413
20240427 14362
20240503 14443
20240427 14362
20240504 14451
20240427 14362
20240505 14462
20240427 14362
20240506 14472
20240427 14362
20240507 14493
20240427 14362
20240508 14517
20240427 14362
20240509 14533
20240427 14362
20240510 14546
20240427 14362
20240511 14552
20240427 14362
20240512 14578
20240427 14362
20240513 14590
20240427 14362
20240514 14595
20240427 14362
20240515 14611
20240427 14362
20240516 14616
20240427 14362
20240517 14625
20240427 14362
20240518 14632
20240427 14362
20240519 14650
20240427 14362
20240520 14676
20240427 14362
20240521 14674
20240427 14362
20240522 14691
20240524 14691
20240525 14696
20240524 14691
20240526 14697
20240524 14691
20240527 14717
20240524 14691
20240528 14733
20240524 14691
20240529 14752
20240524 14691
20240530 14764
20240524 14691
20240531 14769
20240524 14691
20240601 14775
20240524 14691
20240602 14783
20240524 14691
20240603 14810
20240524 14691
20240604 14824
20240605 14824
20240606 14841
20240605 14824
20240609 14871
20240605 14824
20240611 14852
20240605 14824
20240612 14913
20240613 14913
20240614 14964
20240613 14913
20240615 14984
20240613 14913
20240616 14993
20240613 14913
20240617 15008
20240613 14913
20240618 15017
20240613 14913
20240620 15058
20240613 14913
20240621 15070
20240613 14913
20240622 15081
20240613 14913
20240623 15085
20240613 14913
20240624 15114
20240613 14913
20240626 15145
20240613 14913
20240627 15159
20240613 14913
20240628 15176
20240613 14913
20240629 15183
20240613 14913
20240630 15199
20240613 14913
20240701 15223
20240613 14913
20240702 15248
20240613 14913
20240703 15253
20240613 14913
20240704 15266
20240613 14913
20240705 15289
20240613 14913
20240706 15287
20240613 14913
20240707 15306
20240613 14913
20240708 15328
20240613 14913
20240709 15350
20240613 14913
20240710 15373
20240613 14913
20240711 15351
20240613 14913
20240712 15356
20240613 14913
20240713 15308
20240613 14913
20240714 15292
20240613 14913
20240715 15293
20240613 14913
20240716 15318
20240613 14913
20240717 15346
20240613 14913
20240718 15368
20240613 14913
20240719 15390
20240613 14913
20240720 15396
20240613 14913
20240721 15407
20240613 14913
20240722 15439
20240613 14913
20240723 15455
20240724 15455
20240725 15483
20240724 15455
20240726 15482
20240724 15455
20240727 15493
20240728 15493
20240729 15521
20240728 15493
20240730 15554
20240728 15493
20240731 15582
20240728 15493
20240801 15578
20240728 15493
20240802 15582
20240728 15493
20240803 15584
20240728 15493
20240804 15595
20240728 15493
20240805 15619
20240728 15493
20240806 15636
20240728 15493
20240807 15645
20240728 15493
20240808 15667
20240728 15493
20240809 15689
20240728 15493
20240810 15703
20240728 15493
20240811 15719
20240728 15493
20240812 15726
20240728 15493
20240813 15736
20240728 15493
20240814 15750
20240728 15493
20240815 15762
20240728 15493
20240816 15776
20240728 15493
20240817 15791
20240728 15493
20240818 15805
20240728 15493
20240819 15828
20240728 15493
20240820 15837
20240728 15493
20240821 15847
20240728 15493
20240822 15854
20240728 15493
20240823 15864
20240728 15493
20240824 15880
20240728 15493
20240825 15893
20240728 15493
20240826 15920
20240728 15493
20240827 15936
20240728 15493
20240828 15942
20240728 15493
20240829 15952
20240728 15493
20240830 15960
20240728 15493
20240831 15966
20240728 15493
20240901 15986
20240728 15493
20240902 16011
20240728 15493
20240903 16038
20240728 15493
20240904 16040
20240905 16040
20240906 16046
20240905 16040
20240907 16053
20240905 16040
20240908 16074
20240905 16040
20240909 16092
20240905 16040
20240910 16113
20240905 16040
20240911 16116
20240905 16040
20240912 16125
20240905 16040
20240913 16138
20240905 16040
20240914 16147
20240905 16040
20240915 16156
20240905 16040
20240916 16165
20240905 16040
20240917 16185
20240905 16040
20240918 16200
20240905 16040
20240919 16213
20240905 16040
20240920 16229
20240905 16040
20240921 16232
20240905 16040
20240921 16248
20240922 16248
20240925 16310
20240922 16248
20240926 16322
20240922 16248
20240927 16334
20240927 16334
