20230707 173
20230908 173
20230909 172
20230919 172
20230920 171
20230927 171
20230928 172
20231005 172
20231007 174
20240206 174
20240207 172
20240415 172
20240416 174
20240418 174
20240419 175
20240424 175
20240425 176
20240528 176
20240529 175
20240624 175
20240626 175
20240627 175
20240628 175
20240629 175
20240630 175
20240701 175
20240702 175
20240703 175
20240704 175
20240705 175
20240706 175
20240707 175
20240708 175
20240709 175
20240710 175
20240711 175
20240712 175
20240713 175
20240714 175
20240715 175
20240716 175
20240717 175
20240718 175
20240719 175
20240720 175
20240721 175
