20230922 2659
20230924 2659
20230925 2656
20230926 2654
20230927 2658
20230928 2660
20230929 2661
20230930 2661
20231001 2663
20231002 2664
20231003 2664
20231005 2661
20231007 2660
20231008 2661
20231009 2663
20231010 2667
20231011 2667
20231012 2667
20231013 2667
20231014 2667
20231015 2669
20231016 2672
20231017 2672
20231018 2673
20231019 2673
20231020 2672
20231021 2674
20231022 2675
20231023 2675
20231024 2675
20231025 2676
20231026 2678
20231027 2677
20231028 2677
20231029 2678
20231030 2678
20231031 2676
20231101 2678
20231102 2675
20231103 2676
20231104 2678
20231105 2679
20231106 2678
20231107 2681
20231108 2681
20231109 2689
20231110 2687
20231111 2695
20231112 2700
20231113 2698
