20230707 1756
20230709 1756
20230710 1756
20230711 1756
20230712 1756
20230714 1756
20230715 1756
20230730 1756
20230731 1756
20230801 1756
20230802 1756
20230803 1756
20230804 1756
20230805 1756
20230806 1756
20230807 1756
20230808 1756
20230809 1756
20230810 1756
20230811 1756
20230812 1756
20230813 1756
20230815 1756
20230816 1756
20230817 1756
20230818 1756
20230819 1756
20230820 1756
20230821 1756
20230822 1756
20230823 1756
20230824 1756
20230825 1756
20230826 1756
20230827 1756
20230828 1756
20230829 1756
20230830 1756
20230831 1756
20230901 1756
20230902 1756
20230903 1756
20230904 1756
20230905 1756
20230906 1756
20230907 1756
20230908 1756
20230909 1756
20230910 1756
20230911 1756
20230912 1756
20230913 1756
20230914 1756
20230915 1756
20230916 1756
20230917 1756
20230918 1756
20230919 1756
20230920 923
20230921 923
20230922 923
20230923 923
20230924 923
20230925 923
20230926 923
20230927 923
20230928 923
20230929 923
20230930 923
20231001 923
20231002 923
20231003 923
20231005 923
20231007 923
20231008 923
20231009 923
20231010 923
20231011 923
20231012 923
20231013 923
20231014 923
20231015 923
20231016 923
20231017 923
20231018 923
20231019 923
20231020 923
20231021 923
20231022 923
20231023 923
20231024 923
20231025 923
20231026 923
20231027 923
20231028 923
20231029 923
20231030 923
20231031 923
20231101 923
20231102 923
20231103 923
20231104 923
20231105 923
20231106 923
20231107 923
20231108 923
20231109 923
20231110 923
20231111 923
20231112 923
20231113 923
20231114 923
20231115 923
20231116 923
20231117 923
20231118 923
20231120 923
20231121 923
20231122 923
20231123 923
20231124 923
20231125 923
20231126 923
20231127 923
20231128 923
20231129 923
20231130 923
20231201 923
20231202 923
20231203 923
20231204 916
20231205 916
20231206 916
20231207 916
20231208 916
20231209 916
20231210 916
20231211 916
20231212 916
20231213 916
20231214 916
20231215 916
20231216 916
20231217 916
20231218 916
20231219 916
20231220 916
20231221 916
20231222 916
20231223 916
20231224 916
20231225 916
20231226 916
20231227 916
20231230 916
20231231 916
20240101 916
20240102 916
20240103 916
20240104 916
20240105 916
20240106 916
20240107 916
20240108 916
20240109 916
20240110 916
20240111 916
20240112 916
20240113 916
20240114 916
20240115 916
20240116 916
20240117 916
20240118 916
20240119 916
20240120 916
20240121 916
20240122 916
20240124 916
20240125 916
20240126 916
20240127 916
20240128 916
20240129 916
20240130 916
20240131 916
20240201 916
20240202 916
20240203 916
20240204 916
20240205 916
20240206 916
20240207 916
20240208 916
20240209 916
20240210 916
20240211 916
20240212 916
20240213 916
20240214 916
20240215 916
20240216 916
20240217 916
20240218 916
20240219 916
20240220 916
20240221 916
20240222 916
20240223 916
20240224 915
20240225 915
20240226 915
20240227 915
20240228 915
20240229 915
20240301 915
20240302 915
20240303 915
20240304 915
20240305 915
20240306 915
20240307 915
20240308 915
20240309 915
20240310 915
20240311 915
20240312 915
20240313 915
20240314 916
20240315 916
20240316 916
20240317 916
20240318 916
20240319 916
20240320 916
20240321 916
20240322 916
20240323 916
20240324 916
20240325 916
20240326 916
20240327 916
20240328 916
20240329 916
20240330 916
20240331 916
20240401 916
20240402 916
20240403 916
20240404 916
20240405 916
20240406 916
20240407 916
20240408 916
20240409 916
20240410 916
20240411 916
20240412 916
20240413 916
20240415 916
20240416 916
20240417 916
20240418 916
20240419 916
20240420 916
20240421 916
20240422 916
