20230707 16232
20230709 16234
20230710 16231
20230711 16227
20230712 16227
20230713 16229
20230712 16227
20230714 16216
20230712 16227
20230715 16186
20230712 16227
20230730 16109
20230712 16227
20230731 16107
20230712 16227
20230801 16110
20230712 16227
20230802 16117
20230803 16117
20230804 16120
20230803 16117
20230805 16125
20230806 16125
20230807 16123
20230806 16125
20230808 16121
20230806 16125
20230809 16118
20230810 16118
20230811 16116
20230812 16118
20230810 16118
20230813 16117
20230810 16118
20230815 16113
20230810 16118
20230816 16114
20230810 16118
20230817 16110
20230810 16118
20230818 16107
20230810 16118
20230819 16110
20230810 16118
20230820 16108
20230810 16118
20230821 16097
20230810 16118
20230822 16095
20230810 16118
20230823 16087
20230810 16118
20230824 16089
20230810 16118
20230825 16076
20230810 16118
20230826 16077
20230810 16118
20230827 16072
20230810 16118
20230828 16068
20230810 16118
20230829 16047
20230810 16118
20230830 16044
20230831 16044
20230901 16046
20230831 16044
20230902 16041
20230831 16044
20230903 16038
20230831 16044
20230904 16033
20230905 16033
20230906 16035
20230905 16033
20230907 16043
20230905 16033
20230908 16045
20230905 16033
20230909 16043
20230905 16033
20230910 16037
20230911 16037
20230912 16038
20230913 16038
20230914 16035
20230913 16038
20230915 16034
20230913 16038
20230916 16040
20230917 16038
20230913 16038
20230918 16036
20230913 16038
20230919 16033
20230913 16038
20230920 15723
20230913 16038
20230921 15725
20230913 16038
20230922 15727
20230913 16038
20230923 15729
20230913 16038
20230924 15728
20230913 16038
20230925 15726
20230913 16038
20230926 15730
20230913 16038
20230927 15734
20230913 16038
20230928 15733
20230913 16038
20230929 15734
20230930 15734
20231001 15730
20230930 15734
20231002 15724
20230930 15734
20231003 15731
20230930 15734
20231005 15733
20231007 15734
20230930 15734
20231008 15733
20230930 15734
20231009 15730
20230930 15734
20231010 15732
20230930 15734
20231011 15736
20230930 15734
20231012 15726
20230930 15734
20231013 15729
20230930 15734
20231014 15728
20230930 15734
20231015 15727
20230930 15734
20231016 15724
20230930 15734
20231017 15722
20230930 15734
20231018 15725
20230930 15734
20231019 15732
20230930 15734
20231020 15735
20230930 15734
20231021 15733
20230930 15734
20231022 15736
20230930 15734
20231023 15732
20230930 15734
20231024 15738
20230930 15734
20231025 15741
20230930 15734
20231026 15740
20230930 15734
20231027 15738
20230930 15734
20231028 15739
20230930 15734
20231029 15736
20230930 15734
20231030 15733
20230930 15734
20231031 15731
20231102 15731
20231103 15730
20231102 15731
20231104 15732
20231105 15731
20231102 15731
20231106 15729
20231102 15731
20231107 15733
20231102 15731
20231108 15734
20231102 15731
20231109 15735
20231102 15731
20231110 15736
20231102 15731
20231111 15734
20231102 15731
20231112 15732
20231102 15731
20231113 15728
20231102 15731
20231114 15735
20231102 15731
20231115 15730
20231116 15730
20231117 15732
20231116 15730
20231118 15735
20231116 15730
20231120 15733
20231116 15730
20231121 15729
20231116 15730
20231122 15728
20231116 15730
20231123 15726
20231124 15726
20231125 15731
20231124 15726
20231126 15727
20231127 15726
20231124 15726
20231128 15731
20231124 15726
20231129 15736
20231124 15726
20231130 15739
20231124 15726
20231201 15736
20231124 15726
20231202 15732
20231124 15726
20231203 15733
20231204 15733
20231205 15730
20231204 15733
20231206 15729
20231204 15733
20231207 15727
20231208 15727
20231209 15729
20231208 15727
20231210 15732
20231208 15727
20231211 15731
20231212 15727
20231208 15727
20231213 15726
20231208 15727
20231214 15724
20231208 15727
20231215 15725
20231208 15727
20231216 15728
20231217 15727
20231208 15727
20231218 15726
20231208 15727
20231219 15729
20231208 15727
20231220 15724
20231221 15727
20231222 15727
20231223 15725
20231224 15725
20231225 15726
20231226 15726
20231227 15725
20231226 15726
20231230 15724
20231231 15726
20240101 15726
20240102 15725
20240101 15726
20240103 15727
20240101 15726
20240104 15728
20240101 15726
20240105 15729
20240101 15726
20240106 15801
20240101 15726
20240107 15797
20240101 15726
20240108 15796
20240101 15726
20240109 15795
20240101 15726
20240110 15791
20240101 15726
20240111 15794
20240101 15726
20240112 15793
20240113 15793
20240114 15794
20240115 15794
20240116 15795
20240115 15794
20240117 15793
20240115 15794
20240118 15792
20240115 15794
20240119 15791
20240115 15794
20240120 15792
20240115 15794
20240121 15789
20240122 15789
20240124 15793
20240125 15789
20240122 15789
20240126 15791
20240122 15789
20240127 15795
20240122 15789
20240128 15788
20240122 15789
20240129 15791
20240122 15789
20240130 15795
20240122 15789
20240131 15797
20240122 15789
20240201 15798
20240122 15789
20240202 15796
20240203 15796
20240204 15794
20240206 15794
20240207 15799
20240206 15794
20240208 15797
20240206 15794
20240209 15800
20240210 15800
20240211 15802
20240212 15802
20240213 15806
20240212 15802
20240214 15809
20240212 15802
20240215 15805
20240216 15805
20240217 15808
20240218 15805
20240216 15805
20240219 15800
20240216 15805
20240220 15803
20240221 15803
20240222 15798
20240221 15803
20240223 15799
20240221 15803
20240224 15794
20240225 15794
20240226 15792
20240225 15794
20240227 15786
20240225 15794
20240228 15788
20240225 15794
20240229 15785
20240225 15794
20240301 15782
20240225 15794
20240302 15786
20240303 15786
20240304 15780
20240305 15786
20240306 15786
20240307 15784
20240306 15786
20240308 15785
20240306 15786
20240309 15787
20240310 15786
20240306 15786
20240311 15784
20240306 15786
20240312 15783
20240306 15786
20240313 15801
20240306 15786
20240314 15804
20240306 15786
20240315 15809
20240306 15786
20240316 15817
20240306 15786
20240317 15816
20240306 15786
20240318 15818
20240306 15786
20240319 15817
20240306 15786
20240320 15820
20240306 15786
20240321 15824
20240306 15786
20240322 15829
20240323 15829
20240324 15824
20240323 15829
20240325 15827
20240326 15827
20240327 15822
20240326 15827
20240328 15825
20240329 15827
20240326 15827
20240330 15825
20240326 15827
20240331 15821
20240326 15827
20240401 15819
20240326 15827
20240402 15815
20240403 15815
20240404 15818
20240403 15815
20240405 15823
20240407 15823
20240408 15821
20240407 15823
20240409 15819
20240407 15823
20240410 15818
20240407 15823
20240411 15822
20240407 15823
20240412 15818
20240407 15823
20240413 15813
20240407 15823
20240415 15816
20240407 15823
20240416 15818
20240407 15823
20240417 15820
20240407 15823
20240418 15825
20240407 15823
20240419 15822
20240407 15823
20240420 15818
20240421 15818
20240422 15820
20240421 15818
20240423 15824
20240421 15818
20240424 15825
20240421 15818
20240425 15821
20240421 15818
20240426 15822
20240427 15822
20240428 15821
20240427 15822
20240429 15823
20240427 15822
20240430 15820
20240501 15820
20240503 15825
20240501 15820
20240504 15823
20240501 15820
20240505 15822
20240501 15820
20240506 15824
20240501 15820
20240507 15829
20240501 15820
20240508 15830
20240501 15820
20240509 15831
20240501 15820
20240510 15826
20240501 15820
20240511 15825
20240501 15820
20240512 15824
20240513 15824
20240514 15828
20240515 15828
20240516 15831
20240517 15831
20240518 15830
20240517 15831
20240519 15828
20240517 15831
20240520 15826
20240517 15831
20240521 15823
20240517 15831
20240522 15822
20240517 15831
20240523 15824
20240517 15831
20240524 15818
20240517 15831
20240525 15814
20240517 15831
20240526 15812
20240517 15831
20240527 15809
20240517 15831
20240528 15810
20240517 15831
20240529 15813
20240517 15831
20240530 15814
20240517 15831
20240531 15812
20240517 15831
20240601 15805
20240517 15831
20240602 15806
20240517 15831
20240603 15803
20240517 15831
20240604 15802
20240517 15831
20240605 15801
20240517 15831
20240606 15784
20240517 15831
20240609 15785
20240517 15831
20240611 15781
20240517 15831
20240612 15786
20240517 15831
20240613 15780
20240517 15831
20240614 15782
20240517 15831
20240615 15788
20240517 15831
20240616 15787
20240517 15831
20240617 15786
20240517 15831
20240618 15787
20240517 15831
20240620 15788
20240517 15831
20240621 15787
20240517 15831
20240622 15786
20240517 15831
20240623 15783
20240517 15831
20240624 15780
20240517 15831
20240626 15779
20240517 15831
20240627 15776
20240517 15831
20240628 15769
20240517 15831
20240629 15767
20240517 15831
20240630 15769
20240517 15831
20240701 15768
20240517 15831
20240702 15776
20240517 15831
20240703 15777
20240517 15831
20240704 15774
20240705 15774
20240706 15779
20240708 15779
20240709 15774
20240708 15779
20240710 15770
20240708 15779
20240711 15769
20240708 15779
20240712 15772
20240708 15779
20240713 15770
20240708 15779
20240714 15761
20240708 15779
20240715 15729
20240708 15779
20240716 15719
20240708 15779
20240717 15718
20240708 15779
20240718 15714
20240708 15779
20240719 15718
20240708 15779
20240720 15715
20240708 15779
20240721 15714
20240708 15779
20240722 15708
20240724 15708
20240725 15700
20240724 15708
20240726 15695
20240724 15708
20240727 15691
20240724 15708
20240728 15689
20240724 15708
20240729 15688
20240730 15688
20240731 15692
20240805 15692
20240806 15667
20240805 15692
20240807 15660
20240805 15692
20240808 15659
20240812 15659
20240813 15634
20240815 15634
20240816 15631
20240815 15634
20240817 15629
20240815 15634
20240818 15628
20240815 15634
20240819 15630
20240815 15634
20240820 15627
20240815 15634
20240821 15617
20240815 15634
20240822 15615
20240815 15634
20240823 15612
20240815 15634
20240824 15606
20240815 15634
20240825 15604
20240815 15634
20240826 15599
20240815 15634
20240827 15598
20240815 15634
20240828 15597
20240815 15634
20240829 15541
20240815 15634
20240830 15540
20240815 15634
20240831 15541
20240901 15541
20240902 15540
20240901 15541
20240903 15547
20240901 15541
20240904 15542
20240901 15541
20240905 15540
20240901 15541
20240906 15542
20240901 15541
20240907 15540
20240901 15541
20240908 15529
20240901 15541
20240909 15521
20240901 15541
20240910 15519
20240901 15541
20240911 15516
20240901 15541
20240912 15515
20240901 15541
20240913 15513
20240901 15541
20240914 15512
20240901 15541
20240915 15509
20240901 15541
20240916 15504
20240901 15541
20240917 15502
20240901 15541
20240918 15497
20240901 15541
20240919 15493
20240901 15541
20240920 15491
20240901 15541
20240921 15489
20240901 15541
20240921 15491
20240901 15541
20240922 15489
20240901 15541
20240925 15494
20240901 15541
20240926 15495
20240901 15541
20240927 15493
20240901 15541
20240928 15492
20240901 15541
20240929 15487
20240901 15541
20240930 15486
20240901 15541
20241001 15483
20240901 15541
20241002 15472
20241002 15472
