20230707 54095
20230709 54082
20230710 54052
20230711 54000
20230712 54060
20230713 54139
20230714 54189
20230715 54217
20230730 55270
20230731 55314
20230801 55385
20230802 55438
20230803 55519
20230804 55555
20230805 55607
20230806 55644
20230807 55704
20230808 55694
20230809 55724
20230810 55768
20230811 55774
20230812 55826
20230813 55818
20230815 55833
20230816 55831
20230817 55846
20230818 55895
20230819 55929
20230820 55973
20230821 56021
20230822 56077
20230823 56080
20230824 56123
20230825 56200
20230826 56255
20230827 56287
20230828 56287
20230829 56343
20230830 56413
20230831 56465
20230901 56526
20230902 56600
20230903 56769
20230904 56779
20230905 56864
20230906 56895
20230907 56926
20230908 57000
20230909 57029
20230910 57021
20230911 57014
20230912 57054
20230913 57064
20230914 57073
20230915 57078
20230916 57078
20230917 57091
20230918 57093
20230919 57110
20230920 54732
20230921 54787
20230922 54838
20230923 54951
20230924 55077
20230925 55176
20230926 55288
20230927 55368
20230928 55418
20230929 55476
20230930 55540
20231001 55581
20231002 55620
20231003 55719
20231005 55771
20231007 55887
20231008 55941
20231009 56032
20231010 56080
20231011 56123
20231012 56173
20231013 56195
20231014 56249
20231015 56271
20231016 56256
20231017 56233
20231018 56234
20231019 56212
20231020 56205
20231021 56228
20231022 56251
20231023 56282
20231024 56286
20231025 56294
20231026 56287
20231027 56301
20231028 56312
20231029 56385
20231030 56372
20231031 56341
20231101 56317
20231102 56324
20231103 56302
20231104 56324
20231105 56320
20231106 56304
20231107 56353
20231108 56376
20231109 56383
20231110 56436
20231111 56457
20231112 56456
20231113 56485
20231114 56495
20231115 56489
20231116 56515
20231117 56549
20231118 56581
20231120 56741
20231121 56782
20231122 56858
20231123 56937
20231124 57016
20231125 57100
20231126 57190
20231127 57228
20231128 57249
20231129 57296
20231130 57353
20231201 57428
20231202 57495
20231203 57534
20231204 57618
20231205 57705
20231206 57781
20231207 57840
20231208 57895
20231209 57938
20231210 57988
20231211 58078
20231212 58019
20231213 58115
20231214 58184
20231215 58160
20231216 58199
20231217 58195
20231218 58249
20231219 58340
20231220 58410
20231221 58537
20231222 58602
20231223 58706
20231224 58771
20231225 58838
20231226 58814
