20230707 25
20230709 25
20230710 25
20230711 25
20230712 25
20230714 25
20230715 25
20230730 25
20230731 25
20230801 25
20230802 25
20230803 25
20230804 25
20230805 25
20230806 25
20230807 25
20230808 25
20230809 25
20230810 25
20230811 25
20230812 25
20230813 25
20230815 25
20230816 25
20230817 25
20230818 25
20230819 25
20230820 25
20230821 25
20230822 25
20230823 25
20230824 25
20230825 25
20230826 25
20230827 25
20230828 25
20230829 25
20230830 25
20230831 25
20230901 25
20230902 25
20230903 25
20230904 25
20230905 25
20230906 25
20230907 25
20230908 25
