20230707 78036
20230709 78047
20230710 78027
20230711 77972
20230712 77965
20230713 77949
20230714 77937
20230715 77880
20230730 78143
20230731 78112
20230801 78070
20230802 78148
20230803 78247
20230804 78267
20230805 78271
20230806 78415
20230807 78437
20230808 78421
20230809 78518
20230810 78574
20230811 78693
20230812 78712
20230813 78741
20230815 78900
20230816 79007
20230817 79111
20230818 79121
20230819 79130
20230820 79146
20230821 79158
20230822 79184
20230823 79216
20230824 79188
20230825 79285
20230826 79297
20230827 79274
20230828 79254
20230829 79409
20230830 79516
20230831 79567
20230901 79574
20230902 79551
20230903 79863
20230904 80083
20230905 80320
20230906 80390
20230907 80381
20230908 80356
20230909 80335
20230910 80282
20230911 80258
20230912 80258
20230913 80238
20230912 80258
20230914 80172
20230912 80258
20230915 80195
20230912 80258
20230916 80199
20230912 80258
20230917 80229
20230912 80258
20230918 80250
20230912 80258
20230919 80238
20230912 80258
20230920 76727
20230912 80258
20230921 76683
20230912 80258
20230922 76660
20230912 80258
20230923 76861
20230912 80258
20230924 76799
20230912 80258
20230925 76864
20230912 80258
20230926 77048
20230912 80258
20230927 77295
20230912 80258
20230928 77487
20230912 80258
20230929 77867
20230912 80258
20230930 78090
20230912 80258
20231001 78599
20230912 80258
20231002 78926
20230912 80258
20231003 79187
20230912 80258
20231005 79355
20230912 80258
20231007 79346
20230912 80258
20231008 79594
20230912 80258
20231009 80540
20230912 80258
20231010 83465
20230912 80258
20231011 83679
20230912 80258
20231012 86069
20230912 80258
20231013 87880
20230912 80258
20231014 89587
20230912 80258
20231015 89600
20230912 80258
20231016 89614
20230912 80258
20231017 89632
20230912 80258
20231018 90677
20230912 80258
20231019 90695
20230912 80258
20231020 90700
20230912 80258
20231021 90732
20230912 80258
20231022 90759
20230912 80258
20231023 90973
20230912 80258
20231024 91124
20230912 80258
20231025 91255
20230912 80258
20231026 91263
20230912 80258
20231027 91625
20230912 80258
20231028 91749
20230912 80258
20231029 91905
20230912 80258
20231030 92565
20230912 80258
20231031 92683
20230912 80258
20231101 92717
20230912 80258
20231102 92770
20230912 80258
20231103 93918
20230912 80258
20231104 94725
20230912 80258
20231105 94744
20230912 80258
20231106 94802
20230912 80258
20231107 94810
20230912 80258
20231108 94820
20230912 80258
20231109 94860
20231110 94860
20231111 94905
20231110 94860
20231112 94941
20231110 94860
20231113 94882
20231110 94860
20231114 94900
20231110 94860
20231115 94948
20231110 94860
20231116 95007
20231110 94860
20231117 95064
20231110 94860
20231118 95101
20231110 94860
20231120 95134
20231110 94860
20231121 95149
20231110 94860
20231122 95266
20231110 94860
20231123 95287
20231110 94860
20231124 95325
20231110 94860
20231125 95409
20231110 94860
20231126 95396
20231110 94860
20231127 95436
20231110 94860
20231128 95543
20231110 94860
20231129 95576
20231110 94860
20231130 95682
20231110 94860
20231201 95725
20231110 94860
20231202 95785
20231110 94860
20231203 95764
20231110 94860
20231204 95767
20231110 94860
20231205 95809
20231110 94860
20231206 95847
20231110 94860
20231207 95872
20231110 94860
20231208 95829
20231110 94860
20231209 95869
20231110 94860
20231210 95881
20231110 94860
20231211 95855
20231110 94860
20231212 95864
20231110 94860
20231213 95921
20231110 94860
20231214 95961
20231110 94860
20231215 96008
20231110 94860
20231216 96070
20231110 94860
20231217 96095
20231110 94860
20231218 96036
20231110 94860
20231219 96058
20231110 94860
20231220 96105
20231110 94860
20231221 96181
20231110 94860
20231222 96180
20231110 94860
20231223 96172
20231110 94860
20231224 96161
20231110 94860
20231225 96159
20231110 94860
20231226 96085
20231110 94860
20231227 96020
20231110 94860
20231230 93633
20231110 94860
20231231 93489
20231110 94860
20240101 93380
20231110 94860
20240102 93342
20231110 94860
20240103 93213
20231110 94860
20240104 93153
20231110 94860
20240105 93122
20231110 94860
20240106 93055
20231110 94860
20240107 93022
20231110 94860
20240108 92941
20231110 94860
20240109 92878
20231110 94860
20240110 92768
20231110 94860
20240111 92716
20231110 94860
20240112 92649
20231110 94860
20240113 92590
20231110 94860
20240114 92434
20231110 94860
20240115 92306
20231110 94860
20240116 92507
20231110 94860
20240117 92459
20231110 94860
20240118 92211
20231110 94860
20240119 92219
20231110 94860
20240120 92065
20231110 94860
20240121 91954
20231110 94860
20240122 91824
20231110 94860
20240124 91655
20231110 94860
20240125 91682
20231110 94860
20240126 91700
20231110 94860
20240127 91646
20231110 94860
20240128 91660
20231110 94860
20240129 91615
20231110 94860
20240130 91606
20231110 94860
20240131 91641
20231110 94860
20240201 91644
20231110 94860
20240202 91646
20231110 94860
20240203 91545
20231110 94860
20240204 91596
20231110 94860
20240205 91614
20231110 94860
20240206 91520
20231110 94860
20240207 91523
20231110 94860
20240208 91543
20231110 94860
20240209 91550
20231110 94860
20240210 91543
20231110 94860
20240211 91549
20231110 94860
20240212 91534
20231110 94860
20240213 91483
20231110 94860
20240214 91479
20231110 94860
20240215 91399
20231110 94860
20240216 91614
20231110 94860
20240217 91636
20231110 94860
20240218 91554
20231110 94860
20240219 91514
20231110 94860
20240220 91496
20231110 94860
20240221 91603
20231110 94860
20240222 91600
20231110 94860
20240223 91606
20231110 94860
20240224 91577
20231110 94860
20240225 91622
20231110 94860
20240226 91540
20231110 94860
20240227 91530
20231110 94860
20240228 91523
20231110 94860
20240229 91513
20231110 94860
20240301 91540
20231110 94860
20240302 93167
20231110 94860
20240303 93209
20231110 94860
20240304 93206
20231110 94860
20240305 93159
20231110 94860
20240306 93107
20231110 94860
20240307 92970
20231110 94860
20240308 92929
20231110 94860
20240309 92691
20231110 94860
20240310 92639
20231110 94860
20240311 92635
20231110 94860
20240312 92599
20231110 94860
20240313 92485
20231110 94860
20240314 92494
20231110 94860
20240315 92486
20231110 94860
20240316 92405
20231110 94860
20240317 92356
20231110 94860
20240318 92301
20231110 94860
20240319 92299
20231110 94860
20240320 92365
20231110 94860
20240321 92298
20231110 94860
20240322 92268
20231110 94860
20240323 92164
20231110 94860
20240324 92120
20231110 94860
20240325 92106
20231110 94860
20240326 92109
20231110 94860
20240327 92027
20231110 94860
20240328 91892
20231110 94860
20240329 91937
20231110 94860
20240330 92035
20231110 94860
20240331 92068
20231110 94860
20240401 92070
20231110 94860
20240402 92140
20231110 94860
20240403 92134
20231110 94860
20240404 92145
20231110 94860
20240405 92170
20231110 94860
20240406 92201
20231110 94860
20240407 92233
20231110 94860
20240408 92322
20231110 94860
20240409 92318
20231110 94860
20240410 92398
20231110 94860
20240411 92435
20231110 94860
20240412 92496
20231110 94860
20240413 92489
20231110 94860
20240415 92494
20231110 94860
20240416 92586
20231110 94860
20240417 92580
20231110 94860
20240418 92560
20231110 94860
20240419 92577
20231110 94860
20240420 92602
20231110 94860
20240421 92605
20231110 94860
20240422 92581
20231110 94860
20240423 92635
20231110 94860
20240424 92643
20231110 94860
20240425 92661
20231110 94860
20240426 92701
20231110 94860
20240427 92712
20231110 94860
20240428 92743
20231110 94860
20240429 92647
20231110 94860
20240430 92680
20231110 94860
20240501 92649
20231110 94860
20240503 92664
20231110 94860
20240504 92689
20231110 94860
20240505 92710
20231110 94860
20240506 92961
20231110 94860
20240507 93309
20231110 94860
20240508 93479
20231110 94860
20240509 93407
20231110 94860
20240510 93375
20231110 94860
20240511 93479
20231110 94860
20240512 93510
20231110 94860
20240513 93494
20231110 94860
20240514 93562
20231110 94860
20240515 93572
20231110 94860
20240516 93535
20231110 94860
20240517 93542
20231110 94860
20240518 93644
20231110 94860
20240519 93626
20231110 94860
20240520 93597
20231110 94860
20240521 93612
20231110 94860
20240522 93347
20231110 94860
20240523 93455
20231110 94860
20240524 93412
20231110 94860
20240525 93510
20231110 94860
20240526 93511
20231110 94860
20240527 93589
20231110 94860
20240528 93767
20231110 94860
20240529 93836
20231110 94860
20240530 93826
20231110 94860
20240531 93835
20231110 94860
20240601 93846
20231110 94860
20240602 93908
20231110 94860
20240603 93894
20231110 94860
20240604 93908
20240605 93908
20240606 93651
20240605 93908
20240609 93439
20240605 93908
20240611 93343
20240605 93908
20240612 93388
20240605 93908
20240613 93420
20240605 93908
20240614 93462
20240605 93908
20240615 93479
20240605 93908
20240616 93263
20240605 93908
20240617 93356
20240605 93908
20240618 93252
20240605 93908
20240620 93244
20240605 93908
20240621 93204
20240605 93908
20240622 93198
20240605 93908
20240623 92980
20240605 93908
20240624 92691
20240605 93908
20240626 92341
20240605 93908
20240627 92192
20240605 93908
20240628 92274
20240605 93908
20240629 92332
20240605 93908
20240630 92356
20240605 93908
20240701 92398
20240605 93908
20240702 92440
20240605 93908
20240703 92500
20240605 93908
20240704 92515
20240605 93908
20240705 92611
20240605 93908
20240706 92701
20240605 93908
20240707 92695
20240605 93908
20240708 92646
20240605 93908
20240709 92707
20240605 93908
20240710 92765
20240605 93908
20240711 92793
20240605 93908
20240712 92906
20240605 93908
20240713 92966
20240605 93908
20240714 92965
20240605 93908
20240715 93062
20240605 93908
20240716 93065
20240605 93908
20240717 93056
20240605 93908
20240718 93063
20240605 93908
20240719 93016
20240605 93908
20240720 93119
20240605 93908
20240721 93177
20240605 93908
20240722 93128
20240605 93908
20240723 93163
20240724 93163
20240725 93170
20240726 93163
20240724 93163
20240727 93159
20240724 93163
20240728 93108
20240724 93163
20240729 93103
20240724 93163
20240730 93124
20240724 93163
20240731 93157
20240724 93163
20240801 93162
20240724 93163
20240802 93187
20240724 93163
20240803 93113
20240724 93163
20240804 93146
20240805 93163
20240724 93163
20240806 93170
20240724 93163
20240807 93160
20240724 93163
20240808 93195
20240724 93163
20240809 93201
20240724 93163
20240810 93237
20240724 93163
20240811 93272
20240724 93163
20240812 93241
20240724 93163
20240813 93235
20240724 93163
20240814 93226
20240724 93163
20240815 93220
20240724 93163
20240816 93231
20240724 93163
20240817 93273
20240724 93163
20240818 93286
20240724 93163
20240819 93267
20240820 93163
20240724 93163
20240821 93181
20240724 93163
20240822 93256
20240724 93163
20240823 93237
20240724 93163
20240824 93270
20240724 93163
20240825 93265
20240724 93163
20240826 93261
20240724 93163
20240827 93257
20240724 93163
20240828 93307
20240724 93163
20240829 93308
20240724 93163
20240830 93278
20240724 93163
20240831 93317
20240724 93163
20240901 93281
20240724 93163
20240902 93322
20240724 93163
20240903 93170
20240724 93163
20240904 93173
20240724 93163
20240905 93221
20240724 93163
20240906 93231
20240724 93163
20240907 93260
20240724 93163
20240908 93259
20240724 93163
20240909 93208
20240724 93163
20240910 93172
20240724 93163
20240911 93213
20240724 93163
20240912 93257
20240724 93163
20240913 93305
20240724 93163
20240914 93196
20240724 93163
20240915 93169
20240724 93163
20240916 93075
20240724 93163
20240917 93060
20240724 93163
20240918 93037
20240724 93163
20240919 93004
20240724 93163
20240920 92892
20240724 93163
20240921 92703
20240724 93163
20240921 92772
20240724 93163
20240922 92703
20240922 92703
