20230707 23
20230919 23
20230920 22
20240624 22
20240626 22
20240627 22
20240628 22
20240629 22
20240630 22
20240701 22
20240702 22
20240703 22
20240704 22
20240705 22
20240706 22
20240707 22
20240708 22
20240709 22
20240710 22
20240711 22
20240712 22
20240713 22
20240714 22
20240715 22
20240716 22
20240717 22
20240718 22
20240719 22
20240720 22
20240721 22
20240722 22
20240723 22
20240724 22
20240725 22
20240726 22
20240727 22
20240728 22
20240729 22
20240730 22
20240731 22
20240801 22
20240802 22
20240803 22
20240804 22
20240805 22
20240806 22
20240807 22
20240808 22
20240809 22
20240810 22
20240811 22
20240812 22
