20230707 18803
20230709 18803
20230710 18789
20230709 18803
20230711 18796
20230709 18803
20230712 18799
20230709 18803
20230713 18776
20230709 18803
20230714 18773
20230709 18803
20230715 18791
20230709 18803
20230730 18793
20230709 18803
20230731 18786
20230709 18803
20230801 18794
20230709 18803
20230802 18800
20230709 18803
20230803 18802
20230709 18803
20230804 18805
20230709 18803
20230805 18814
20230709 18803
20230806 18813
20230709 18803
20230807 18810
20230709 18803
20230808 18817
20230709 18803
20230809 18816
20230709 18803
20230810 18810
20230709 18803
20230811 18809
20230812 18803
20230709 18803
20230813 18799
20230709 18803
20230815 18810
20230709 18803
20230816 18811
20230709 18803
20230817 18810
20230709 18803
20230818 18814
20230819 18814
20230820 18811
20230819 18814
20230821 18813
20230819 18814
20230822 18818
20230819 18814
20230823 18812
20230819 18814
20230824 18824
20230819 18814
20230825 18827
20230819 18814
20230826 18828
20230819 18814
20230827 18829
20230819 18814
20230828 18834
20230819 18814
20230829 18831
20230819 18814
20230830 18826
20230819 18814
20230831 18869
20230819 18814
20230901 18861
20230819 18814
20230902 18865
20230819 18814
20230903 18864
20230819 18814
20230904 18860
20230819 18814
20230905 18865
20230819 18814
20230906 18855
20230819 18814
20230907 18836
20230819 18814
20230908 18834
20230819 18814
20230909 18829
20230819 18814
20230910 18825
20230911 18825
20230912 18819
20230911 18825
20230913 18820
20230911 18825
20230914 18830
20230911 18825
20230915 18835
20230911 18825
20230916 18837
20230911 18825
20230917 18829
20230911 18825
20230918 18828
20230919 18825
20230911 18825
20230920 17608
20230911 18825
20230921 17610
20230911 18825
20230922 17611
20230911 18825
20230923 17608
20230911 18825
20230924 17603
20230911 18825
20230925 17596
20230911 18825
20230926 17614
20230911 18825
20230927 17620
20230911 18825
20230928 17625
20230911 18825
20230929 17617
20230911 18825
20230930 17626
20230911 18825
20231001 17624
20230911 18825
20231002 17619
20230911 18825
20231003 17610
20230911 18825
20231005 17618
20230911 18825
20231007 17619
20230911 18825
20231008 17615
20230911 18825
20231009 17608
20230911 18825
20231010 17598
20230911 18825
20231011 17602
20230911 18825
20231012 17594
20230911 18825
20231013 17589
20230911 18825
20231014 17597
20230911 18825
20231015 17576
20230911 18825
20231016 17580
20231017 17580
20231018 17579
20231017 17580
20231019 17585
20231020 17585
20231021 17676
20231020 17585
20231022 17675
20231020 17585
20231023 17680
20231020 17585
20231024 17677
20231020 17585
20231025 17687
20231020 17585
20231026 17688
20231027 17688
20231028 17692
20231029 17692
20231030 17691
20231029 17692
20231031 17688
20231029 17692
20231101 17698
20231029 17692
20231102 17709
20231103 17709
20231104 17713
20231103 17709
20231105 17715
20231103 17709
20231106 17710
20231103 17709
20231107 17713
20231103 17709
20231108 17708
20231103 17709
20231109 17721
20231103 17709
20231110 17732
20231103 17709
20231111 17747
20231103 17709
20231112 17744
20231103 17709
20231113 17745
20231103 17709
20231114 17750
20231103 17709
20231115 17754
20231103 17709
20231116 17762
20231103 17709
20231117 17778
20231103 17709
20231118 17781
20231103 17709
20231120 17769
20231103 17709
20231121 17768
20231103 17709
20231122 17770
20231103 17709
20231123 17767
20231103 17709
20231124 17764
20231103 17709
20231125 17765
20231103 17709
20231126 17745
20231103 17709
20231127 17754
20231103 17709
20231128 17756
20231103 17709
20231129 17753
20231103 17709
20231130 17760
20231103 17709
20231201 17761
20231103 17709
20231202 17760
20231103 17709
20231203 17758
20231103 17709
20231204 17762
20231103 17709
20231205 17764
20231103 17709
20231206 17758
20231103 17709
20231207 17767
20231103 17709
20231208 17763
20231103 17709
20231209 17755
20231103 17709
20231210 17774
20231103 17709
20231211 17778
20231103 17709
20231212 17776
20231103 17709
20231213 17796
20231103 17709
20231214 17812
20231103 17709
20231215 17835
20231103 17709
20231216 17821
20231103 17709
20231217 17814
20231103 17709
20231218 17953
20231103 17709
20231219 17964
20231103 17709
20231220 17967
20231103 17709
20231221 17968
20231103 17709
20231222 17986
20231103 17709
20231223 17980
20231103 17709
20231224 17974
20231103 17709
20231225 17978
20231103 17709
20231226 17971
20231103 17709
20231227 17947
20231103 17709
20231230 17960
20231103 17709
20231231 17959
20231103 17709
20240101 17958
20231103 17709
20240102 18036
20231103 17709
20240103 18034
20231103 17709
20240104 18035
20231103 17709
20240105 18038
20231103 17709
20240106 18031
20231103 17709
20240107 18017
20240108 18017
20240109 18005
20240108 18017
20240110 18000
20240108 18017
20240111 18011
20240108 18017
20240112 18014
20240108 18017
20240113 18006
20240108 18017
20240114 18003
20240108 18017
20240115 18007
20240108 18017
20240116 18008
20240108 18017
20240117 18009
20240108 18017
20240118 18018
20240119 18017
20240120 18017
20240121 18019
20240120 18017
20240122 18015
20240120 18017
20240124 18024
20240120 18017
20240125 18040
20240120 18017
20240126 18031
20240120 18017
20240127 18038
20240120 18017
20240128 18016
20240120 18017
20240129 18006
20240120 18017
20240130 18000
20240120 18017
20240131 18007
20240120 18017
20240201 18014
20240120 18017
20240202 18012
20240120 18017
20240203 18008
20240120 18017
20240204 18011
20240205 18011
20240206 18023
20240205 18011
20240207 18025
20240205 18011
20240208 18028
20240205 18011
20240209 18025
20240205 18011
20240210 18031
20240205 18011
20240211 18028
20240205 18011
20240212 18031
20240214 18031
20240215 18039
20240214 18031
20240216 18028
20240214 18031
20240217 18038
20240214 18031
20240218 18039
20240214 18031
20240219 18036
20240214 18031
20240220 18039
20240214 18031
20240221 18045
20240214 18031
20240222 18048
20240214 18031
20240223 18058
20240214 18031
20240224 18060
20240225 18060
20240226 18062
20240225 18060
20240227 18058
20240225 18060
20240228 18067
20240225 18060
20240229 18074
20240225 18060
20240301 18072
20240225 18060
20240302 18069
20240225 18060
20240303 18068
20240225 18060
20240304 18078
20240225 18060
20240305 18072
20240225 18060
20240306 18073
20240225 18060
20240307 18071
20240225 18060
20240308 18065
20240225 18060
20240309 18056
20240225 18060
20240310 18031
20240225 18060
20240311 18017
20240225 18060
20240312 18012
20240225 18060
20240313 18007
20240225 18060
20240314 18017
20240225 18060
20240315 18015
20240225 18060
20240316 18009
20240225 18060
20240317 18006
20240225 18060
20240318 17997
20240225 18060
20240319 17996
20240225 18060
20240320 17989
20240225 18060
20240321 18001
20240225 18060
20240322 17999
20240225 18060
20240323 17950
20240225 18060
20240324 17884
20240225 18060
20240325 17835
20240225 18060
20240326 17822
20240225 18060
20240327 17833
20240225 18060
20240328 17829
20240225 18060
20240329 17823
20240225 18060
20240330 17819
20240225 18060
20240331 17821
20240225 18060
20240401 17816
20240225 18060
20240402 17809
20240225 18060
20240403 17793
20240225 18060
20240404 17796
20240225 18060
20240405 17804
20240225 18060
20240406 17819
20240225 18060
20240407 17814
20240225 18060
20240408 17810
20240225 18060
20240409 17815
20240225 18060
20240410 17814
20240225 18060
20240411 17808
20240225 18060
20240412 17817
20240225 18060
20240413 17822
20240225 18060
20240415 17832
20240225 18060
20240416 17836
20240225 18060
20240417 17841
20240225 18060
20240418 17830
20240225 18060
20240419 17831
20240225 18060
20240420 17836
20240225 18060
20240421 17831
20240225 18060
20240422 17824
20240225 18060
20240423 17827
20240225 18060
20240424 17830
20240225 18060
20240425 17838
20240225 18060
20240426 17846
20240225 18060
20240427 17842
20240225 18060
20240428 17827
20240225 18060
20240429 17828
20240225 18060
20240430 17846
20240225 18060
20240501 17848
20240225 18060
20240503 17840
20240225 18060
20240504 17834
20240225 18060
20240505 17837
20240506 17837
20240507 17843
20240506 17837
20240508 17844
20240506 17837
20240509 17852
20240506 17837
20240510 17857
20240506 17837
20240511 17858
20240512 17858
20240513 17857
20240512 17858
20240514 17859
20240512 17858
20240515 17855
20240512 17858
20240516 17852
20240517 17852
20240518 17855
20240517 17852
20240519 17851
20240517 17852
20240520 17841
20240517 17852
20240521 17845
20240517 17852
20240522 17850
20240517 17852
20240523 17832
20240517 17852
20240524 17828
20240517 17852
20240525 17825
20240517 17852
20240526 17831
20240517 17852
20240527 17828
20240517 17852
20240528 17829
20240517 17852
20240529 17827
20240517 17852
20240530 17828
20240517 17852
20240531 17818
20240517 17852
20240601 17819
20240517 17852
20240602 17822
20240517 17852
20240603 17820
20240517 17852
20240604 17813
20240517 17852
20240605 17811
20240517 17852
20240606 17813
20240517 17852
20240609 17800
20240517 17852
20240611 17806
20240517 17852
20240612 17803
20240517 17852
20240613 17804
20240517 17852
20240614 17810
20240517 17852
20240615 17811
20240517 17852
20240616 17808
20240517 17852
20240617 17796
20240517 17852
20240618 17798
20240517 17852
20240620 17794
20240517 17852
20240621 17782
20240517 17852
20240622 17761
20240517 17852
20240623 17764
20240517 17852
20240624 17754
20240517 17852
20240626 17738
20240517 17852
20240627 17742
20240517 17852
20240628 17741
20240517 17852
20240629 17751
20240517 17852
20240630 17749
20240517 17852
20240701 17741
20240517 17852
20240702 17737
20240517 17852
20240703 17731
20240517 17852
20240704 17727
20240517 17852
20240705 17718
20240517 17852
20240706 17721
20240517 17852
20240707 17716
20240517 17852
20240708 17712
20240517 17852
20240709 17713
20240517 17852
20240710 17695
20240711 17695
20240712 17692
20240711 17695
20240713 17698
20240711 17695
20240714 17696
20240711 17695
20240715 17686
20240711 17695
20240716 17683
20240711 17695
20240717 17681
20240711 17695
20240718 17691
20240711 17695
20240719 17690
20240711 17695
20240720 17696
20240711 17695
20240721 17697
20240711 17695
20240722 17699
20240711 17695
20240723 17698
20240724 17698
20240725 17705
20240724 17698
20240726 17701
20240727 17698
20240724 17698
20240728 17691
20240724 17698
20240729 17690
20240724 17698
20240730 17679
20240724 17698
20240731 17677
20240724 17698
20240801 17679
20240724 17698
20240802 17681
20240724 17698
20240803 17682
20240724 17698
20240804 17668
20240724 17698
20240805 17657
20240724 17698
20240806 17654
20240724 17698
20240807 17655
20240724 17698
20240808 17660
20240724 17698
20240809 17664
20240724 17698
20240810 17661
20240724 17698
20240811 17660
20240724 17698
20240812 17651
20240815 17651
20240816 17660
20240815 17651
20240817 17659
20240815 17651
20240818 17662
20240815 17651
20240819 17650
20240815 17651
20240820 17657
20240815 17651
20240821 17658
20240815 17651
20240822 17659
20240815 17651
20240823 17667
20240825 17667
20240826 17654
20240825 17667
20240827 17665
20240825 17667
20240828 17660
20240830 17660
20240831 17665
20240830 17660
20240901 17663
20240830 17660
20240902 17665
20240830 17660
20240903 17669
20240830 17660
20240904 17680
20240830 17660
20240905 17679
20240906 17679
20240907 17689
20240906 17679
20240908 17680
20240906 17679
20240909 17683
20240906 17679
20240910 17680
20240906 17679
20240911 17681
20240912 17681
20240913 17688
20240912 17681
20240914 17689
20240912 17681
20240915 17692
20240912 17681
20240916 17687
20240912 17681
20240917 17684
20240912 17681
20240918 17685
20240912 17681
20240919 17693
20240912 17681
20240920 17698
20240912 17681
20240921 17695
20240922 17695
20240925 17690
20240922 17695
20240926 17688
20240926 17688
