20230707 8
20230709 8
20230710 8
20230711 8
20230712 8
20230714 8
20230715 8
20230730 8
20230731 8
20230801 8
20230802 8
20230803 8
20230804 8
20230805 8
20230806 8
20230807 8
20230808 8
20230809 8
20230810 8
20230811 8
20230812 8
20230813 8
20230815 8
20230816 8
20230817 8
20230818 8
20230819 8
20230820 8
20230821 8
20230822 8
20230823 8
20230824 8
20230825 8
20230826 8
20230827 8
20230828 8
20230829 8
20230830 8
20230831 8
20230901 8
20230902 8
20230903 8
20230904 8
20230905 8
20230906 8
20230907 8
20230908 8
20230909 8
20230910 8
20230911 8
20230912 8
20230913 8
20230914 8
20230915 8
20230916 8
20230917 8
20230918 8
20230919 8
20230920 7
20230921 7
20230922 7
20230923 7
20230924 7
20230925 7
20230926 7
20230927 7
20230928 7
20230929 7
20230930 7
20231001 7
20231002 7
20231003 7
20231005 7
