20230707 262021
20230709 261940
20230710 261912
20230711 262042
20230712 262130
20230713 262140
20230714 262112
20230715 262069
20230730 261277
20230731 261262
20230801 261314
20230802 261313
20230803 261430
20230804 261377
20230805 261383
20230806 261359
20230807 261362
20230808 261452
20230809 261527
20230810 261562
20230811 261501
20230812 261547
20230813 261502
20230815 261629
20230816 261544
20230817 261617
20230818 261635
20230819 261690
20230820 261704
20230821 261786
20230822 261755
20230823 261862
20230824 261852
20230825 261828
20230826 261788
20230827 261831
20230828 261858
20230829 261839
