20230707 199832
20230709 199921
20230710 199901
20230711 200095
20230712 200200
20230713 200376
20230714 200503
20230715 200552
20230730 202326
20230731 202318
20230801 202426
20230802 202588
20230803 202714
20230804 202850
20230805 202968
20230806 202940
20230807 202954
20230808 203151
20230809 203280
20230810 203443
20230811 203774
20230812 203887
20230813 203943
20230815 204157
20230816 204265
20230817 204396
20230818 204504
20230819 204573
20230820 204613
20230821 204631
20230822 204860
20230823 205016
20230824 205109
20230825 205128
20230826 205232
20230827 205326
20230828 205318
20230829 205498
20230830 205642
20230831 205686
20230901 205754
20230902 205847
20230903 205872
20230904 205891
20230905 206018
20230906 206284
20230907 206438
20230908 206562
20230909 206707
20230910 206732
20230911 206741
20230912 206920
20230913 206992
20230914 206989
20230915 207081
20230916 207186
20230917 207206
20230918 207356
20230919 207524
20230920 199183
20230921 199452
20230922 199580
20230923 199700
20230924 199741
20230925 199753
20230926 199749
20230927 199956
20230928 200174
20230929 200368
20230930 200516
20231001 200478
20231002 200575
20231003 200770
20231005 201012
20231007 201250
20231008 201268
20231009 201293
20231010 201439
20231011 201646
20231012 201831
20231013 202004
20231014 202235
20231015 202324
20231016 202425
20231017 202649
20231018 202806
20231019 202950
20231020 203117
20231021 203206
20231022 203223
20231023 203373
20231024 203559
20231025 203702
20231026 203827
20231027 203766
20231028 203855
20231029 204104
20231030 204086
20231031 204112
20231101 204233
20231102 204370
20231103 204425
20231104 204615
20231105 204618
20231106 204611
20231107 204843
20231108 204984
20231109 205008
20231110 205187
20231111 205327
20231112 205345
20231113 205328
20231114 205459
20231115 205742
20231116 205927
20231117 206131
20231118 206360
20231120 206549
20231121 206730
20231122 207034
20231123 207486
20231124 207698
20231125 207861
20231126 207854
20231127 207894
20231128 207947
20231129 208094
20231130 208429
20231201 208802
20231202 208870
20231203 208950
20231204 208950
20231205 209154
20231204 208950
20231206 209320
20231204 208950
20231207 209574
20231204 208950
20231208 209750
20231204 208950
20231209 209809
20231204 208950
20231210 209812
20231204 208950
20231211 209746
20231204 208950
20231212 209912
20231204 208950
20231213 210056
20231204 208950
20231214 210133
20231204 208950
20231215 210188
20231216 210188
20231217 210137
20231216 210188
20231218 210180
20231216 210188
20231219 210404
20231216 210188
20231220 210470
20231216 210188
20231221 210624
20231216 210188
20231222 210652
20231216 210188
20231223 210668
20231216 210188
20231224 210740
20231216 210188
20231225 209688
20231216 210188
20231226 209280
20231216 210188
20231227 208597
20231216 210188
20231230 209790
20231216 210188
20231231 209830
20231216 210188
20240101 209739
20231216 210188
20240102 209812
20231216 210188
20240103 209934
20231216 210188
20240104 210084
20231216 210188
20240105 210414
20231216 210188
20240106 210758
20231216 210188
20240107 210951
20231216 210188
20240108 211161
20231216 210188
20240109 211398
20231216 210188
20240110 211611
20231216 210188
20240111 211813
20231216 210188
20240112 212086
20231216 210188
20240113 212276
20231216 210188
20240114 212333
20231216 210188
20240115 212393
20231216 210188
20240116 212717
20231216 210188
20240117 212908
20231216 210188
20240118 213151
20231216 210188
20240119 213341
20231216 210188
20240120 213517
20231216 210188
20240121 213724
20231216 210188
20240122 213803
20231216 210188
20240124 214291
20231216 210188
20240125 214446
20231216 210188
20240126 214681
20231216 210188
20240127 214844
20231216 210188
20240128 214865
20231216 210188
20240129 214874
20231216 210188
20240130 215095
20231216 210188
20240131 215248
20231216 210188
20240201 215411
20231216 210188
20240202 215664
20231216 210188
20240203 215976
20231216 210188
20240204 216107
20231216 210188
20240205 216152
20231216 210188
20240206 216514
20231216 210188
20240207 216908
20231216 210188
20240208 217087
20231216 210188
20240209 217367
20231216 210188
20240210 217579
20231216 210188
20240211 217702
20231216 210188
20240212 217761
20231216 210188
20240213 217983
20231216 210188
20240214 218245
20231216 210188
20240215 218454
20231216 210188
20240216 218647
20231216 210188
20240217 218714
20231216 210188
20240218 218619
20231216 210188
20240219 218645
20231216 210188
20240220 218726
20231216 210188
20240221 218898
20231216 210188
20240222 219172
20231216 210188
20240223 219615
20231216 210188
20240224 219741
20231216 210188
20240225 219784
20231216 210188
20240226 219878
20231216 210188
20240227 220122
20231216 210188
20240228 220272
20231216 210188
20240229 220465
20231216 210188
20240301 220631
20231216 210188
20240302 220799
20231216 210188
20240303 220853
20231216 210188
20240304 220862
20231216 210188
20240305 221074
20231216 210188
20240306 221258
20231216 210188
20240307 221512
20231216 210188
20240308 221616
20231216 210188
20240309 221822
20231216 210188
20240310 221788
20231216 210188
20240311 221847
20231216 210188
20240312 222095
20231216 210188
20240313 222300
20231216 210188
20240314 222485
20231216 210188
20240315 222659
20231216 210188
20240316 222793
20231216 210188
20240317 222779
20231216 210188
20240318 222740
20231216 210188
20240319 223022
20231216 210188
20240320 223182
20231216 210188
20240321 223186
20231216 210188
20240322 223258
20231216 210188
20240323 223324
20231216 210188
20240324 223375
20231216 210188
20240325 223331
20231216 210188
20240326 223580
20231216 210188
20240327 223799
20231216 210188
20240328 223895
20231216 210188
20240329 224041
20231216 210188
20240330 224126
20231216 210188
20240331 224125
20231216 210188
20240401 224097
20231216 210188
20240402 224356
20231216 210188
20240403 224547
20231216 210188
20240404 224737
20231216 210188
20240405 224863
20231216 210188
20240406 225037
20231216 210188
20240407 225059
20231216 210188
20240408 225154
20231216 210188
20240409 225357
20231216 210188
20240410 225650
20231216 210188
20240411 225980
20231216 210188
20240412 226326
20231216 210188
20240413 226383
20231216 210188
20240415 226255
20231216 210188
20240416 226476
20231216 210188
20240417 226852
20231216 210188
20240418 227015
20231216 210188
20240419 227164
20231216 210188
20240420 227383
20231216 210188
20240421 227367
20231216 210188
20240422 227276
20231216 210188
20240423 227451
20231216 210188
20240424 227752
20231216 210188
20240425 228001
20231216 210188
20240426 228304
20231216 210188
20240427 228383
20231216 210188
20240428 228456
20231216 210188
20240429 228483
20231216 210188
20240430 228668
20231216 210188
20240501 228949
20231216 210188
20240503 229108
20231216 210188
20240504 229185
20231216 210188
20240505 229225
20231216 210188
20240506 229122
20231216 210188
20240507 229461
20231216 210188
20240508 229551
20231216 210188
20240509 229741
20231216 210188
20240510 229859
20231216 210188
20240511 230019
20231216 210188
20240512 230100
20231216 210188
20240513 230111
20231216 210188
20240514 230307
20231216 210188
20240515 230556
20231216 210188
20240516 230666
20231216 210188
20240517 230854
20231216 210188
20240518 231035
20231216 210188
20240519 230985
20231216 210188
20240520 230885
20231216 210188
20240521 230954
20231216 210188
20240522 231277
20231216 210188
20240523 231532
20231216 210188
20240524 231553
20231216 210188
20240525 231783
20231216 210188
20240526 231812
20231216 210188
20240527 231755
20231216 210188
20240528 232055
20231216 210188
20240529 232359
20231216 210188
20240530 232615
20231216 210188
20240531 232932
20231216 210188
20240601 233218
20231216 210188
20240602 233250
20231216 210188
20240603 233301
20231216 210188
20240604 233562
20231216 210188
20240605 233855
20231216 210188
20240606 234276
20231216 210188
20240609 234690
20231216 210188
20240611 235001
20231216 210188
20240612 235305
20231216 210188
20240613 235720
20231216 210188
20240614 236406
20231216 210188
20240615 236789
20231216 210188
20240616 236877
20231216 210188
20240617 236910
20231216 210188
20240618 237279
20231216 210188
20240620 238027
20231216 210188
20240621 238333
20231216 210188
20240622 238667
20231216 210188
20240623 238818
20231216 210188
20240624 238890
20231216 210188
20240626 239674
20231216 210188
20240627 240220
20231216 210188
20240628 240407
20231216 210188
20240629 240411
20231216 210188
20240630 240790
20231216 210188
20240701 240873
20231216 210188
20240702 241010
20231216 210188
20240703 241303
20231216 210188
20240704 241833
20231216 210188
20240705 242081
20231216 210188
20240706 242070
20231216 210188
20240707 241758
20231216 210188
20240708 241776
20231216 210188
20240709 242117
20231216 210188
20240710 242426
20231216 210188
20240711 242612
20231216 210188
20240712 242920
20231216 210188
20240713 243006
20231216 210188
20240714 242863
20231216 210188
20240715 242834
20231216 210188
20240716 243009
20231216 210188
20240717 243471
20231216 210188
20240718 243784
20231216 210188
20240719 243971
20231216 210188
20240720 243708
20231216 210188
20240721 243485
20231216 210188
20240722 243506
20231216 210188
20240723 243576
20240724 243576
20240725 244265
20240724 243576
20240726 244465
20240724 243576
20240727 244351
20240724 243576
20240728 244178
20240724 243576
20240729 244164
20240724 243576
20240730 244433
20240724 243576
20240731 244892
20240724 243576
20240801 245119
20240724 243576
20240802 245254
20240724 243576
20240803 245344
20240724 243576
20240804 245096
20240724 243576
20240805 245121
20240724 243576
20240806 245554
20240724 243576
20240807 246147
20240724 243576
20240808 246383
20240724 243576
20240809 246770
20240724 243576
20240810 247077
20240724 243576
20240811 247124
20240724 243576
20240812 247160
20240724 243576
20240813 247559
20240724 243576
20240814 247990
20240724 243576
20240815 248193
20240724 243576
20240816 248463
20240724 243576
20240817 248898
20240724 243576
20240818 249043
20240724 243576
20240819 248647
20240724 243576
20240820 248846
20240724 243576
20240821 249274
20240724 243576
20240822 249564
20240724 243576
20240823 249779
20240724 243576
20240824 249987
20240724 243576
20240825 250036
20240724 243576
20240826 250115
20240724 243576
20240827 250502
20240724 243576
20240828 250914
20240724 243576
20240829 251431
20240724 243576
20240830 251799
20240724 243576
20240831 251985
20240724 243576
20240901 252036
20240724 243576
20240902 252055
20240724 243576
20240903 252426
20240724 243576
20240904 252933
20240724 243576
20240905 253303
20240724 243576
20240906 253682
20240724 243576
20240907 254034
20240908 254034
20240909 254012
20240908 254034
20240910 254520
20240908 254034
20240911 254875
20240908 254034
20240912 255356
20240908 254034
20240913 255666
20240908 254034
20240914 255862
20240908 254034
20240915 255931
20240908 254034
20240916 256031
20240908 254034
20240917 256326
20240908 254034
20240918 256534
20240908 254034
20240919 257007
20240908 254034
20240920 257387
20240908 254034
20240921 257304
20240908 254034
20240921 257575
20240908 254034
20240922 257304
20240908 254034
20240925 257981
20240908 254034
20240926 258324
20240908 254034
20240927 258776
20240927 258776
