20230707 42624
20230709 42590
20230710 42542
20230711 42472
20230712 42362
20230713 42349
20230714 42255
20230715 42067
20230730 41342
20230731 41031
20230801 40982
20230802 40963
20230803 40947
20230804 40912
20230805 40887
20230806 40869
20230807 40840
20230808 40845
20230809 40804
20230810 40775
20230811 40753
20230812 40737
20230813 40575
20230815 40565
20230816 40565
20230817 40571
20230818 40546
20230819 40532
20230820 40514
20230821 40447
20230822 40396
20230823 40375
20230824 40350
20230825 40367
20230826 40328
