20230707 37
20230709 37
20230710 37
20230711 37
20230712 37
20230714 37
20230715 37
20230730 38
20230731 38
20230801 38
20230802 38
20230803 38
20230804 38
20230805 38
20230806 38
20230807 38
20230808 38
20230809 38
20230810 39
20230811 39
20230812 39
20230813 39
20230815 39
20230816 39
20230817 39
20230818 39
20230819 39
20230820 39
20230821 39
20230822 39
20230823 39
20230824 39
20230825 39
20230826 39
20230827 39
20230828 39
20230829 39
20230830 39
20230831 39
20230901 39
20230902 39
20230903 39
20230904 39
20230905 39
20230906 39
