20230707 4807
20230709 4807
20230710 4809
20230711 4809
20230712 4813
20230714 4813
20230715 4812
20230730 4816
20230731 4810
20230801 4807
20230802 4807
20230803 4807
20230804 4807
20230805 4808
20230806 4810
20230807 4811
20230808 4814
20230809 4812
20230810 4811
20230811 4809
20230812 4809
20230813 4809
20230815 4809
20230816 4810
20230817 4816
20230818 4820
20230819 4815
20230820 4815
20230821 4815
20230822 4817
20230823 4819
20230824 4816
20230825 4815
20230826 4817
20230827 4808
20230828 4808
20230829 4808
20230830 4808
20230831 4808
20230901 4798
20230902 4797
20230903 4795
20230904 4795
20230905 4797
20230906 4798
20230907 4799
20230908 4799
20230909 4802
20230910 4802
20230911 4801
20230912 4801
20230913 4801
20230914 4797
20230915 4797
20230916 4799
20230917 4799
20230918 4797
