20230708 79
20230710 79
20230711 78
20230715 78
20230730 77
20230927 77
20230928 80
20230929 81
20231001 81
20231002 83
20231003 83
20231005 81
20231010 81
20231011 82
20231017 82
20231018 83
20231023 83
20231024 57
20231025 83
20231029 83
20231030 82
20231112 82
20231113 85
20231121 85
20231122 86
20240116 86
20240117 87
20240122 87
20240124 85
20240226 85
20240227 86
20240513 86
20240514 85
20240825 85
20240826 84
20240922 84
20240925 83
20240927 83
20240928 81
20240929 80
20241001 80
20241002 78
20241008 78
