20230707 69
20230709 69
20230710 69
20230711 69
20230712 69
20230714 69
20230715 69
20230730 69
20230731 69
20230801 69
20230802 69
20230803 69
20230804 69
20230805 69
20230806 69
20230807 69
20230808 69
20230809 69
20230810 69
20230811 69
20230812 69
20230813 69
20230815 69
20230816 69
20230817 69
20230818 69
20230819 69
20230820 69
20230821 69
20230822 69
20230823 69
20230824 69
20230825 69
20230826 69
20230827 69
20230828 69
20230829 69
20230830 69
20230831 69
20230901 69
20230902 69
20230903 69
20230904 69
20230905 69
20230906 69
20230907 69
20230908 69
20230909 67
20230910 67
20230911 67
20230912 67
20230913 67
20230914 67
