20230922 16
20230924 16
20230925 16
20230926 16
20230927 16
20230928 16
20230929 16
20230930 16
20231001 16
20231002 16
20231003 16
20231005 16
20231007 16
20231008 16
20231009 16
20231010 16
20231011 16
20231012 16
20231013 16
20231014 16
20231015 16
20231016 16
20231017 16
20231018 16
20231019 16
20231020 16
20231021 16
20231022 16
20231023 16
20231024 16
20231025 16
20231026 16
20231027 16
20231028 16
20231029 16
20231030 16
20231031 16
20231101 16
20231102 16
20231103 16
20231104 16
20231105 16
