20220828 30866
20220928 30866
20221028 31336
20221128 31285
20221228 30558
20230128 30176
20230228 29968
20230328 29845
20230428 29846
20230528 29856
20230628 29807
20230728 29779
20230828 29803
20230928 29774
20231028 29660
20231128 29612
20231228 29596
20240128 29435
20240228 29266
20240128 29435
20240228 29266
20240328 29169
20240428 29197
20240528 29193
20240628 29178
20240728 29195
20240828 29165
20240928 29152
20241028 28522
20241128 28462
20241228 28419
20250128 28255
20250228 28197
20250328 27202
20250428 27210
