20230707 2163
20230709 2167
20230710 2167
20230711 2157
20230712 2152
20230713 2150
20230714 2137
20230715 2123
20230730 2154
20230731 2148
20230801 2150
20230802 2147
20230803 2136
20230804 2134
20230805 2137
20230806 2137
20230807 2137
20230808 2137
20230809 2137
20230810 2139
20230811 2140
20230812 2143
20230813 2147
20230815 2142
20230816 2143
20230817 2150
20230818 2147
20230819 2145
20230820 2144
20230821 2145
20230822 2144
20230823 2145
20230824 2142
20230825 2142
20230826 2139
20230827 2139
20230828 2139
20230829 2135
20230830 2134
20230831 2131
20230901 2128
20230902 2127
20230903 2122
20230904 2121
20230905 2120
20230906 2121
20230907 2120
20230908 2117
20230909 2117
20230910 2116
20230911 2116
20230912 2115
20230913 2115
20230914 2116
20230915 2107
20230916 2107
20230917 2107
20230918 2105
20230919 2107
20230920 2101
20230921 2099
20230922 2102
20230923 2099
20230924 2100
