20230708 570
20230709 570
20230710 571
20230711 569
20230712 569
20230714 569
20230715 569
20230730 571
20230731 571
20230801 571
20230802 571
20230803 571
20230804 570
20230805 570
20230806 570
20230807 570
20230808 570
20230809 570
20230810 570
20230811 568
20230812 568
20230813 567
20230814 567
20230815 569
20230816 568
20230817 566
20230818 566
20230819 566
20230820 566
20230821 554
20230822 552
20230823 552
20230824 551
20230825 551
20230826 551
20230827 551
20230828 550
20230829 550
20230830 550
20230831 550
20230901 550
20230902 550
20230903 549
20230904 549
20230905 549
20230906 549
20230907 549
20230908 558
20230909 557
20230910 557
20230911 558
20230912 559
20230913 559
20230914 560
20230915 560
20230916 560
20230917 559
20230918 558
20230919 569
20230920 569
20230921 570
20230922 570
20230923 572
20230924 572
20230925 572
20230926 572
20230927 575
20230928 577
20230929 580
20230930 580
20231001 579
20231002 578
20231003 578
20231005 576
20231007 576
20231008 575
20231009 575
20231010 575
20231011 587
20231012 604
20231013 618
20231014 625
20231015 625
20231016 625
20231017 626
20231018 626
20231019 625
20231020 625
20231021 625
20231022 624
20231023 628
20231024 628
20231025 628
20231026 628
20231027 629
20231028 630
20231029 630
20231030 630
20231031 632
20231101 632
20231102 631
20231103 631
20231104 630
20231105 630
20231106 630
20231107 630
20231108 629
20231109 629
20231110 630
20231111 630
20231112 629
20231113 631
20231114 630
20231115 629
20231116 629
20231117 629
20231118 629
20231120 629
20231121 629
20231122 629
20231123 629
20231124 629
20231125 629
20231126 630
20231127 629
20231128 629
20231129 628
20231130 628
20231201 629
20231202 629
20231203 629
20231204 629
20231205 631
20231206 631
20231207 633
20231208 635
20231209 635
20231210 635
20231211 635
20231212 636
20231213 636
20231214 636
20231215 636
20231216 637
20231217 632
20231218 632
20231219 632
20231220 632
20231221 631
20231222 631
20231223 631
20231224 631
20231225 631
20231226 631
20231227 632
20231230 632
20231231 632
20240101 632
20240102 626
20240103 626
20240104 626
20240105 627
20240106 627
20240107 627
20240108 627
20240109 627
20240110 627
20240111 627
20240112 627
20240113 627
20240114 627
20240115 627
20240116 627
20240117 633
20240118 634
20240119 634
20240120 634
20240121 634
20240122 634
20240124 634
20240125 634
20240126 635
20240127 635
20240128 635
20240129 635
20240130 635
20240131 635
20240201 634
20240202 634
20240203 634
20240204 634
20240205 633
20240206 633
20240207 630
20240208 630
20240209 630
20240210 631
20240211 631
20240212 631
20240213 630
20240214 629
20240215 629
20240216 629
20240217 622
20240218 622
20240219 621
20240220 621
20240221 629
20240222 629
20240223 626
20240224 626
20240225 626
20240226 625
20240227 625
20240228 625
20240229 625
20240301 625
20240302 625
20240303 625
20240304 624
20240305 624
20240306 624
20240307 624
20240308 624
20240309 624
20240310 624
20240311 624
20240312 622
20240313 622
20240314 622
20240315 623
20240316 623
20240317 623
20240318 623
20240319 623
20240320 623
20240321 623
20240322 623
20240323 623
20240324 623
20240325 623
20240326 623
20240327 623
20240328 623
20240329 623
20240330 623
20240331 623
20240401 623
20240402 624
20240403 624
20240404 624
20240405 624
20240406 624
20240407 624
20240408 624
20240409 624
20240410 624
20240411 623
20240412 624
20240413 624
20240415 624
20240416 624
20240417 624
20240418 624
20240419 624
20240420 623
20240421 623
20240422 623
20240423 623
20240424 623
20240425 623
20240426 623
20240427 623
20240428 622
20240429 600
20240430 580
20240501 560
20240503 521
20240504 521
20240505 519
20240506 517
20240507 517
20240508 517
20240509 517
20240510 516
20240511 516
20240512 516
20240513 516
20240514 516
20240515 516
20240516 515
20240517 515
20240518 515
20240519 515
20240520 515
20240521 515
20240522 515
20240523 515
20240524 515
20240525 516
20240526 516
20240527 516
20240528 516
20240529 516
20240530 517
20240531 517
20240601 517
20240602 517
20240603 517
20240604 516
20240605 516
20240606 515
20240609 515
20240611 514
