20230922 2172
20230924 2172
20230925 2174
20230926 2174
20230927 2174
20230928 2174
20230929 2174
20230930 2173
20231001 2172
20231002 2172
20231003 2172
20231005 2173
20231007 2175
20231008 2174
20231009 2175
20231010 2175
20231011 2176
20231012 2176
20231013 2176
20231014 2176
20231015 2177
20231016 2177
20231017 2177
20231018 2177
20231019 2177
20231020 2178
20231021 2178
20231022 2178
20231023 2178
20231024 2182
20231025 2183
20231026 2183
20231027 2185
20231028 2185
20231029 2185
20231030 2184
20231031 2184
20231101 2184
20231102 2184
20231103 2184
20231104 2184
20231105 2184
20231106 2185
20231107 2189
20231108 2189
20231109 2189
20231110 2188
20231111 2188
20231112 2190
20231113 2190
20231114 2188
20231115 2188
20231116 2188
20231117 2191
20231118 2191
20231120 2190
20231121 2190
20231122 2191
20231123 2192
20231124 2192
20231125 2192
20231126 2192
20231127 2195
20231128 2195
20231129 2195
20231130 2195
20231201 2195
20231202 2196
20231203 2196
20231204 2198
20231205 2199
20231206 2199
20231207 2200
20231208 2199
20231209 2201
20231210 2201
20231211 2201
20231212 2201
20231213 2206
20231214 2206
20231215 2207
20231216 2207
20231217 2207
20231218 2207
20231219 2207
20231220 2205
20231221 2205
20231222 2205
20231223 2205
20231224 2205
20231225 2204
20231226 2205
20231227 2205
20231230 2204
20231231 2204
20240101 2204
20240102 2204
20240103 2204
20240104 2204
20240105 2203
20240106 2203
20240107 2203
20240108 2204
20240109 2204
20240110 2204
20240111 2205
20240112 2205
20240113 2205
20240114 2205
20240115 2207
20240116 2207
20240117 2209
20240118 2210
20240119 165
20240120 2210
20240121 2212
20240122 2212
20240124 2211
20240125 2210
20240126 2212
20240127 2212
20240128 2212
20240129 2212
20240130 2211
