20110128 11119
20110228 11873
20110328 12947
20110428 13699
20110528 14168
20110628 14613
20110728 15219
20110828 15492
20110928 17049
20111028 17494
20111128 17526
20111228 18059
20120128 15875
20120228 15825
20120328 15918
20120428 16117
20120528 16007
20120628 16107
20120628 16107
20120728 16224
20120828 16500
20120928 16588
20121028 16767
20121128 17338
20121228 17419
20130128 16538
20130228 16569
20130328 16717
20130428 17119
20130528 17111
20130628 17364
20130728 17534
20130828 17569
20130928 17670
20131028 17673
20131128 17752
20131228 17962
20140128 17879
20140228 17280
20140328 17095
20140428 17026
20140528 16650
20140628 16247
20140728 16105
20140828 15742
20140928 15561
20141028 15213
20141128 14731
20141228 14371
20150128 14112
20150228 13614
20150328 13418
20150428 13194
20150528 12957
20150628 12535
20150728 12353
20150828 12123
20150928 12008
20151028 11904
20151128 11737
20151228 11492
20160128 11356
20160228 11102
20160328 11003
20160428 10921
20160528 10748
20160628 10533
20160728 10464
20160828 10402
20160928 10387
20161028 10338
20161128 10289
20161228 10231
20170128 10159
20170228 10056
20170328 10029
20170428 9968
20170528 9862
20170628 9820
20170728 9758
20170828 9725
20170928 9693
20171028 9619
20171128 9532
20171228 9394
20180128 9269
20180228 9072
20180328 8937
20180428 8824
20180528 8718
20180628 8619
20180728 8577
20180828 8532
20180928 8495
20181028 8460
20181128 8420
20181228 8371
20190128 8340
20190228 8291
20190328 8233
20190428 8151
20190528 8162
20190628 8109
20190728 8058
20190828 8027
20190928 7998
20191028 7944
20191128 7878
20191228 7823
20200128 7794
20200228 7724
20200328 7692
20200428 7641
20200528 7590
20200628 7519
20200728 7508
20200828 7490
20200928 7491
20201028 7504
20201128 7501
20201228 7476
20210128 6102
20210228 5415
20210328 5399
20210428 5417
20210528 5391
20210628 5366
20210728 5329
20210828 5306
20210928 5270
20211028 5261
20211128 5240
20211228 5215
20220128 5084
20220228 4972
20220328 4901
20220428 4933
20220528 4962
20220628 4988
20220728 5020
20220828 5077
20220928 5099
20221028 5119
20221128 5137
20221228 5140
20230128 5166
20230228 5177
20230328 5198
20230428 5257
20230528 5274
20230628 5225
20230728 5188
20230828 5173
20230928 5176
20231028 5135
20231128 4587
20231228 4233
20240628 10842
20240629 10656
20240630 10396
20240701 10112
20240702 9855
20240703 9616
20240704 9402
20240705 9152
20240706 9152
20240707 8912
20240708 8685
20240709 8494
20240710 8272
20240711 8006
20240712 7606
20240713 7606
20240714 7144
20240715 6720
20240716 6486
20240717 6486
20240718 6295
20240719 6124
20240720 5861
20240721 5703
20240722 5616
20240723 5616
20240724 5539
20240725 5394
20240726 5347
20240727 5292
20240728 5274
20240729 5279
20240730 5278
20240731 5171
20240801 5166
20240802 5158
20240803 5129
20240804 5129
20240805 5092
20240806 5090
20240807 5090
20240808 5090
20240809 5089
20240810 5064
20240811 5064
20240812 5056
20240813 5056
20240814 5020
20240815 5020
20240816 4994
20240817 4980
20240818 4979
20240819 4978
20240820 4950
20240821 4924
20240822 4900
20240823 4898
20240824 4893
20240825 4891
20240826 4891
20240827 4891
20240828 4891
20240829 4891
20240830 4891
20240831 4891
20240901 4889
20240902 4887
20240903 4887
20240904 4888
20240905 4888
20240906 4888
20240907 4890
20240908 4890
20240909 4888
20240910 4888
20240911 4886
20240912 4886
20240913 4884
20240914 4874
20240915 4868
20240916 4865
20240917 4864
20240918 4864
20240919 4862
20240920 4866
20240921 4868
20240922 4868
20240925 4860
20240926 4861
20240927 4856
20240928 4853
20240929 4850
20240930 4849
20241001 4846
20241002 4846
20241003 4847
20241004 4847
20241005 4846
20241006 4845
20241007 4846
20241008 4846
20241009 4843
20241010 4822
20241011 4766
20241012 4710
20241013 4671
20241014 4652
20241015 4617
20241016 4613
20241017 4611
20241018 4611
20241019 4598
20241020 4595
20241021 4585
20241022 4582
20241023 4577
20241024 4578
20241025 4577
20241026 4576
20241027 4580
20241028 4580
20241029 4582
20241030 4576
20241031 4575
20241101 4554
20241102 4554
20241103 4554
20241104 4559
20241105 4561
20241106 4559
20241107 4566
20241108 4533
20241109 4456
20241110 4437
20241111 4432
20241112 4422
20241113 4408
20241114 4370
20241115 4351
20241116 4334
20241117 4319
20241118 4278
20241119 4260
20241120 4252
20241121 4244
20241122 4245
20241123 4235
20241124 4235
20241125 4235
20241126 4234
20241127 4232
20241128 4227
20241129 4226
20241130 4220
20241201 4213
20241202 4211
20241203 4209
20241204 4208
20241205 4203
20241206 4203
20241207 4211
20241208 4224
20241209 4243
20241210 4261
20241211 4272
20241212 4282
20241213 4295
20241214 4307
20241215 4314
20241216 4314
20241217 4312
20241218 4312
20241219 4312
20241220 4306
20241221 4305
20241222 4301
20241223 4299
20241224 4299
20241225 4298
20241226 4275
20241227 4264
20241228 4266
20241229 4264
20241230 4264
20241231 4265
20250128 3163
20250228 3108
20250328 3081
20250428 3056
20250528 3028
20250628 2941
20250728 2919
20250828 2888
20250928 2862
20251028 2838
20251128 2810
20251228 2794
20260103 3163
20260110 2786
