20230707 304
20230730 304
20230801 303
20230903 303
20230904 302
20230907 302
20230908 301
20230909 302
20230910 302
20230911 306
20231015 306
20231016 305
20231030 305
20231031 308
20231227 308
20231230 309
20231231 309
20240101 310
20240107 310
20240108 307
20240225 307
20240226 306
20240602 306
20240603 303
20240702 303
20240703 302
20240713 302
20240714 301
20240715 301
20240716 302
20240814 302
20240815 301
20240816 302
20240912 302
20240913 301
20241006 301
20241111 300
20241126 300
20241127 299
20241128 300
20241228 300
20241229 301
20250107 301
20250108 294
20250126 294
20250127 293
20250203 293
20250204 292
20250214 292
20250215 291
20250219 291
20250220 290
20250302 290
20250303 288
20250504 288
20250505 287
20250511 287
20250512 288
20250519 288
20250520 287
20250529 287
20250530 283
20250531 283
20250601 284
20250604 284
20250605 283
20250624 283
20250625 282
20250712 282
20250713 281
20250714 280
20250826 280
20250827 279
20250828 277
20251001 277
20251002 272
20251028 272
20251029 271
20251030 270
20251031 270
20251101 268
20251103 268
20251104 267
20251109 267
20251110 266
20251111 262
20251112 261
20251210 261
20251212 256
20260217 256
