20230707 138
20230711 138
20230712 137
20230715 137
20230730 138
20230731 139
20230801 139
20230802 141
20230807 141
20230808 140
20230822 140
20230823 139
20230827 139
20230828 138
20230919 138
20230920 136
20230921 135
20230927 135
20230928 136
20231020 136
20231021 134
20231107 134
20231108 135
20231118 135
20231120 134
20231128 134
20231129 133
20231202 133
20231203 132
20231204 132
20231205 131
20231218 131
20231219 129
20231221 129
20231222 128
20231223 130
20231226 130
20231227 128
20240108 128
20240109 126
20240111 126
20240112 125
20240115 125
20240116 124
20240118 124
20240119 123
20240122 123
20240124 122
20240215 122
20240216 123
20240224 123
20240225 125
20240227 125
20240228 123
20240308 123
20240309 124
20240310 124
20240311 123
20240317 123
20240318 121
20240319 121
20240320 116
20240331 116
20240401 115
20240402 114
20240403 114
20240404 115
20240405 116
20240406 115
20240408 115
20240409 114
20240424 114
20240425 115
20240429 115
20240430 114
20240508 114
20240509 138
20240510 138
20240511 143
20240512 158
20240513 160
20240519 160
20240520 161
20240529 161
20240530 162
20240606 162
20240609 165
20240611 164
20240612 163
20240613 164
20240616 164
20240617 165
20240618 165
20240620 167
20240621 168
20240624 168
20240626 168
20240627 168
20240628 168
20240629 168
20240630 168
20240701 168
20240702 168
20240703 168
20240704 170
20240705 170
20240706 171
20240707 171
20240708 171
20240709 175
20240710 174
20240711 174
20240712 173
20240713 173
20240714 173
20240715 173
20240716 174
20240717 174
20240718 174
20240719 174
20240720 175
20240721 175
20240722 175
20240723 175
20240724 175
20240725 175
20240726 175
20240727 174
20240728 175
20240729 175
20240730 174
20240731 175
20240801 175
20240802 175
20240803 175
20240804 175
20240805 175
20240806 175
20240807 175
20240808 175
