20230707 2159
20230709 2156
20230710 2157
20230711 2159
20230712 2158
20230713 2159
20230714 2161
20230715 2160
20230730 2149
20230731 2148
20230801 2148
20230802 2146
20230803 2145
20230804 2146
20230805 2144
20230806 2144
20230807 2144
20230808 2142
20230809 2142
20230810 2142
20230811 2139
20230812 2139
20230813 2148
20230815 2148
20230816 2148
20230817 2149
20230818 2147
20230819 2147
20230820 2146
20230821 2146
20230822 2145
20230823 2145
20230824 2145
20230825 2149
20230826 2145
20230827 2144
20230828 2145
20230829 2150
20230830 2148
20230831 2146
20230901 2146
20230902 2145
20230903 2144
20230904 2142
20230905 2142
20230906 2140
20230907 2137
20230908 2138
20230909 2136
20230910 2136
20230911 2135
20230912 2135
20230913 2136
20230914 2135
20230915 2142
20230916 2143
20230917 2144
20230918 2144
20230919 2146
20230920 2136
20230921 2146
20230922 2145
20230923 2148
20230924 2148
20230925 2149
20230926 2152
20230927 2151
20230928 2150
20230929 2149
20230930 2150
20231001 2153
20231002 2154
20231003 2152
20231005 2151
20231007 2155
20231008 2155
20231009 2155
20231010 2157
20231011 2155
20231012 2154
20231013 2153
20231014 2154
20231015 2161
20231016 2161
20231017 2180
20231018 2194
20231019 2194
20231020 2195
20231021 2195
20231022 2195
20231023 2195
20231024 2194
20231025 2196
20231026 2200
20231027 2197
20231028 2196
20231029 2198
20231030 2199
20231031 2199
20231101 2209
20231102 2209
20231103 2209
20231104 2210
20231105 2212
20231106 2213
20231107 2209
20231108 2210
20231109 2209
20231110 2209
20231111 2208
20231112 2209
20231113 2210
20231114 2210
20231115 2209
20231116 2211
20231117 2210
20231118 2209
20231120 2206
20231121 2204
20231122 2202
20231123 2203
20231124 2201
20231125 2200
20231126 2202
20231127 2204
20231128 2204
20231129 2206
20231130 2206
20231201 2207
20231202 2207
20231203 2210
20231204 2208
20231205 2205
20231206 2206
20231207 2209
20231208 2207
20231209 2218
20231210 2220
20231211 2220
20231212 2222
20231213 2223
20231214 2227
20231215 2234
20231216 2241
20231217 2243
20231218 2243
20231219 2244
20231220 2245
20231221 2246
20231222 2245
20231223 2241
20231224 2240
20231225 2241
20231226 2241
20231227 2240
20231230 2233
20231231 2233
20240101 2232
20240102 2230
20240103 2230
20240104 2231
20240105 2232
20240106 2230
20240107 2229
20240108 2228
20240109 2229
20240110 2229
20240111 2225
20240112 2224
20240113 2224
20240114 2223
20240115 2221
20240116 2222
20240117 2220
20240118 2222
20240119 2222
20240120 2220
20240121 2220
20240122 2220
20240124 2219
20240125 2220
20240126 2218
20240127 2219
20240128 2219
20240129 2219
20240130 2220
20240131 2222
20240201 2223
20240202 2223
20240203 2224
20240204 2224
20240205 2224
20240206 2224
20240207 2217
20240208 2216
20240209 2218
20240210 2221
20240211 2220
20240212 2220
20240213 2221
20240214 2219
20240215 2222
20240216 2221
20240217 2222
20240218 2222
20240219 2222
20240220 2221
20240221 2221
20240222 2217
20240223 2225
20240224 2226
20240225 2226
20240226 2227
20240227 2225
20240228 2224
20240229 2225
20240301 2223
20240302 2225
20240303 2226
20240304 2224
20240305 2222
20240306 2221
20240307 2223
20240308 2224
20240309 2224
20240310 2223
20240311 2223
20240312 2222
20240313 2220
20240314 2219
20240315 2219
20240316 2221
20240317 2220
20240318 2220
20240319 2218
20240320 2217
20240321 2217
20240322 2215
20240323 2216
20240324 2216
20240325 2216
20240326 2212
20240327 2217
20240328 2219
20240329 2224
20240330 2226
20240331 2227
20240401 2227
20240402 2231
20240403 2232
20240404 2233
20240405 2234
20240406 2234
20240407 2234
20240408 2233
20240409 2230
20240410 2232
20240411 2236
20240412 2238
20240413 2239
20240415 2238
20240416 2238
20240417 2239
20240418 2240
20240419 2241
20240420 2243
20240421 2246
20240422 2245
20240423 2243
20240424 2244
20240425 2262
20240426 2259
20240427 2264
20240428 2263
20240429 2264
20240430 2262
20240501 2262
20240503 2258
20240504 2262
20240505 2262
20240506 2261
20240507 2259
20240508 2260
20240509 2262
20240510 2260
20240511 2259
20240512 2259
20240513 2259
20240514 2258
20240515 2256
20240516 2256
20240517 2254
20240518 2253
20240519 2250
20240520 2249
20240521 2252
20240522 2252
20240523 2251
20240524 2253
20240525 2252
20240526 2251
20240527 2249
20240528 2247
20240529 2247
20240530 2246
20240531 2247
20240601 2250
