20230707 4
20230709 4
20230710 4
20230711 4
20230712 4
20230714 4
20230715 4
20230730 4
20230731 4
20230801 4
20230802 4
20230803 4
20230804 4
20230805 4
20230806 4
20230807 4
20230808 4
20230809 4
20230810 4
20230811 4
20230812 4
20230813 4
20230815 4
20230816 4
20230817 4
20230818 4
20230819 4
20230820 4
20230821 4
20230822 4
20230823 4
20230824 4
20230825 4
20230826 4
20230827 4
20230828 4
20230829 4
20230830 4
20230831 4
20230901 4
20230902 4
20230903 4
20230904 4
20230905 4
20230906 4
20230907 4
20230908 4
20230909 4
20230910 4
20230911 4
20230912 4
20230913 4
20230914 4
20230915 4
20230916 4
20230917 4
20230918 4
20230919 4
20230920 1
20230921 1
20230922 1
20230923 1
20230924 1
20230925 1
20230926 1
20230927 1
20230928 1
20230929 1
20230930 1
20231001 1
20231002 1
20231003 1
20231005 1
20231007 1
20231008 1
20231009 1
20231010 1
20231011 1
20231012 1
20231013 1
20231014 1
20231015 1
20231016 1
20231017 1
20231018 1
20231019 1
20231020 1
20231021 1
20231022 1
20231023 1
20231024 1
20231025 1
20231026 1
20231027 1
20231028 1
20231029 1
20231030 1
20231031 1
20231101 1
20231102 1
20231103 1
20231104 1
20231105 1
20231106 1
20231107 1
20231108 1
20231109 1
20231110 1
20231111 1
20231112 1
20231113 1
20231114 1
20231115 1
20231116 1
20231117 1
20231118 1
20231120 1
20231121 1
20231122 1
20231123 1
20231124 1
20231125 1
20231126 1
20231127 1
20231128 1
20231129 1
20231130 1
20231201 1
20231202 1
20231203 1
20231204 1
20231205 1
20231206 1
20231207 1
20231208 1
20231209 1
20231210 1
20231211 1
20231212 1
20231213 1
20231214 1
20231215 1
20231216 1
20231217 1
20231218 1
20231219 1
20231220 1
20231221 1
20231222 1
20231223 1
20231224 1
20231225 1
20231226 1
20231227 1
20231230 1
20231231 1
20240101 1
20240102 1
20240103 1
20240104 1
20240105 1
20240106 1
20240107 1
20240108 1
20240109 1
20240110 1
20240111 1
20240112 1
20240113 1
20240114 1
20240115 1
20240116 1
20240117 1
20240118 1
20240119 1
20240120 1
20240121 1
20240122 1
20240124 1
20240125 1
20240126 1
20240127 1
20240128 1
20240129 1
