20230707 280
20230709 280
20230710 280
20230711 280
20230712 280
20230713 279
20230714 279
20230715 278
20230730 284
20230731 284
20230801 284
20230802 284
20230803 284
20230804 284
20230805 284
20230806 284
20230807 282
20230808 281
20230809 282
20230810 281
20230811 281
20230812 280
20230813 280
20230815 279
20230816 279
20230817 279
20230818 279
20230819 279
20230820 279
20230821 279
20230822 279
20230823 279
20230824 279
20230825 279
20230826 278
20230827 278
20230828 278
20230829 278
20230830 278
20230831 278
20230901 278
20230902 278
20230903 276
20230904 276
20230905 276
20230906 276
20230907 277
20230908 277
20230909 276
20230910 276
20230911 276
20230912 276
20230913 276
20230914 276
20230915 276
20230916 276
20230917 276
20230918 276
20230919 299
20230920 295
20230921 383
20230922 409
20230923 417
20230924 425
20230925 432
20230926 439
20230927 441
20230928 444
20230929 445
20230930 446
20231001 450
20231002 448
20231003 446
20231005 453
20231007 454
20231008 454
20231009 454
20231010 454
20231011 456
20231012 463
20231013 471
20231014 473
20231015 474
20231016 475
20231017 476
20231018 476
20231019 477
20231020 477
20231021 478
20231022 478
20231023 477
20231024 477
20231025 477
20231026 476
20231027 476
20231028 475
20231029 475
20231030 475
20231031 476
20231101 476
20231102 476
20231103 476
