20230707 51
20230919 51
20230920 49
20231024 49
20231025 50
20240121 50
20240122 49
20240405 49
20240406 50
20240421 50
20240422 49
20240515 49
20240516 50
20240624 50
20240626 50
20240627 50
20240628 50
20240629 50
20240630 50
20240701 50
20240702 50
20240703 50
20240704 50
20240705 50
20240706 50
20240707 50
20240708 50
20240709 50
20240710 50
20240711 50
20240712 50
20240713 50
20240714 50
20240715 50
20240716 50
20240717 50
20240718 50
20240719 50
20240720 50
20240721 50
20240722 50
20240723 50
20240724 50
20240725 50
20240726 50
20240727 50
20240728 50
20240729 50
20240730 50
20240731 50
20240801 49
20240802 49
20240803 49
20240804 49
20240805 49
20240806 49
20240807 49
20240808 49
20240809 49
20240810 49
20240811 49
20240812 49
20240813 49
20240814 49
20240815 49
20240816 49
20240817 49
20240818 49
20240819 49
20240820 49
20240821 49
20240822 49
20240823 49
20240824 49
20240825 49
20240826 49
20240827 49
20240828 49
20240829 49
20240830 49
20240831 49
20240901 49
20240902 50
20240903 50
20240904 50
20240905 50
20240906 50
20240907 50
20240908 50
