20230708 110
20230710 110
20230711 109
20240228 109
20240229 110
20240403 110
20240404 111
20240411 111
20240412 112
20240624 112
20240626 112
20240627 112
20240628 112
20240629 112
20240630 112
20240701 112
20240702 112
20240703 112
20240704 112
20240705 112
20240706 112
20240707 112
20240708 112
20240709 112
20240710 112
20240711 112
20240712 112
20240713 112
20240714 112
20240715 112
20240716 112
20240717 112
20240718 112
20240719 112
20240720 112
20240721 112
20240722 112
20240723 112
20240724 112
20240725 112
20240726 112
20240727 112
20240728 112
20240729 112
20240730 112
20240731 112
20240801 112
20240802 112
20240803 112
20240804 112
20240805 112
20240806 112
20240807 112
20240808 112
20240809 112
20240810 112
20240811 112
20240812 112
20240813 112
20240814 112
