20230707 268
20230709 268
20230710 268
20230711 268
20230712 266
20230714 266
20230715 266
20230730 267
20230731 267
20230801 267
20230802 269
20230803 269
20230804 269
20230805 269
20230806 269
20230807 269
20230808 268
20230809 268
20230810 267
20230811 269
20230812 269
20230813 269
20230815 269
20230816 269
20230817 269
20230818 269
20230819 271
20230820 271
20230821 271
20230822 271
20230823 270
20230824 270
20230825 270
20230826 270
20230827 270
20230828 270
20230829 270
20230830 269
20230831 269
20230901 269
20230902 269
20230903 269
20230904 269
20230905 269
20230906 269
20230907 269
20230908 269
20230909 269
20230910 269
20230911 269
20230912 269
20230913 270
20230914 269
20230915 269
20230916 269
20230917 269
20230918 269
20230919 269
20230920 267
20230921 268
20230922 268
20230923 268
20230924 268
20230925 269
20230926 269
20230927 269
20230928 270
20230929 269
20230930 268
20231001 270
20231002 272
20231003 272
20231005 272
20231007 272
20231008 272
20231009 274
20231010 274
20231011 274
20231012 274
20231013 274
20231014 273
20231015 273
20231016 273
20231017 275
20231018 275
20231019 275
20231020 274
20231021 272
20231022 272
20231023 272
20231024 272
