20230707 1294
20230710 1294
20230711 1294
20230712 1295
20230714 1295
20230715 1295
20230716 1295
20230717 1295
20230718 1295
20230719 1295
20230720 1298
20230721 1299
20230722 1299
20230723 1299
20230724 1304
20230725 1306
20230726 1306
20230727 1306
20230728 1305
20230729 1305
20230730 1305
20230731 1305
20230801 1305
20230802 1308
20230803 1309
20230804 1308
20230805 1308
20230806 1308
20230807 1308
20230808 1309
20230809 1312
20230810 1311
20230811 1311
20230812 1311
20230813 1310
20230815 1310
20230816 1310
20230817 1310
20230818 1310
20230819 1310
20230820 1310
20230821 1310
20230822 1310
20230823 1308
20230824 1308
20230825 1308
20230826 1306
20230827 1306
20230828 1306
20230829 1306
20230830 1306
20230831 1306
20230901 1316
20230902 1315
20230903 1315
20230904 1315
20230905 1315
20230906 1319
20230907 1319
20230908 1319
20230909 1319
20230910 1318
20230911 1318
20230912 1317
20230913 1337
