20230707 28396
20230709 28394
20230710 28393
20230711 28410
20230712 28432
20230713 28440
20230714 28450
20230715 28501
20230730 28704
20230731 28709
20230801 28758
20230802 28779
20230803 28797
20230804 28809
20230805 28832
20230806 28832
20230807 28833
20230808 28833
20230809 28833
20230810 28833
20230811 28833
20230812 28833
20230813 28833
20230815 28833
20230816 28833
20230817 28833
20230818 28833
20230819 28833
20230820 28833
20230821 28833
20230822 28833
20230823 28833
20230824 28833
20230825 28833
20230826 28833
20230827 28833
20230828 28833
20230829 28833
20230830 28833
20230831 28833
20230901 28833
20230902 28833
20230903 28833
20230904 28833
20230905 28833
20230906 28833
20230907 28833
20230908 28833
20230909 28833
20230910 28833
20230911 28833
20230912 28833
20230913 28833
20230914 28833
20230915 28833
20230916 28833
