20230707 23636
20230710 23636
20230711 23636
20230712 23636
20230714 23636
20230715 23636
20230716 23636
20230717 23636
20230718 23636
20230719 23636
20230720 23636
20230721 23636
20230722 23636
20230723 23636
20230724 23636
20230725 23636
20230726 23636
20230727 23636
20230728 23636
20230729 23636
20230730 23636
20230731 23636
20230801 23904
20230802 23904
20230803 23904
20230804 23904
20230805 23904
20230806 23904
20230807 23904
20230808 23904
20230809 23904
20230810 23904
20230811 23904
20230812 23904
20230813 23904
20230815 23904
20230816 23904
20230817 23904
20230818 23904
20230819 23904
20230820 23904
20230821 23904
20230822 23904
20230823 23904
20230824 23904
20230825 23904
20230826 23904
20230827 23904
