20230707 107
20230709 107
20230710 107
20230711 107
20230712 107
20230714 107
20230715 107
20230730 107
20230731 107
20230801 107
20230802 107
20230803 107
20230804 107
20230805 107
20230806 107
20230807 107
20230808 107
20230809 107
20230810 107
20230811 107
20230812 107
20230813 107
20230815 107
20230816 107
20230817 107
20230818 107
20230819 107
20230820 107
20230821 107
20230822 107
20230823 107
20230824 107
20230825 107
20230826 107
20230827 107
20230828 107
20230829 107
20230830 107
20230831 107
20230901 107
20230902 107
20230903 107
20230904 107
20230905 107
20230906 107
20230907 107
20230908 107
20230909 107
20230910 107
20230911 107
