20230707 24324
20230709 24324
20230710 24324
20230711 24324
20230712 24324
20230714 24324
20230715 24324
20230731 24324
20230801 24324
20230802 24324
20230803 24324
20230804 24324
20230805 24324
20230806 24324
20230807 24324
20230808 24324
20230809 24324
20230810 24324
20230811 24324
20230812 24324
20230813 24324
20230815 24324
20230816 24324
20230817 24324
20230818 24324
20230819 24324
20230820 24324
20230821 24324
20230822 24324
20230823 24324
20230824 24324
20230825 24324
20230826 24324
20230827 24324
20230828 24324
20230829 24324
20230830 24324
20230831 24324
20230901 24324
20230902 24324
20230903 24324
20230904 24324
20230905 24324
20230906 24324
20230907 24324
20230908 24324
20230909 24324
20230910 24324
20230911 24324
20230912 24324
20230913 24324
20230914 24324
20230915 24324
20230916 24324
20230917 24324
20230918 24324
20230919 24324
20230920 24324
20230921 24324
20230922 24324
20230924 24324
20230925 24324
20230926 24324
20230927 24324
20230928 24324
20230929 24324
20230930 24324
20231001 24324
20231002 24324
20231003 24324
20231005 24324
20231007 24324
20231008 24324
20231009 24324
20231010 24324
20231011 24324
20231012 24324
20231013 24324
20231014 24324
20231015 24324
20231016 24324
20231017 24324
20231018 24324
20231019 24324
20231020 24324
20231021 24324
20231022 24324
20231023 24324
20231024 24324
