20230707 1507
20230709 1509
20230710 1508
20230711 1499
20230712 1497
20230713 1496
20230714 1496
20230715 1495
20230730 1465
20230731 1465
20230801 1458
20230802 1458
20230803 1454
20230804 1454
20230805 1448
20230806 1447
20230807 1444
20230808 1445
20230809 1443
20230810 1441
20230811 1439
20230812 1440
20230813 1440
20230815 1441
20230816 1441
20230817 1438
20230818 1441
20230819 1442
20230820 1442
20230821 1437
20230822 1433
20230823 1431
20230824 1431
20230825 1432
20230826 1432
20230827 1430
20230828 1431
20230829 1431
20230830 1430
20230831 1430
20230901 1432
20230902 1432
20230903 1431
20230904 1431
20230905 1425
20230906 1423
20230907 1422
20230908 1424
20230909 1426
20230910 1530
20230911 1736
20230912 1958
20230913 2110
20230914 2268
20230915 2278
20230916 2277
20230917 2277
20230918 2276
20230919 2277
20230920 2239
20230921 2239
20230922 2236
20230926 2236
20230927 2237
20230928 2232
20230929 2229
20231002 2229
20231003 2231
20231005 2231
20231007 2230
20231009 2230
20231010 2234
20231011 2235
20231013 2235
20231014 2234
20231015 2234
20231016 2237
20231017 2238
20231018 2246
20231019 2247
20231022 2247
20231023 2243
20231024 2244
20231026 2244
20231027 2246
20231028 2245
20231029 2246
20231030 2247
20231031 2251
20231101 2249
20231102 2249
20231103 2252
20231104 2254
20231105 2256
20231106 2256
20231107 2257
20231108 2256
20231109 2256
20231110 2254
20231111 2255
20231115 2255
20231116 2245
20231117 2245
20231118 2244
20231120 2243
20231121 2243
20231122 2242
20231123 2241
20231124 2239
20231125 2239
20231126 2238
20231127 2237
20231129 2237
20231130 2236
20231201 2235
20231202 2236
20231203 2237
20231204 2238
20231205 2237
20231206 2235
20231207 2240
20231208 2244
20231209 2243
20231211 2243
20231212 2246
20231214 2246
20231215 2245
20231216 2247
20231217 2250
20231218 2248
20231219 2247
20231220 2245
20231221 2244
20231222 2248
20231223 2247
20231224 2247
20231225 2248
20231226 2248
20231227 2247
20231230 2251
20231231 2251
20240101 2250
20240102 2257
20240103 2257
20240104 2258
20240105 2258
20240106 2256
20240107 2258
20240108 2259
20240116 2259
20240117 2258
20240118 2258
20240119 2257
20240120 2256
20240121 2256
20240122 2257
20240124 2256
20240129 2256
20240130 2260
20240203 2260
20240204 2262
20240205 2260
20240206 2260
20240207 2262
20240208 2262
20240209 2264
20240210 2264
20240211 2275
20240212 2277
20240213 2277
20240214 2276
20240215 2276
20240216 2277
20240217 2278
20240218 2284
20240219 2284
20240220 2285
20240221 2286
20240222 2286
20240223 2287
20240224 2292
20240225 2294
20240226 2293
20240227 2294
20240228 2296
20240229 2297
20240301 2295
20240302 2284
20240303 2276
20240304 2274
20240305 2276
20240306 2233
20240307 2232
20240309 2232
20240310 2233
20240312 2233
20240313 2234
20240314 2238
20240315 2240
20240316 2246
20240317 2247
20240318 2248
20240319 2248
20240320 2250
20240321 2249
20240322 2248
20240323 2249
20240324 2250
20240325 2251
20240326 2253
20240327 2254
20240328 2251
20240329 2249
20240330 2250
20240331 2255
20240401 2255
20240402 2258
20240403 2257
20240404 2260
20240405 2263
20240406 2264
20240407 2264
20240408 2266
20240409 2264
20240410 2265
20240411 2265
20240412 2268
20240413 2267
20240415 2267
20240416 2263
20240417 2262
20240420 2262
20240421 2261
20240422 2263
20240424 2263
20240425 2260
20240426 2261
20240427 2263
20240428 2263
20240429 2261
20240430 2262
20240501 2262
20240503 2263
20240504 2261
20240505 2275
20240506 2277
20240507 2277
20240508 2278
20240509 2278
20240510 2279
20240511 2277
20240512 2279
20240513 2279
20240514 2288
20240515 2287
20240516 2287
20240517 2285
20240518 2286
20240520 2286
20240521 2275
20240525 2275
20240526 2280
20240527 2279
20240528 2285
20240529 2288
20240530 2289
20240531 2290
20240602 2290
20240603 2291
20240604 2291
20240605 2290
20240606 2292
20240609 2297
20240611 2298
20240612 2297
20240613 2297
20240614 2296
20240616 2296
20240617 2293
20240618 2293
20240620 2294
20240621 2294
20240622 2288
20240623 2282
20240624 2280
20240626 2283
20240627 2282
20240628 2272
20240629 2258
20240630 2257
20240701 2257
20240702 2258
20240703 2256
20240704 2163
20240705 2194
20240706 2230
20240707 2206
20240708 2206
20240709 2196
20240710 2192
20240711 2181
20240712 2180
20240713 2178
20240714 2178
20240715 2178
20240716 2175
20240717 2176
20240718 2174
20240719 2174
20240720 2168
20240721 2159
20240722 2158
20240723 2158
20240724 2158
20240725 2154
20240726 2155
20240727 2155
20240728 2152
20240729 2152
20240730 2152
20240731 2153
20240801 2150
20240802 2147
20240803 2149
20240804 2148
20240805 2066
20240806 2066
20240807 2066
20240808 2066
20240809 2059
20240810 2059
20240811 2056
20240812 2055
20240813 2055
20240814 2055
20240815 2055
20240816 2055
20240817 2054
20240818 2053
20240819 2053
20240820 2055
20240821 2055
20240822 2055
