20230707 3103
20230709 3103
20230710 3105
20230711 3105
20230712 3107
20230711 3105
20230713 3109
20230711 3105
20230714 3107
20230711 3105
20230715 3106
20230711 3105
20230730 3116
20230711 3105
20230731 3111
20230801 3111
20230802 3115
20230801 3111
20230803 3116
20230804 3116
20230805 3107
20230804 3116
20230806 3106
20230804 3116
20230807 3104
20230919 3104
20230920 3097
20231207 3097
20231208 3115
20231207 3097
20231209 3114
20231211 3114
20231212 3112
20231213 3112
20231214 3114
20231215 3114
20231216 3115
20231219 3115
20231220 3122
20231219 3115
20231221 3121
20231219 3115
20231222 3123
20231219 3115
20231223 3121
20231219 3115
20231224 3119
20231225 3119
20231226 3122
20231225 3119
20231227 3121
20231225 3119
20231230 3113
20231225 3119
20231231 3111
20231225 3119
20240101 3112
20240103 3112
20240104 3114
20240105 3112
20240103 3112
20240106 3109
20240103 3112
20240107 3108
20240108 3108
20240109 3113
20240108 3108
20240110 3111
20240111 3111
20240112 3110
20240113 3111
20240111 3111
20240114 3110
20240111 3111
20240115 3109
20240111 3111
20240116 3108
20240111 3111
20240117 3109
20240118 3109
20240119 3111
20240121 3111
20240122 3108
20240121 3111
20240124 3109
20240121 3111
20240125 3110
20240126 3110
20240127 3108
20240128 3108
20240129 3106
20240128 3108
20240130 3107
20240131 3107
20240201 3108
20240202 3108
20240203 3107
20240204 3108
20240205 3108
20240206 3109
20240207 3109
20240208 3104
20240207 3109
20240209 3101
20240207 3109
20240210 3098
20240216 3098
20240217 3095
20240218 3095
20240219 3094
20240220 3094
20240221 3095
20240222 3095
20240223 3094
20240222 3095
20240224 3093
20240222 3095
20240225 3092
20240226 3092
20240227 3091
20240226 3092
20240228 3093
20240226 3092
20240229 3095
20240226 3092
20240301 3097
20240226 3092
20240302 3093
20240919 3093
20240920 2296
20240919 3093
20240921 2294
20240919 3093
20240921 2296
20240926 2296
20240927 2301
20240926 2296
20240928 2302
20240926 2296
20240929 2305
20240926 2296
20240930 2301
20240930 2301
