20230707 3972
20230709 3961
20230710 3955
20230711 3936
20230712 3907
20230713 3903
20230714 3900
20230715 3885
20230730 3786
20230731 3763
20230801 3764
20230802 3756
20230803 3753
20230804 3746
20230805 3734
20230806 3730
20230807 3722
20230808 3714
20230809 3700
20230810 3700
20230811 3703
20230810 3700
20230812 3709
20230810 3700
20230813 3708
20230810 3700
20230815 3693
20230810 3700
20230816 3690
20230810 3700
20230817 3689
20230810 3700
20230818 3685
20230810 3700
20230819 3682
20230810 3700
20230820 3677
20230822 3677
20230823 3663
20230822 3677
20230824 3658
20230822 3677
20230825 3652
20230826 3652
20230827 3651
20230826 3652
20230828 3650
20230826 3652
20230829 3659
20230826 3652
20230830 3662
20230826 3652
20230831 3666
20230826 3652
20230901 3660
20230902 3660
20230903 3651
20230902 3660
20230904 3630
20230902 3660
20230905 3627
20230902 3660
20230906 3625
20230902 3660
20230907 3614
20230902 3660
20230908 3639
20230902 3660
20230909 3680
20230902 3660
20230910 3733
20230902 3660
20230911 3732
20230912 3732
20230913 3728
20230914 3728
20230915 3732
20230914 3728
20230916 3733
20230914 3728
20230917 3732
20230914 3728
20230918 3726
20230914 3728
20230919 3725
20230914 3728
20230920 3708
20230914 3728
20230921 3709
20230914 3728
20230922 3707
20230914 3728
20230923 3692
20230914 3728
20230924 3700
20230914 3728
20230925 3702
20230914 3728
20230926 3713
20230914 3728
20230927 3717
20230928 3728
20230914 3728
20230929 3729
20230914 3728
20230930 3730
20230914 3728
20231001 3723
20230914 3728
20231002 3719
20230914 3728
20231003 3722
20230914 3728
20231005 3721
20230914 3728
20231007 3697
20230914 3728
20231008 3711
20230914 3728
20231009 3707
20230914 3728
20231010 3708
20230914 3728
20231011 3714
20231012 3714
20231013 3725
20231012 3714
20231014 3729
20231015 3729
20231016 3717
20231017 3717
20231018 3710
20231017 3717
20231019 3708
20231017 3717
20231020 3706
20231017 3717
20231021 3704
20231017 3717
20231022 3700
20231017 3717
20231023 3702
20231017 3717
20231024 3696
20231017 3717
20231025 3692
20231017 3717
20231026 3688
20231017 3717
20231027 3693
20231017 3717
20231028 3692
20231017 3717
20231029 3694
20231017 3717
20231030 3692
20231017 3717
20231031 3693
20231017 3717
20231101 3696
20231017 3717
20231102 3682
20231017 3717
20231103 3680
20231017 3717
20231104 3682
20231017 3717
20231105 3681
20231106 3681
20231107 3678
20231106 3681
20231108 3677
20231106 3681
20231109 3676
20231106 3681
20231110 3673
20231111 3673
20231112 3672
20231113 3673
20231111 3673
20231114 3674
20231115 3673
20231111 3673
20231116 3674
20231111 3673
20231117 3671
20231111 3673
20231118 3674
20231120 3674
20231121 3670
20231120 3674
20231122 3669
20231120 3674
20231123 3666
20231120 3674
20231124 3660
20231120 3674
20231125 3661
20231120 3674
20231126 3658
20231127 3658
20231128 3649
20231127 3658
20231129 3647
20231127 3658
20231130 3648
20231127 3658
20231201 3643
20231202 3643
20231203 3641
20231202 3643
20231204 3640
20231202 3643
20231205 3635
20231206 3635
20231207 3630
20231206 3635
20231208 3629
20231209 3629
20231210 3628
20231211 3628
20231212 3618
20231211 3628
20231213 3617
20231214 3617
20231215 3615
20231214 3617
20231216 3613
20231214 3617
20231217 3612
20231214 3617
20231218 3611
20231214 3617
20231219 3609
20231214 3617
20231220 3607
20231214 3617
20231221 3602
20231214 3617
20231222 3600
20231214 3617
20231223 3594
20231214 3617
20231224 3589
20231214 3617
20231225 3587
20231214 3617
20231226 3589
20231227 3589
20231230 3594
20231227 3589
20231231 3597
20231227 3589
20240101 3598
20231227 3589
20240102 3597
20231227 3589
20240103 3594
20231227 3589
20240104 3598
20231227 3589
20240105 3597
20240106 3597
20240107 3598
20240106 3597
20240108 3593
20240106 3597
20240109 3587
20240106 3597
20240110 3588
20240106 3597
20240111 3586
20240106 3597
20240112 3582
20240106 3597
20240113 3575
20240106 3597
20240114 3576
20240106 3597
20240115 3575
20240106 3597
20240116 3576
20240118 3576
20240119 3575
20240118 3576
20240120 3573
20240118 3576
20240121 3572
20240118 3576
20240122 3568
20240118 3576
20240124 3561
20240125 3561
20240126 3558
20240125 3561
20240127 3557
20240125 3561
20240128 3562
20240129 3562
20240130 3560
20240131 3560
20240201 3559
20240131 3560
20240202 3557
20240131 3560
20240203 3554
20240131 3560
20240204 3553
20240131 3560
20240205 3552
20240131 3560
20240206 3546
20240131 3560
20240207 3545
20240208 3545
20240209 3543
20240210 3543
20240211 3540
20240212 3540
20240213 3539
20240214 3540
20240215 3540
20240216 3536
20240215 3540
20240217 3534
20240215 3540
20240218 3533
20240215 3540
20240219 3534
20240215 3540
20240220 3531
20240215 3540
20240221 3516
20240215 3540
20240222 3514
20240215 3540
20240223 3513
20240215 3540
20240224 3512
20240226 3512
20240227 3511
20240226 3512
20240228 3509
20240226 3512
20240229 3510
20240301 3510
20240302 3509
20240304 3509
20240305 3514
20240304 3509
20240306 3511
20240307 3511
20240308 3514
20240307 3511
20240309 3515
20240307 3511
20240310 3512
20240307 3511
20240311 3513
20240307 3511
20240312 3510
20240307 3511
20240313 3512
20240314 3512
20240315 3516
20240317 3516
20240318 3513
20240319 3513
20240320 3511
20240321 3511
20240322 3513
20240324 3513
20240325 3511
20240324 3513
20240326 3510
20240327 3510
20240328 3511
20240327 3510
20240329 3512
20240330 3512
20240331 3511
20240330 3512
20240401 3509
20240330 3512
20240402 3502
20240403 3502
20240404 3503
20240407 3503
20240408 3502
20240407 3503
20240409 3496
20240407 3503
20240410 3495
20240412 3495
20240413 3496
20240415 3495
20240416 3495
20240417 3494
20240419 3494
20240420 3491
20240419 3494
20240421 3492
20240419 3494
20240422 3497
20240424 3497
20240425 3493
20240424 3497
20240426 3494
20240424 3497
20240427 3488
20240424 3497
20240428 3487
20240424 3497
20240429 3482
20240424 3497
20240430 3481
20240424 3497
20240501 3483
20240424 3497
20240503 3481
20240504 3481
20240505 3482
20240504 3481
20240506 3483
20240504 3481
20240507 3482
20240508 3482
20240509 3481
20240510 3481
20240511 3480
20240510 3481
20240512 3476
20240513 3476
20240514 3474
20240515 3474
20240516 3472
20240517 3472
20240518 3471
20240519 3471
20240520 3469
20240519 3471
20240521 3468
20240519 3471
20240522 3470
20240519 3471
20240523 3469
20240519 3471
20240524 3470
20240519 3471
20240525 3467
20240526 3467
20240527 3462
20240526 3467
20240528 3457
20240526 3467
20240529 3454
20240526 3467
20240530 3452
20240531 3452
20240601 3448
20240602 3448
20240603 3449
20240605 3449
20240606 3447
20240605 3449
20240609 3438
20240605 3449
20240611 3436
20240605 3449
20240612 3435
20240613 3435
20240614 3432
20240613 3435
20240615 3429
20240613 3435
20240616 3427
20240617 3427
20240618 3424
20240617 3427
20240620 3418
20240617 3427
20240621 3414
20240622 3414
20240623 3407
20240622 3414
20240624 3405
20240622 3414
20240626 3390
20240622 3414
20240627 3353
20240622 3414
20240628 3337
20240622 3414
20240629 3325
20240622 3414
20240630 3284
20240622 3414
20240701 3214
20240622 3414
20240702 3142
20240622 3414
20240703 3126
20240622 3414
20240704 3122
20240622 3414
20240705 3117
20240622 3414
20240706 3114
20240622 3414
20240707 3100
20240622 3414
20240708 3082
20240622 3414
20240709 3066
20240622 3414
20240710 3048
20240622 3414
20240711 3022
20240622 3414
20240712 2989
20240622 3414
20240713 2943
20240622 3414
20240714 2881
20240622 3414
20240715 2832
20240622 3414
20240716 2796
20240622 3414
20240717 2741
20240622 3414
20240718 2694
20240622 3414
20240719 2686
20240622 3414
20240720 2678
20240622 3414
20240721 2676
20240622 3414
20240722 2672
20240622 3414
20240723 2669
20240724 2669
20240725 2657
20240724 2669
20240726 2656
20240724 2669
20240727 2652
20240724 2669
20240728 2644
20240724 2669
20240729 2642
20240724 2669
20240730 2635
20240724 2669
20240731 2625
20240724 2669
20240801 2620
20240724 2669
20240802 2617
20240724 2669
20240803 2613
20240724 2669
20240804 2610
20240724 2669
20240805 2608
20240724 2669
20240806 2604
20240807 2604
20240808 2600
20240809 2600
20240810 2597
20240809 2600
20240811 2588
20240809 2600
20240812 2582
20240809 2600
20240813 2581
20240809 2600
20240814 2573
20240809 2600
20240815 2566
20240809 2600
20240816 2558
20240809 2600
20240817 2553
20240809 2600
20240818 2551
20240809 2600
20240819 2549
20240822 2549
20240823 2546
20240822 2549
20240824 2542
20240822 2549
20240825 2535
20240827 2535
20240828 2536
20240827 2535
20240829 2526
20240830 2526
20240831 2521
20240830 2526
20240901 2515
20240903 2515
20240904 2505
20240903 2515
20240905 2480
20240903 2515
20240906 2479
20240903 2515
20240907 2476
20240903 2515
20240908 2470
20240903 2515
20240909 2471
20240903 2515
20240910 2467
20240903 2515
20240911 2465
20240903 2515
20240912 2461
20240903 2515
20240913 2458
20240903 2515
20240914 2455
20240903 2515
20240915 2451
20240903 2515
20240916 2449
20240903 2515
20240917 2445
20240903 2515
20240918 2439
20240903 2515
20240919 2438
20240903 2515
20240920 2436
20240903 2515
20240921 2422
20240903 2515
20240921 2423
20240903 2515
20240922 2422
20240903 2515
20240925 2391
20240903 2515
20240926 2386
20240903 2515
20240927 2383
20240903 2515
20240928 2385
20240903 2515
20240929 2386
20240903 2515
20240930 2379
20240903 2515
20241001 2376
20241002 2376
