20230707 554
20230807 554
20230808 555
20230813 555
20230815 557
20230919 557
20230920 547
20231003 547
20231005 548
20231007 548
20231008 549
20231019 549
20231020 550
20231107 550
20231108 547
20231116 547
20231117 548
20231121 548
20231122 549
20231123 549
20231124 550
20231126 550
20231127 551
20231202 551
20231203 552
20231205 552
20231206 551
20231214 551
20231215 552
20240124 552
20240125 551
20240322 551
20240323 550
20240408 550
20240409 551
20240624 551
20240626 551
20240627 551
20240628 551
20240629 551
20240630 551
20240701 551
20240702 551
20240703 551
20240704 551
20240705 551
20240706 551
20240707 550
20240708 550
20240709 550
20240710 550
20240711 550
20240712 550
20240713 550
20240714 550
20240715 550
20240716 550
20240717 550
20240718 550
20240719 550
20240720 550
20240721 550
20240722 550
20240723 550
20240724 550
20240725 550
20240726 550
20240727 550
20240728 550
20240729 550
20240730 550
20240731 550
20240801 551
20240802 551
20240803 551
20240804 551
20240805 551
20240806 551
20240807 551
20240808 551
20240809 551
20240810 551
20240811 551
20240812 551
20240813 551
20240814 551
20240815 551
20240816 551
20240817 551
20240818 551
20240819 551
20240820 551
20240821 551
20240822 551
20240823 551
20240824 551
20240825 551
20240826 551
20240827 551
20240828 551
20240829 551
20240830 551
20240831 551
20240901 551
20240902 551
20240903 551
20240904 551
20240905 551
