20230707 472
20230709 472
20230710 473
20230711 473
20230712 473
20230714 473
20230715 472
20230730 471
20230731 470
20230801 469
20230802 469
20230803 469
20230804 465
20230805 465
20230806 465
20230807 465
20230808 464
20230809 464
20230810 464
20230811 464
20230812 464
20230813 464
20230815 462
20230816 462
20230817 462
20230818 463
20230819 463
20230820 462
20230821 462
20230822 462
20230823 459
20230824 458
20230825 457
20230826 457
20230827 458
20230828 459
20230829 457
20230830 450
20230831 449
20230901 448
20230902 444
20230903 444
20230904 444
20230905 445
20230906 443
20230907 443
20230908 444
20230909 435
20230910 435
20230911 435
20230912 436
20230913 438
20230914 438
20230915 442
20230916 442
20230917 442
20230918 443
20230919 443
20230920 437
20230921 438
20230922 439
20230923 439
20230924 439
20230925 430
20230926 430
20230927 431
20230928 430
20230929 430
20230930 430
20231001 430
20231002 430
20231003 430
20231005 430
20231007 429
20231008 429
20231009 429
20231010 429
20231011 420
20231012 420
20231013 420
20231014 420
20231015 420
20231016 420
20231017 421
20231018 420
20231019 420
20231020 420
20231021 421
20231022 421
20231023 418
20231024 411
20231025 411
20231026 411
20231027 410
20231028 410
20231029 410
20231030 410
20231031 410
20231101 410
20231102 410
20231103 410
20231104 410
20231105 411
20231106 411
20231107 411
20231108 411
20231109 410
20231110 403
20231111 403
20231112 404
20231113 404
20231114 404
20231115 405
