20230707 76
20230709 76
20230710 76
20230711 76
20230712 76
20230714 76
20230715 76
20230730 76
20230731 76
20230801 76
20230802 76
20230803 76
20230804 76
20230805 76
20230806 76
20230807 76
20230808 76
20230809 76
20230810 76
20230811 76
20230812 76
20230813 76
20230815 76
20230816 76
20230817 76
20230818 76
20230819 76
20230820 76
20230821 76
20230822 76
20230823 76
20230824 76
20230825 76
20230826 76
20230827 76
20230828 76
20230829 76
20230830 76
20230831 76
20230901 76
20230902 76
20230903 76
20230904 76
20230905 76
20230906 76
20230907 76
20230908 76
20230909 76
20230910 76
20230911 76
20230912 76
20230913 76
20230914 76
20230915 76
20230916 76
20230917 76
20230918 76
20230919 76
20230920 74
20230921 74
20230922 74
20230923 74
20230924 74
20230925 74
20230926 74
20230927 74
20230928 74
20230929 74
20230930 74
20231001 74
20231002 73
20231003 73
20231005 73
20231007 73
20231008 73
20231009 73
20231010 73
20231011 73
20231012 73
20231013 73
20231014 73
20231015 73
20231016 73
20231017 73
20231018 73
20231019 73
20231020 73
20231021 73
20231022 73
20231023 73
20231024 73
20231025 74
20231026 74
