20230707 5666
20230709 5665
20230710 5659
20230711 5646
20230712 5640
20230713 5634
20230714 5629
20230715 5622
20230730 5541
20230731 5538
20230801 5541
20230802 5531
20230803 5530
20230804 5523
20230805 5520
20230806 5517
20230807 5519
20230808 5517
20230809 5515
20230810 5511
20230811 5523
20230812 5534
20230813 5548
20230815 5536
20230816 5530
20230817 5524
20230818 5526
20230819 5522
20230820 5518
20230821 5514
20230822 5504
20230823 5226
20230824 5230
20230825 5234
20230826 5234
20230827 5233
20230828 5230
20230829 5228
20230830 5230
20230831 5225
20230901 5222
20230902 5213
20230903 5187
20230904 5182
20230905 5166
20230906 5161
20230907 5172
20230908 5152
20230909 5151
20230910 5284
