20230707 43
20230919 43
20230920 41
20230921 41
20230922 42
20230923 45
20230924 46
20230925 64
20230926 68
20230927 68
20230928 56
20231014 56
20231015 52
20231023 52
20231024 56
20231025 57
20231030 57
20231031 58
20240308 58
20240309 57
20240624 57
20240626 57
20240627 57
20240628 57
20240629 57
20240630 57
20240701 57
20240702 57
20240703 57
20240704 57
20240705 57
20240706 57
20240707 57
20240708 57
20240709 57
20240710 57
20240711 57
20240712 57
20240713 57
20240714 57
20240715 57
20240716 57
20240717 57
20240718 57
20240719 57
20240720 57
20240721 57
