20230922 9
20230924 9
20230925 9
20230926 8
20230927 8
20230928 2
20230929 2
20230930 2
20231001 2
20231002 2
20231003 2
20231005 2
20231007 2
20231008 2
20231009 2
20231010 2
20231011 2
20231012 2
20231013 2
20231014 2
20231015 2
20231016 2
20231017 2
20231018 2
20231019 2
20231020 2
20231021 2
20231022 2
20231023 2
20231024 2
20231025 2
20231026 2
20231027 2
20231028 2
20231029 2
20231030 2
20231031 2
20231101 2
20231102 2
20231103 2
20231104 2
20231105 2
20231106 2
20231107 2
20231108 2
20231109 2
20231110 2
20231111 2
20231112 2
20231113 2
20231114 2
20231115 2
20231116 2
20231117 2
20231118 2
20231120 2
20231121 2
20231122 2
20231123 2
20231124 2
20231125 2
20231126 2
20231127 2
20231128 2
20231129 2
20231130 2
20231201 2
20231202 2
20231203 2
20231204 2
20231205 2
20231206 2
20231207 2
20231208 2
20231209 2
20231210 2
20231211 2
20231212 2
20231213 2
20231214 2
20231215 3
20231216 3
20231217 3
20231218 3
20231219 3
20231220 3
20231221 3
20231222 3
20231223 3
20231224 3
20231225 3
20231226 3
20231227 3
20231230 3
20231231 3
20240101 4
20240102 4
20240103 4
20240104 4
20240105 4
20240106 4
20240107 4
20240108 4
20240109 4
20240110 4
20240111 4
20240112 4
20240113 4
20240114 4
20240115 4
