20230707 746
20230709 747
20230710 748
20230711 748
20230712 748
20230713 749
20230714 749
20230715 748
20230730 746
20230731 746
20230801 745
20230802 745
20230803 745
20230804 745
20230805 745
20230806 745
20230807 744
20230808 744
20230809 744
20230810 743
20230811 743
20230812 743
20230813 741
20230815 742
20230816 741
20230817 740
20230818 740
20230819 742
20230820 742
20230821 741
20230822 742
20230823 742
20230824 742
20230825 742
20230826 742
20230827 742
20230828 742
20230829 741
20230830 741
20230831 741
20230901 742
20230902 739
20230903 739
20230904 738
20230905 738
20230906 737
20230907 737
20230908 736
20230909 737
20230910 775
20230911 783
20230912 815
20230913 839
20230914 1065
20230915 1379
20230916 1572
20230917 1573
20230918 1575
20230919 1588
20230920 1578
20230921 1578
20230922 1578
20230923 1579
20230924 1579
20230925 1580
20230926 1580
