20230922 477
20230924 469
20230925 470
20230926 470
20230927 470
20230928 470
20230929 473
20230930 473
20231001 472
20231002 473
20231003 473
20231005 472
20231007 471
20231008 471
20231009 471
20231010 470
20231011 470
20231012 472
20231013 472
20231014 470
20231015 470
20231016 470
20231017 470
20231018 472
20231019 472
20231020 472
20231021 474
20231022 475
20231023 475
20231024 477
20231025 480
20231026 480
20231027 480
20231028 476
20231029 478
20231030 477
20231031 477
20231101 478
20231102 477
