20230922 141
20230924 139
20230925 141
20230926 140
20230927 141
20230928 140
20230929 141
20231001 141
20231002 140
20231003 141
20231005 139
20231007 139
20231008 140
20231009 141
20231010 139
20231011 140
20231012 139
20231013 140
20231014 140
20231015 139
20231016 140
20231019 140
20231020 139
20231022 139
20231023 141
20231024 139
20231025 140
20231026 139
20231027 139
20231028 142
20231029 139
20231030 140
20231031 140
20231101 138
20231102 141
20231103 140
20231104 141
20231105 140
20231106 142
20231108 142
20231109 143
20231110 140
20231111 140
20231112 141
20231113 139
20231114 140
20231115 141
20231116 141
20231117 139
20231118 142
20231120 141
20231121 141
20231122 139
20231123 140
20231124 142
20231125 139
20231126 142
20231127 139
20231128 141
20231129 143
20231130 142
20231201 142
20231202 143
20231203 143
20231204 142
20231205 141
20231206 141
20231207 142
20231210 142
20231211 143
20231212 142
20231214 142
20231215 140
20231216 142
20231217 143
20231218 142
20231219 143
20231220 144
20231221 142
20240118 142
20240119 147
20240120 142
20240408 142
20240409 141
20240410 137
20240411 137
20240412 138
20240413 138
20240415 140
20240416 137
20240417 134
20240418 135
20240419 137
20240420 137
20240421 136
20240422 134
20240423 138
20240424 137
20240425 136
20240426 136
20240427 135
20240428 135
20240429 137
20240430 138
20240501 137
20240503 133
20240513 133
20240514 134
20240519 134
20240520 133
20240530 133
20240531 134
20240624 134
20240626 134
20240627 134
20240628 134
20240629 134
20240630 134
20240701 134
20240702 134
20240703 134
20240704 134
20240705 134
20240706 134
20240707 134
20240708 134
20240709 134
20240710 134
20240711 134
20240712 134
20240713 134
20240714 134
20240715 135
20240716 135
20240717 135
20240718 135
20240719 135
20240720 135
20240721 134
20240722 133
20240723 133
20240724 135
20240725 135
20240726 135
20240727 133
20240728 133
20240729 134
20240730 134
20240731 134
20240801 133
20240802 134
20240803 135
20240804 135
20240805 134
20240806 135
20240807 134
20240808 134
20240809 134
20240810 135
20240811 135
20240812 135
20240813 135
20240814 134
20240815 134
20240816 134
20240817 134
20240818 133
20240819 134
20240820 133
20240821 133
20240822 133
20240823 134
20240824 134
20240825 134
20240826 134
20240827 134
20240828 134
20240829 134
