20230707 694574
20230710 695231
20230711 695644
20230712 694595
20230713 694806
20230714 695139
20230715 695366
20230716 695581
20230717 695996
20230718 696452
20230719 695253
20230720 695471
20230721 695608
20230722 695709
20230723 695916
20230724 696190
20230725 696806
20230726 695786
20230727 696040
20230728 696231
20230729 696260
20230730 696511
20230731 696745
20230801 697228
20230802 696194
20230803 696520
20230804 696697
20230805 696866
20230806 697112
20230807 697419
20230808 697909
20230809 697061
20230810 697370
20230811 697552
20230812 697668
