20230707 153
20230709 153
20230711 153
20230712 153
20230714 153
20230715 153
20230730 153
20230731 153
20230801 153
20230802 155
20230803 155
20230804 155
20230805 155
20230806 155
20230807 155
20230808 155
20230809 155
20230810 155
20230811 155
20230812 155
20230813 155
20230815 154
20230816 154
20230817 154
20230818 154
20230819 154
20230820 154
20230821 154
20230822 154
20230823 154
20230824 154
20230825 154
20230826 154
20230827 154
20230828 154
20230829 154
20230830 154
20230831 154
20230901 154
20230902 154
20230903 154
