20230707 1178
20230709 1177
20230710 1178
20230711 1179
20230712 1179
20230713 1182
20230714 1186
20230715 1184
20230730 1262
20230731 1281
20230801 1292
20230802 1294
20230803 1303
20230804 1303
20230805 1304
20230806 1308
20230807 1310
20230808 1313
20230809 1313
20230810 1311
20230811 1314
20230812 1314
20230813 1317
20230815 1326
20230816 1328
20230817 1326
20230818 1326
20230819 1332
20230820 1332
20230821 1331
20230822 1330
20230823 1330
20230824 1331
20230825 1333
20230826 1334
20230827 1334
20230828 1335
20230829 1330
20230830 1334
20230831 1338
20230901 1344
20230902 1339
20230903 1339
20230904 1342
20230905 1343
20230906 1345
20230907 1347
20230908 1347
20230909 1346
20230910 1345
20230911 1343
20230912 1345
20230913 1346
20230914 1349
20230915 1353
20230916 1356
20230917 1356
20230918 1354
20230919 1355
