20230707 52
20230709 52
20230710 52
20230711 52
20230712 52
20230714 52
20230715 52
20230730 52
20230731 52
20230801 52
20230802 52
20230803 52
20230804 52
20230805 52
20230806 52
20230807 52
20230808 52
20230809 52
20230810 52
20230811 52
20230812 52
20230813 52
20230815 52
20230816 52
20230817 52
20230818 52
20230819 52
20230820 52
20230821 52
20230822 52
20230823 52
20230824 52
20230825 52
20230826 52
20230827 52
20230828 52
20230829 52
20230830 52
20230831 52
20230901 52
20230902 52
20230903 52
20230904 52
20230905 52
20230906 52
20230907 52
20230908 52
20230909 52
20230910 52
20230911 52
20230912 52
20230913 52
20230914 52
20230915 52
20230916 52
20230917 52
20230918 52
20230919 52
20230920 50
20230921 50
20230922 50
20230923 50
20230924 50
20230925 50
20230926 50
20230927 50
20230928 50
20230929 50
20230930 50
20231001 50
20231002 50
20231003 50
20231005 50
20231007 50
20231008 50
20231009 50
20231010 50
20231011 50
20231012 50
20231013 50
20231014 50
20231015 50
20231016 50
20231017 50
20231018 50
20231019 50
20231020 50
20231021 50
20231022 50
20231023 50
20231024 50
20231025 50
20231026 50
20231027 50
20231028 50
20231029 50
20231030 50
20231031 50
20231101 50
20231102 50
20231103 50
20231104 50
20231105 50
20231106 50
20231107 50
20231108 50
20231109 50
20231110 50
20231111 50
20231112 50
20231113 50
20231114 50
20231115 50
20231116 50
20231117 50
20231118 50
20231120 50
20231121 50
20231122 50
20231123 50
20231124 50
20231125 50
20231126 50
20231127 50
