20230922 185
20231124 185
20231125 186
20231207 186
20231208 187
20231217 187
20231218 188
20240104 188
20240105 186
20240118 186
20240119 200
20240120 186
20240126 186
20240127 187
20240312 187
20240313 188
20240323 188
20240324 189
20241109 189
20241110 190
20241217 190
20241218 185
20241219 190
20250116 190
20250117 191
20250516 191
20250517 188
20250531 188
20250601 189
20250831 189
20250901 187
20250904 187
20250905 181
20251213 181
20251214 180
20260123 180
20260124 179
20260201 179
20260202 177
20260208 177
20260209 176
20260215 176
