20230707 175
20230919 175
20230920 173
20240606 173
20240609 171
20240624 171
20240626 171
20240627 171
20240628 171
20240629 171
20240630 171
20240701 171
20240702 171
20240703 171
20240704 171
20240705 171
20240706 171
20240707 171
20240708 171
20240709 171
20240710 171
20240711 171
20240712 171
20240713 171
20240714 171
20240715 171
20240716 171
20240717 171
20240718 171
20240719 171
20240720 171
20240721 171
20240722 171
20240723 171
20240724 171
20240725 170
20240726 170
20240727 170
20240728 170
20240729 170
20240730 170
20240731 170
20240801 170
20240802 170
20240803 170
20240804 170
20240805 170
20240806 170
20240807 170
20240808 170
20240809 170
20240810 170
20240811 170
20240812 170
20240813 170
20240814 170
20240815 170
20240816 170
20240817 170
20240818 170
20240819 170
20240820 170
20240821 170
20240822 170
20240823 170
20240824 170
20240825 170
20240826 170
20240827 170
20240828 170
20240829 170
20240830 170
20240831 170
20240901 170
20240902 170
20240903 170
20240904 170
20240905 170
20240906 170
20240907 170
20240908 170
20240909 170
20240910 170
20240911 170
20240912 170
20240913 170
20240914 170
20240915 170
20240916 170
20240917 170
20240918 170
20240919 170
