20230922 2196
20230924 2197
20230925 2197
20230926 2196
20230927 2196
20230928 2197
20230929 2195
20230930 2194
20231001 2192
20231002 2192
20231003 2192
20231005 2194
20231007 2195
20231008 2198
20231009 2197
20231010 2198
20231011 2195
20231012 2197
20231013 2199
20231014 2202
20231015 2202
20231016 2202
20231017 2202
20231018 2205
20231019 2205
20231020 2207
20231021 2217
20231022 2225
20231023 2228
20231024 2229
20231025 2229
20231026 2230
20231027 2230
20231028 2233
20231029 2233
20231030 2234
20231031 2234
20231101 2234
20231102 2235
20231103 2235
20231104 2242
20231105 2242
20231106 2243
20231107 2246
20231108 2246
20231109 2244
20231110 2244
20231111 2244
20231112 2244
20231113 2250
20231114 2254
20231115 2254
20231116 2256
20231117 2256
20231118 2257
20231120 2259
