20230922 468
20230924 468
20230925 468
20230926 468
20230927 468
20230928 468
20230929 467
20230930 468
20231001 468
20231002 468
20231003 468
20231005 469
20231007 471
20231008 471
20231009 475
20231010 475
20231011 475
20231012 475
20231013 476
20231014 476
20231015 476
20231016 476
20231017 476
20231018 481
20231019 481
20231020 488
20231021 488
20231022 497
20231023 498
20231024 498
20231025 499
20231026 504
20231027 504
20231028 506
20231029 606
20231030 786
20231031 786
20231101 786
20231102 786
20231103 788
20231104 788
20231105 788
20231106 792
20231107 792
20231108 792
20231109 792
20231110 792
20231111 794
20231112 794
20231113 794
