20230708 230
20230709 230
20230710 230
20230711 229
20230712 229
20230714 229
20230715 229
20230730 229
20230731 229
20230801 229
20230802 229
20230803 229
20230804 229
20230805 229
20230806 229
20230807 229
20230808 229
20230809 229
20230810 229
20230811 229
20230812 229
20230813 229
20230814 229
20230815 229
20230816 229
20230817 229
20230818 229
20230819 229
20230820 229
20230821 229
20230822 229
20230823 229
20230824 229
20230825 229
20230826 229
20230827 229
20230828 229
20230829 229
20230830 229
20230831 229
20230901 229
20230902 229
20230903 229
20230904 229
20230905 229
20230906 229
