20220928 3937
20221028 3805
20221128 3847
20221228 3926
20230128 3819
20230228 3897
20230328 3949
20230428 4010
20230528 4081
20230628 4359
20230728 4531
20230828 4525
20230928 4107
20231028 4076
20231128 4097
20231228 4183
20240128 4224
20240228 4175
20240128 4224
20240228 4175
20240328 4228
20240428 4274
20240528 4287
20240628 4320
20240728 4302
20240828 4239
20240928 3968
20241028 4005
20241128 4043
20241228 4066
20250128 4035
20250228 4020
20250328 4053
20250428 4137
20250528 4183
20250628 4204
20250728 4265
