20230707 56
20230730 56
20230731 53
20230801 50
20230824 50
20230825 47
20230826 47
20230827 41
20230919 41
20230920 40
20231120 40
20231121 37
20240430 37
20240501 34
20240605 34
20240606 31
20240624 31
20240626 31
20240627 31
20240628 31
20240629 31
20240630 31
20240701 31
20240702 31
20240703 31
20240704 31
20240705 31
20240706 31
20240707 31
20240708 31
20240709 31
20240710 31
20240711 31
20240712 31
20240713 31
20240714 31
20240715 31
20240716 31
20240717 31
20240718 31
20240719 31
20240720 31
20240721 28
20240722 28
20240723 28
20240724 28
20240725 28
20240726 30
20240727 30
20240728 30
20240729 30
20240730 30
20240731 30
20240801 31
20240802 30
20240803 30
20240804 30
20240805 30
20240806 30
20240807 30
20240808 30
20240809 30
20240810 30
20240811 30
20240812 30
20240813 30
20240814 30
20240815 30
20240816 30
20240817 30
20240818 30
20240819 30
20240820 30
20240821 30
20240822 30
20240823 30
20240824 30
20240825 30
20240826 30
20240827 30
20240828 30
20240829 30
20240830 30
20240831 30
20240901 30
20240902 30
20240903 30
20240904 30
20240905 30
20240906 30
20240907 30
20240908 30
20240909 30
20240910 30
20240911 30
20240912 30
20240913 30
20240914 30
20240915 30
20240916 30
20240917 30
20240918 30
20240919 30
20240920 30
20240921 30
