20230707 2501
20230709 2501
20230710 2503
20230711 2504
20230712 2500
20230713 2501
20230714 2501
20230715 2500
20230730 2535
20230731 2535
20230801 2538
20230802 2538
20230803 2539
20230804 2539
20230805 2539
20230806 2539
20230807 2538
20230808 2539
20230809 2540
20230810 2541
20230811 2543
20230812 2542
20230813 2542
20230815 2543
20230816 2544
20230817 2544
20230818 2545
20230819 2546
20230820 2547
20230821 2547
20230822 2552
20230823 2553
20230824 2554
20230825 2558
20230826 2557
20230827 2557
20230828 2557
20230829 2557
20230830 2557
20230831 2561
20230901 2561
20230902 2559
20230903 2558
20230904 2558
20230905 2557
20230906 2557
20230907 2562
20230908 2565
20230909 2564
20230910 2564
20230911 2563
20230912 2561
20230913 2561
20230914 2562
