20230707 1078
20230710 1080
20230718 1080
20230719 1079
20230720 1080
20230722 1080
20230723 1081
20230725 1081
20230726 1082
20230802 1082
20230803 1080
20230807 1080
20230808 1074
20230811 1074
20230812 1075
20230823 1075
20230824 1074
20230825 1075
20230829 1075
20230830 1074
20230831 1074
20230901 1075
20230903 1075
20230904 1076
20230905 1075
20230918 1075
20230919 1076
20231003 1076
20231005 1075
20231007 1075
20231008 1076
20231009 1077
20231010 1072
20231012 1072
20231013 1073
20231014 1074
20231015 1074
20231016 1075
20231017 1073
20231022 1073
20231023 1074
20231024 1074
20231025 1077
20231026 1078
20231027 1080
20231029 1080
20231030 1083
20231031 1084
20231101 1084
20231102 1082
20231105 1082
20231106 1084
20231108 1084
20231109 1087
20231112 1087
20231113 1088
20231115 1088
20231116 1089
20231121 1089
20231122 1092
20231202 1092
20231203 1093
20231204 1094
20231205 1095
20231206 1094
20231214 1094
20231215 1095
20231217 1095
20231218 1097
20231219 1096
20231220 1096
20231221 1097
20231225 1097
20231226 1095
20231227 1095
20231230 1094
20240103 1094
20240104 1095
20240105 1097
20240107 1097
20240108 1051
20240109 1054
20240110 1055
20240111 1054
20240113 1054
20240114 1055
20240115 1056
20240116 1056
20240117 1051
20240118 1051
20240119 1052
20240122 1052
20240123 1053
20240124 1054
20240125 1054
20240126 1055
20240128 1055
20240129 1057
20240201 1057
20240202 1058
20240203 1058
20240204 1059
20240205 1059
20240206 1061
20240219 1061
20240220 998
20240225 998
20240226 997
20240227 998
20240228 999
20240229 1001
20240306 1001
20240307 1002
20240310 1002
20240311 1000
20240313 1000
20240314 1002
20240317 1002
20240318 1001
20240320 1001
20240321 1000
20240324 1000
20240325 998
20240331 998
20240401 999
20240402 999
20240403 998
20240404 998
20240405 991
20240407 991
20240408 995
20240413 995
20240415 997
20240417 997
20240418 998
20240421 998
20240422 1000
20240424 1000
20240425 999
20240426 1000
20240427 1000
20240428 1001
20240501 1001
20240503 1002
20240504 1002
20240505 1005
20240506 1000
20240512 1000
20240513 1006
20240514 1018
20240515 1024
20240516 1028
20240517 1029
20240518 1029
20240519 1030
20240520 1030
20240521 1031
20240523 1031
20240524 1030
20240530 1030
20240531 1028
20240604 1028
20240605 1026
20240611 1026
20240612 1028
20240613 1030
20240624 1030
20240626 1049
20240630 1049
20240701 1050
20240702 1050
20240703 1049
20240704 1049
20240705 1048
20240710 1048
20240711 1049
20240721 1049
20240723 1048
20240724 1048
20240725 1049
20240728 1049
20240729 1050
20240731 1050
20240801 1051
20240803 1051
20240804 1052
20240807 1052
20240808 1050
20240813 1050
20240814 1049
20240815 1053
20240816 1055
20240818 1055
20240819 1056
20240820 1056
20240821 1052
20240823 1052
20240824 1053
20240825 1053
20240826 1054
20240827 1053
20240828 1051
20240905 1051
20240906 1049
20240907 1047
20240908 1047
20240909 1048
20240910 1046
20240911 1047
20240912 1041
20240913 1040
20240918 1040
20240919 1039
20240920 1041
20240921 1041
20241003 1042
20241006 1042
20241111 1032
20241114 1032
20241115 1033
20241117 1033
20241118 1034
20241126 1034
20241127 1035
20241128 1035
20241129 1036
20241203 1036
20241204 1034
20241205 1035
20241206 1035
20241207 1036
20241210 1036
20241211 1038
20241216 1038
20241217 1039
20241218 1039
20241219 1040
20241223 1040
20241224 1041
20241229 1041
20241230 1042
20241231 1008
20250101 1012
20250102 1014
20250103 1017
20250106 1017
20250107 1018
20250108 1019
20250109 1021
20250116 1021
20250117 1022
20250121 1022
20250122 1023
20250125 1023
20250126 1026
20250127 1027
20250128 1027
20250129 1028
20250202 1028
20250203 1020
20250208 1020
20250210 1022
20250211 1022
20250212 1023
20250218 1023
20250219 1024
20250220 1025
20250221 1027
20250222 1027
20250223 1028
20250227 1028
20250228 1027
20250303 1027
20250304 1026
20250309 1026
20250310 1028
20250318 1028
20250319 1027
20250320 1026
20250321 1025
20250324 1025
20250326 1022
20250327 1021
20250331 1021
20250401 1011
20250403 1011
20250404 1014
20250414 1014
20250415 1012
20250422 1012
20250423 1010
20250424 1009
20250428 1009
20250429 1008
20250501 1008
20250502 1006
20250505 1006
20250506 1007
20250507 1006
20250508 999
20250509 1000
20250511 1000
20250512 1001
20250514 1001
20250515 999
20250516 998
20250519 998
20250520 994
20250521 997
20250522 998
20250526 998
20250527 994
20250528 995
20250529 990
20250531 990
20250601 993
20250602 989
20250603 990
20250604 991
20250610 991
20250611 990
20250612 990
20250613 989
20250617 989
20250618 990
20250619 990
20250620 991
20250621 991
20250622 992
20250623 994
20250625 994
20250626 995
20250629 995
20250630 998
20250701 998
20250702 997
20250707 997
20250708 998
20250709 999
20250710 999
20250711 998
20250716 998
20250717 999
20250720 999
20250722 993
20250724 993
20250725 991
20250727 991
20250728 990
20250729 989
20250730 986
20250731 986
20250801 983
20250804 983
20250805 982
20250806 978
20250807 977
20250808 844
20250811 844
20250812 836
20250813 824
20250814 823
20250816 823
20250817 825
20250818 826
20250819 824
20250820 823
20250823 823
20250824 824
20250826 824
20250827 823
20250828 822
20250903 822
20250904 823
20250905 822
20250906 823
20250907 822
20250908 822
20250909 821
20250914 821
20250915 820
20250916 820
20250917 821
20250920 821
20250921 822
20250922 822
20250923 821
20251006 821
20251007 820
20251013 820
20251014 818
20251015 819
20251016 819
20251017 818
20251018 818
20251019 819
20251022 819
20251023 820
20251026 820
20251027 808
20251028 806
20251029 806
20251030 805
20251103 805
20251104 803
20251105 804
20251111 804
20251112 803
20251113 801
20251117 801
20251118 802
20251119 801
20251120 801
20251121 802
20251122 803
20251123 803
20251124 804
20251127 804
20251128 803
20251202 803
20251203 805
20251204 805
20251206 806
20251207 807
20251208 808
20251217 808
20260103 797
20260104 797
20260105 793
20260107 796
20260108 798
20260109 819
20260113 819
20260114 818
20260122 818
20260123 814
20260124 814
20260125 815
20260126 815
20260127 816
20260128 816
20260129 815
20260202 815
20260203 810
20260204 811
20260205 810
20260208 810
20260209 812
20260210 811
20260211 811
20260212 810
20260218 810
20260219 809
20260220 810
20260223 810
20260224 809
20260226 809
20260227 810
20260308 810
20260309 809
20260310 809
20260311 808
20260313 809
20260315 809
