20230707 11
20230709 11
20230710 11
20230711 11
20230712 11
20230714 11
20230715 11
20230730 11
20230731 11
20230801 11
20230802 11
20230803 11
20230804 11
20230805 11
20230806 11
20230807 11
20230808 11
20230809 11
20230810 11
20230811 11
20230812 11
20230813 11
20230815 11
20230816 11
20230817 11
20230818 11
20230819 11
20230820 11
20230821 11
20230822 11
20230823 11
20230824 11
20230825 11
20230826 11
20230827 11
20230828 11
20230829 11
20230830 11
20230831 11
20230901 11
20230902 11
20230903 11
20230904 11
20230905 11
20230906 11
20230907 11
20230908 11
20230909 11
20230910 11
20230911 11
20230912 11
20230913 11
20230914 11
20230915 11
20230916 11
20230917 11
20230918 11
20230919 11
20230920 7
20230921 7
20230922 7
20230923 7
20230924 7
20230925 7
20230926 7
20230927 7
20230928 7
20230929 7
20230930 7
20231001 7
20231002 7
20231003 7
20231005 7
20231007 7
20231008 7
20231009 7
20231010 7
20231011 7
20231012 7
20231013 7
20231014 7
20231015 7
20231016 7
20231017 7
20231018 7
20231019 7
20231020 7
20231021 7
20231022 7
20231023 7
20231024 7
20231025 7
20231026 7
20231027 7
20231028 7
20231029 7
20231030 7
20231031 7
20231101 7
20231102 7
20231103 7
20231104 7
20231105 7
20231106 7
20231107 7
20231108 7
