20230707 002688
20230710 002684
20230711 002684
20230712 002684
20230713 002686
20230714 002687
20230715 002687
20230716 002687
20230717 002687
20230718 002685
20230719 002685
20230720 002685
20230721 002685
20230722 002685
20230723 002683
20230724 002684
20230725 002684
20230726 002685
20230727 002684
20230728 002684
20230729 002685
20230730 002684
20230731 002684
20230801 002678
20230802 002681
20230803 002678
20230804 002677
20230805 002677
20230806 002677
20230807 002677
20230808 002677
20230809 002675
20230810 002675
20230811 002674
20230812 002675
20230813 002675
