20230710 586
20230711 585
20230712 585
20230713 266
20231030 266
20231031 271
20240215 271
20240216 270
20240328 270
20240329 263
20240624 263
20240626 263
20240627 263
20240628 263
20240629 263
20240630 263
20240701 263
20240702 263
20240703 263
20240704 263
20240705 263
20240706 263
20240707 263
20240708 263
20240709 263
20240710 263
20240711 263
20240712 263
20240713 263
20240714 263
20240715 263
20240716 263
20240717 263
20240718 263
20240719 263
20240720 263
20240721 263
20240722 263
20240723 263
20240724 263
20240725 263
20240726 263
20240727 263
20240728 263
20240729 263
20240730 263
20240731 263
20240801 263
20240802 267
20240803 267
20240804 267
20240805 267
20240806 267
20240806 267
20240807 267
20240808 267
20240809 267
20240810 267
20240811 267
20240812 267
20240813 267
20240814 267
20240815 267
20240816 267
20240817 267
20240818 267
20240819 267
20240820 267
20240821 267
20240822 267
20240823 267
20240824 266
20240825 266
20240826 266
20240827 266
20240828 266
20240829 266
20240830 266
20240831 266
20240901 266
20240902 266
20240903 266
20240904 266
20240905 266
20240906 266
20240907 266
20240908 266
20240909 266
20240910 266
20240911 266
20240912 266
20240913 266
20240914 266
20240915 266
20240916 266
20240917 266
20240918 266
20240919 266
20240920 266
20240920 266
20240921 266
20240921 266
20241003 266
20241003 266
20241006 266
20241111 265
20241113 265
20241114 265
20241115 265
20241116 265
20241117 265
20241118 265
20241119 265
20241120 265
20241121 265
20241122 265
20241123 265
20241124 265
20241125 265
20241126 265
20241127 265
20241128 265
20241129 265
20241130 265
20241201 265
20241202 265
20241203 265
20241204 265
20241205 265
20241206 265
20241207 265
20241208 265
20241209 265
20241210 265
20241211 265
20241212 265
20241213 265
20241214 265
20241215 265
20241216 265
20241217 265
20241218 265
20241219 265
20241220 265
20241221 266
20241222 266
20241223 266
20241224 266
20241225 266
20241226 266
20241227 266
20241228 266
20241229 266
20241230 266
20241231 266
20250101 267
20250102 267
20250103 267
20250104 267
20250105 267
20250106 267
20250107 267
20250108 267
20250109 267
20250110 267
20250111 267
20250112 267
20250113 267
20250114 267
20250115 267
20250116 267
20250117 267
20250118 267
20250119 267
20250120 267
