20230922 7
20230924 7
20230925 7
20230926 7
20230927 7
20230928 7
20230929 7
20230930 7
20231001 7
20231002 7
20231003 7
20231005 7
20231007 7
20231008 7
20231009 7
20231010 7
20231011 7
20231012 7
20231013 7
20231014 7
20231015 7
20231016 7
20231017 7
20231018 7
20231019 7
20231020 7
20231021 7
20231022 7
20231023 7
20231024 7
20231025 7
20231026 7
20231027 7
20231028 7
20231029 7
20231030 7
20231031 7
20231101 7
20231102 7
20231103 7
20231104 7
20231105 7
20231106 7
20231107 7
20231108 7
20231109 7
20231110 7
20231111 7
20231112 7
20231113 7
20231114 7
20231115 7
20231116 7
20231117 7
20231118 7
20231120 7
20231121 7
20231122 7
20231123 7
20231124 7
20231125 7
20231126 7
20231127 7
20231128 7
20231129 7
20231130 7
20231201 7
20231202 7
20231203 7
20231204 7
20231205 7
20231206 7
20231207 7
20231208 7
20231209 7
20231210 7
20231211 7
20231212 7
20231213 7
20231214 7
20231215 7
20231216 7
20231217 7
20231218 7
20231219 7
20231220 7
20231221 7
20231222 7
20231223 7
20231224 7
20231225 7
20231226 7
20231227 7
20231230 7
20231231 7
20240101 7
20240102 7
20240103 7
20240104 7
20240105 7
20240106 7
20240107 7
20240108 7
20240109 7
20240110 7
20240111 7
20240112 7
20240113 7
20240114 7
20240115 7
20240116 7
20240117 7
20240118 7
20240119 7
20240120 7
20240121 7
20240122 7
20240124 7
20240125 7
20240126 7
20240127 7
20240128 7
20240129 7
20240130 7
20240131 7
20240201 7
20240202 7
20240203 7
20240204 7
20240205 7
20240206 7
20240207 7
20240208 7
20240209 7
20240210 7
20240211 7
20240212 7
20240213 7
20240214 7
20240215 7
20240216 7
20240217 7
20240218 7
20240219 7
20240220 7
20240221 7
20240222 7
20240223 7
20240224 7
20240225 7
20240226 7
20240227 7
20240228 7
20240229 7
20240301 7
