20230922 229
20230924 240
20230925 241
20230926 254
20230928 254
20230929 260
20231001 260
20231002 261
20231005 261
20231007 262
20231008 264
20231009 264
20231010 266
20231011 267
20231012 267
20231013 269
20231017 269
20231018 276
20231019 276
20231020 283
20231021 284
20231113 284
20231114 285
20231116 285
20231117 286
20231126 286
20231127 289
20231205 289
20231206 290
20240116 290
20240117 289
20240118 289
20240119 290
20240120 289
20240202 289
20240203 290
20240212 290
20240213 289
20240221 289
20240222 290
20240225 290
20240226 291
20240227 291
20240228 290
20240311 290
20240312 291
20240314 291
20240315 293
20240316 293
20240317 294
20240318 294
20240319 295
20240320 296
20240321 298
20240322 298
20240323 299
20240324 301
20240326 301
20240327 302
20240329 302
20240330 303
20240402 303
20240403 305
20240407 305
20240408 307
20240409 308
20240410 309
20240411 309
20240412 308
20240413 309
20240415 310
20240417 310
20240418 311
20240426 311
20240427 312
20240428 312
20240429 314
20240503 314
20240504 313
20240505 310
20240512 310
20240513 309
20240524 309
20240525 310
20240601 310
20240602 311
20240604 311
20240605 312
20240620 312
20240621 311
20240623 311
20240624 315
20240714 315
20240715 316
20240717 316
20240718 317
20240725 317
20240726 318
20240727 318
20240728 317
20240731 317
20240801 316
20240802 315
20240805 315
20240806 314
20240807 313
20240809 313
20240810 311
20240812 311
20240813 310
20240814 309
20240815 309
20240816 307
20240821 307
20240822 306
20240829 306
20240830 307
20240831 307
20240901 306
20240913 306
20240914 307
20240922 307
20240925 306
20240927 306
20240928 307
20241001 307
20241002 308
20241015 308
20241016 309
20241030 309
20241031 310
20241105 310
20241106 311
20241112 311
20241113 306
20241114 293
20241116 293
20241117 292
20241118 292
20241119 285
20241120 234
20241121 178
20241122 168
20241126 168
20241127 166
20241128 160
20241129 158
20241203 158
20241204 159
20241206 159
20241207 158
20241215 158
20241216 157
20241217 158
20241221 158
20241222 159
20250101 159
20250102 158
20250107 158
20250108 159
20250123 159
20250124 161
20250125 161
20250126 160
20250220 160
20250221 159
20250225 159
20250226 160
20250318 160
20250319 158
20250320 150
20250324 150
20250326 149
20250410 149
20250411 150
20250420 150
20250421 149
20250517 149
20250518 150
20250601 150
20250602 148
20250604 148
20250605 147
20250619 147
20250620 146
20250718 146
20250719 145
20250723 145
20250724 152
20250725 154
20250828 154
20250829 155
20250901 155
20250902 157
20250903 157
20250904 173
20250905 176
20250906 176
20250907 177
20250919 177
20250920 178
20250921 179
20251016 179
20251017 180
20251031 180
20251101 181
20251111 181
20251112 175
20251121 175
20251122 174
20251124 174
20251125 175
20251126 177
20251209 177
20251210 179
20251214 179
20251217 172
20260103 164
20260111 164
20260112 163
20260119 163
20260120 165
20260219 165
20260220 166
20260305 166
20260306 167
20260309 167
20260310 172
20260313 172
20260314 171
20260324 171
