20230707 19
20230919 19
20230920 18
20240527 18
20240528 23
20240529 23
20240530 26
20240624 26
20240626 26
20240627 26
20240628 26
20240629 26
20240630 26
20240701 26
20240702 26
20240703 26
20240704 26
20240705 26
20240706 26
20240707 26
20240708 26
20240709 26
20240710 26
20240711 26
20240712 26
20240713 26
20240714 26
20240715 26
20240716 26
20240717 26
20240718 26
20240719 26
20240720 26
20240721 26
20240722 26
20240723 26
20240724 26
20240725 26
20240726 26
20240727 26
20240728 26
20240729 26
20240730 26
20240731 26
20240801 26
20240802 26
20240803 26
20240804 26
