20230707 349
20230711 349
20230712 347
20230713 346
20230714 348
20230715 349
20230730 356
20230810 356
20230811 357
20230817 357
20230818 365
20230823 365
20230824 364
20230825 365
20230826 366
20230829 366
20230830 367
20230831 367
20230901 365
20230902 363
20230903 361
20230904 360
20230905 360
20230906 355
20230907 351
20230908 350
20230909 348
20230918 348
20230919 346
20230920 329
20230921 330
20230922 329
20230925 329
20230926 381
20230927 398
20230928 419
20230929 429
20230930 447
20231001 451
20231002 458
20231003 464
20231005 470
20231007 480
20231008 479
20231009 483
20231011 483
20231012 486
20231013 494
20231015 494
20231016 493
20231017 493
20231018 494
20231019 494
20231020 491
20231022 491
20231023 489
20231024 489
20231025 488
20231031 488
20231101 487
20231103 487
20231104 490
20231106 490
20231107 491
20231109 491
20231110 490
20231112 490
20231113 489
20231114 488
20231115 489
20231116 489
20231117 490
20231118 490
20231120 488
20231121 487
20231122 488
20231124 488
20231125 489
20231127 489
20231128 488
20231130 488
20231201 489
20231202 488
20231207 488
20231208 490
20231209 490
20231210 487
20231211 484
20231213 484
20231214 481
20231215 482
20231216 483
20231218 483
20231219 482
20231220 480
20231222 480
20231223 478
20231225 478
20231226 471
20231227 464
20231230 475
20231231 476
20240101 475
20240103 475
20240104 476
20240105 476
20240106 473
20240110 473
20240111 474
20240112 474
20240113 473
20240116 473
20240117 471
20240119 471
20240120 470
20240121 471
20240122 470
20240124 469
20240206 469
20240207 468
20240213 468
20240214 467
20240217 467
20240218 468
20240219 464
20240227 464
20240228 458
20240229 457
20240302 457
20240303 458
20240304 459
20240305 461
20240306 461
20240307 459
20240308 465
20240310 465
20240311 463
20240312 463
20240313 462
20240314 462
20240315 463
20240316 461
20240317 460
20240318 457
20240321 457
20240322 456
20240324 456
20240325 454
20240326 454
20240327 452
20240329 452
20240330 453
20240402 453
20240403 452
20240405 452
20240406 453
20240407 453
20240408 450
20240409 450
20240410 448
20240412 448
20240413 447
20240415 448
20240418 448
20240419 446
20240420 446
20240421 447
20240422 447
20240423 448
20240424 448
20240425 447
20240426 447
20240427 445
20240428 446
20240429 446
20240430 445
20240501 444
20240503 445
20240504 445
20240505 444
20240506 443
20240509 443
20240510 442
20240512 442
20240513 443
20240514 443
20240515 442
20240516 435
20240517 434
20240518 432
20240519 432
20240520 431
20240524 431
20240525 430
20240529 430
20240530 431
20240531 430
20240601 430
20240602 431
20240603 432
20240604 432
20240605 433
20240606 433
20240609 432
20240611 432
20240612 434
20240613 434
20240614 433
20240615 434
20240616 435
20240617 418
20240618 418
20240620 408
20240621 404
20240624 404
20240626 404
20240627 405
20240628 408
20240629 406
20240630 406
20240701 406
20240702 406
20240703 405
20240704 405
20240705 406
20240706 406
20240707 405
20240708 405
20240709 405
20240710 404
20240711 404
20240712 404
20240713 403
20240714 403
20240715 403
20240716 403
20240717 403
20240718 404
20240719 403
20240720 403
20240721 413
20240722 412
20240723 415
20240724 415
20240725 419
20240726 418
20240727 418
20240728 419
20240729 418
20240730 418
20240731 418
20240801 417
20240802 403
20240803 401
20240804 401
20240805 400
20240806 400
20240807 400
20240808 400
20240809 400
20240810 400
20240811 400
20240812 400
20240813 400
20240814 400
20240815 400
20240816 402
20240817 402
20240818 402
20240819 402
20240820 403
20240821 402
20240822 402
20240823 402
20240824 402
20240825 400
20240826 401
