20230707 110
20230709 110
20230710 110
20230711 110
20230712 109
20230713 110
20230714 110
20230715 110
20230730 110
20230731 110
20230801 110
20230802 110
20230803 110
20230804 110
20230805 110
20230806 110
20230807 110
20230808 110
20230809 110
20230810 110
20230811 110
20230812 110
20230813 110
20230815 110
20230816 110
20230817 110
20230818 110
20230819 110
20230820 110
20230821 110
20230822 110
20230823 110
20230824 110
20230825 110
20230826 110
20230827 110
20230828 110
20230829 110
20230830 110
20230831 110
20230901 110
20230902 110
20230903 110
20230904 110
20230905 110
20230906 110
20230907 110
20230908 110
20230909 110
20230910 110
20230911 110
20230912 110
20230913 110
20230914 110
20230915 110
20230916 110
20230917 110
20230918 110
20230919 110
20230920 108
20230921 108
20230922 108
20230923 105
20230924 105
20230925 105
20230926 106
20230927 106
20230928 108
20230929 108
