20230707 2624
20230712 2624
20230713 2622
20230919 2622
20230920 2621
20230921 2621
20230922 2622
20230923 2624
20230926 2624
20230927 2625
20231002 2625
20231003 2624
20231016 2624
20231017 2632
20231019 2632
20231020 2633
20231026 2633
20231027 2657
20231028 2656
20231029 2658
20231030 2658
20231031 2659
20231101 2661
20231113 2661
20231114 2656
20231115 2608
20231116 2607
20231117 2574
20231118 2577
20231120 2577
20231121 2576
20231122 2577
20231123 2582
20231124 2583
20231125 2583
20231126 2584
20231127 2584
20231128 2585
20231204 2585
20231205 2584
20231206 2584
20231207 2585
20231208 2586
20231215 2586
20231216 2584
20231220 2584
20231221 2591
20231222 2594
20240106 2594
20240107 2595
20240129 2595
20240130 2596
20240217 2596
20240218 2595
20240401 2595
20240402 2596
20240407 2596
20240408 2595
20240409 2593
20240410 2593
20240411 2590
20240417 2590
20240418 2591
20240419 2590
20240427 2590
20240428 2589
20240429 2587
20240430 2589
20240501 2568
20240703 2568
20240704 2560
20240905 2560
20240906 2561
20240907 2562
20241006 2562
20241111 2550
20241113 2550
20241114 2550
20241115 2522
20241116 1221
20241117 1201
20241118 1201
20241119 1073
20241120 1053
20241121 1000
20241122 991
20241123 990
20241124 989
20241125 954
20241126 926
