20230707 832
20230709 831
20230710 831
20230711 831
20230712 831
20230713 832
20230714 832
20230715 831
20230730 829
20230731 829
20230801 829
20230802 828
20230803 829
20230804 830
20230805 830
20230806 830
20230807 830
20230808 829
20230809 828
20230810 828
20230811 828
20230812 828
20230813 834
20230815 832
20230816 831
20230817 831
20230818 831
20230819 832
20230820 832
20230821 832
20230822 832
20230823 833
20230824 833
20230825 833
20230826 833
20230827 833
20230828 834
20230829 834
20230830 834
20230831 831
20230901 831
20230902 831
20230903 831
20230904 831
20230905 831
20230906 827
20230907 828
20230908 829
20230909 828
20230910 828
20230911 828
20230912 828
20230913 830
20230914 821
20230915 822
20230916 822
20230917 822
20230918 818
20230919 818
20230920 813
20230921 810
20230922 811
20230923 812
20230924 812
20230925 812
20230926 812
20230927 813
20230928 813
20230929 813
20230930 813
20231001 814
20231002 814
20231003 814
20231005 814
20231007 815
20231008 815
20231009 815
20231010 815
20231011 816
20231012 817
20231013 817
20231014 818
20231015 818
20231016 818
20231017 820
20231018 820
20231019 820
20231020 821
20231021 820
20231022 820
20231023 820
20231024 819
20231025 816
20231026 818
20231027 818
20231028 818
20231029 819
20231030 819
20231031 819
20231101 819
20231102 820
20231103 821
20231104 823
20231105 823
20231106 823
20231107 823
20231108 823
20231109 825
20231110 824
20231111 824
20231112 825
20231113 824
20231114 825
20231115 826
20231116 827
20231117 828
20231118 828
20231120 828
20231121 828
20231122 828
20231123 828
20231124 827
20231125 826
20231126 826
20231127 826
20231128 827
20231129 826
20231130 827
20231201 825
20231202 826
20231203 826
20231204 826
20231205 826
20231206 826
20231207 825
20231208 821
20231209 820
20231210 822
20231211 823
20231212 823
20231213 825
20231214 825
20231215 825
20231216 824
20231217 824
20231218 824
20231219 825
20231220 825
20231221 825
20231222 825
20231223 827
20231224 827
20231225 828
20231226 828
20231227 828
20231230 828
20231231 829
20240101 830
20240102 830
20240103 830
20240104 830
20240105 830
20240106 831
20240107 831
20240108 831
20240109 831
20240110 831
20240111 829
20240112 829
20240113 829
20240114 829
20240115 829
20240116 829
20240117 827
20240118 828
20240119 829
20240120 829
20240121 829
20240122 830
20240124 827
20240125 827
20240126 826
20240127 826
20240128 826
20240129 826
20240130 827
20240131 826
20240201 828
20240202 829
20240203 829
20240204 831
20240205 831
20240206 833
20240207 834
20240208 834
20240209 833
20240210 831
20240211 831
20240212 831
20240213 832
20240214 832
20240215 833
20240216 834
20240217 835
20240218 835
20240219 835
20240220 834
20240221 835
20240222 834
20240223 834
20240224 835
20240225 835
20240226 836
20240227 836
20240228 836
20240229 836
20240301 836
20240302 837
20240303 837
20240304 838
20240305 836
20240306 836
20240307 835
20240308 835
20240309 835
20240310 835
20240311 835
20240312 835
20240313 834
20240314 834
20240315 834
20240316 834
20240317 834
20240318 834
20240319 836
20240320 836
20240321 836
20240322 836
20240323 836
20240324 836
20240325 836
20240326 835
20240327 836
20240328 836
20240329 831
20240330 832
20240331 837
20240401 837
20240402 836
20240403 836
20240404 836
20240405 838
20240406 839
20240407 839
20240408 839
20240409 838
20240410 839
20240411 838
20240412 838
20240413 837
20240415 837
20240416 836
20240417 837
20240418 838
20240419 838
20240420 839
20240421 839
20240422 839
20240423 837
20240424 837
20240425 839
20240426 839
20240427 838
20240428 838
20240429 838
20240430 838
20240501 836
20240503 834
20240504 834
20240505 834
20240506 834
20240507 832
20240508 832
20240509 834
20240510 835
20240511 835
20240512 835
20240513 835
20240514 835
20240515 835
20240516 835
20240517 834
20240518 834
20240519 836
20240520 836
20240521 839
20240522 839
20240523 838
20240524 839
20240525 838
20240526 839
20240527 837
20240528 837
20240529 838
20240530 839
20240531 838
20240601 841
20240602 842
20240603 842
20240604 842
20240605 842
20240606 841
20240609 844
20240611 845
