20230922 213804
20230924 213747
20230925 213692
20230926 213665
20230927 213574
20230928 213476
20230929 213431
20230930 213353
20231001 213241
20231002 213134
20231003 213042
20231005 212974
20231007 212917
20231008 212907
20231009 212873
20231010 212863
20231011 212810
20231012 212753
20231013 212713
20231014 212640
20231015 212533
20231016 212448
20231017 212448
20231018 212293
20231019 212293
20231020 212288
20231021 212258
20231022 212238
20231023 212230
20231024 212151
20231025 212098
20231026 212042
20231027 211993
20231028 211957
20231029 211895
20231030 211821
20231031 211742
20231101 211625
20231102 211514
