20230707 1519
20230710 1518
20230714 1518
20230715 1527
20230719 1527
20230720 1528
20230806 1528
20230807 1527
20230809 1527
20230810 1528
20230816 1528
20230817 1525
20230819 1525
20230820 1524
20230823 1524
20230824 1523
20230828 1523
20230829 1527
20230902 1527
20230903 1525
20230905 1525
20230906 1523
20230910 1523
20230911 1524
20230912 1522
20230913 1522
20230914 1524
20230917 1524
20230918 1523
20230920 1523
20230921 1524
20230922 1525
20231001 1525
20231002 1524
20231003 1523
20231005 1523
20231007 1524
20231014 1524
20231015 1522
20231021 1522
20231022 1520
20231031 1520
20231101 1519
20231102 1520
20231105 1520
20231106 1519
20231114 1519
20231115 1520
20231118 1520
20231120 1519
20231121 1519
20231122 1511
20231202 1511
20231203 1510
20231216 1510
20231217 1508
20231218 1508
20231219 1507
20231220 1507
20231222 1506
20231223 1506
20231224 1504
20231227 1504
20231230 1503
20231231 1502
20240102 1502
20240103 1501
20240107 1501
20240108 1502
20240110 1502
20240111 1512
20240117 1512
20240118 1511
20240119 1513
20240120 1513
20240121 1512
20240127 1512
20240128 1491
20240129 1431
20240130 1431
20240131 1421
20240203 1421
20240204 1420
20240212 1420
20240213 1416
20240215 1416
20240216 1417
20240217 1417
20240218 1416
20240226 1416
20240227 1413
20240228 1481
20240229 1512
20240305 1512
20240306 1513
20240309 1513
20240310 1503
20240316 1503
20240317 1506
20240405 1506
20240406 1511
20240407 1511
20240408 1486
20240409 1484
20240410 1485
20240413 1485
20240415 1487
20240417 1487
20240418 1495
20240420 1495
20240421 1491
20240422 1491
20240423 1490
20240424 1489
20240427 1489
20240428 1487
20240429 1486
20240430 1486
20240501 1487
20240503 1487
20240504 1490
20240505 1490
20240506 1498
20240507 1496
20240511 1496
20240512 1497
20240515 1497
20240516 1498
20240518 1498
20240519 1497
20240525 1497
20240526 1496
20240528 1496
20240529 1497
20240531 1497
20240601 1498
20240602 1497
20240603 1496
20240606 1496
20240609 1495
20240611 1496
20240612 1497
20240613 1492
20240615 1492
20240616 1481
20240617 1481
20240620 1472
20240624 1472
20240626 1472
20240627 1472
20240628 1472
20240629 1472
20240630 1472
20240701 1472
20240702 1473
20240703 1473
20240704 1473
20240705 1473
20240706 1473
20240707 1473
20240708 1473
20240709 1473
20240710 1473
20240711 1473
20240712 1473
20240713 1473
20240714 1473
20240715 1473
20240716 1473
20240717 1477
20240718 1477
20240719 1477
20240720 1477
20240721 1476
20240722 1476
20240723 1476
20240724 1476
20240725 1476
20240726 1476
20240727 1476
20240728 1476
20240729 1476
20240730 1476
20240731 1476
20240801 1476
20240802 1476
20240803 1476
20240804 1476
20240805 1476
20240806 1475
20240806 1475
20240807 1475
20240808 1475
20240809 1475
20240810 1475
20240811 1475
20240812 1475
20240813 1475
20240814 1475
20240815 1475
20240816 1476
20240817 1476
20240818 1473
20240819 1472
20240820 1472
20240821 1472
20240822 1472
20240823 1472
20240824 1472
20240825 1471
20240826 1471
20240827 1471
20240828 1471
20240829 1471
20240830 1471
20240831 1471
20240901 1470
20240902 1470
20240903 1470
20240904 1470
20240905 1470
20240906 1470
20240907 1471
