20230707 32645
20230710 32645
20230711 32645
20230712 32683
20230714 32683
20230715 32683
20230716 32683
20230717 32683
20230718 32683
20230719 32680
20230720 32680
20230721 32680
20230722 32680
20230723 32680
20230724 32680
20230725 32680
20230726 32680
20230727 32653
20230728 32653
20230729 32653
20230730 32653
20230731 32653
20230801 32653
20230802 32653
20230803 32628
20230804 32628
20230805 32628
20230806 32628
20230807 32628
20230808 32628
20230809 32628
20230810 32628
20230811 32809
20230812 32809
20230813 32809
20230815 32809
20230816 32809
20230817 32809
20230818 32761
20230819 32761
20230820 32761
20230821 32761
20230822 32761
20230823 32761
20230824 32739
20230825 32739
20230826 32739
20230827 32739
20230828 32739
20230829 32739
20230830 32739
20230831 32739
20230901 32659
20230902 32659
20230903 32659
20230904 32659
20230905 32659
20230906 32659
20230907 32659
20230908 32668
20230909 32668
20230910 32668
20230911 32668
20230912 32668
20230913 32668
20230914 32668
20230915 32668
20230916 32679
20230917 32679
20230918 32679
