20230707 11500
20230709 11487
20230710 11484
20230711 11474
20230712 11471
20230713 11473
20230714 11472
20230715 11468
20230730 11406
20230731 11381
20230801 11374
20230802 11375
20230803 11380
20230804 11401
20230805 11396
20230806 11386
20230807 11388
20230808 11391
20230809 11387
20230810 11405
20230811 11423
20230812 11427
20230813 11431
20230815 11431
20230816 11439
20230815 11431
20230817 11443
20230815 11431
20230818 11453
20230815 11431
20230819 11460
20230815 11431
20230820 11463
20230815 11431
20230821 11464
20230815 11431
20230822 11472
20230815 11431
20230823 11488
20230815 11431
20230824 11479
20230815 11431
20230825 11465
20230815 11431
20230826 11467
20230815 11431
20230827 11464
20230815 11431
20230828 11461
20230815 11431
20230829 11448
20230815 11431
20230830 11452
20230815 11431
20230831 11444
20230815 11431
20230901 11423
20230815 11431
20230902 11389
20230815 11431
20230903 11352
20230815 11431
20230904 11327
20230815 11431
20230905 11301
20230815 11431
20230906 11285
20230815 11431
20230907 11288
20230815 11431
20230908 11287
20230815 11431
20230909 11267
20230815 11431
20230910 11246
20230815 11431
20230911 11279
20230815 11431
20230912 11286
20230815 11431
20230913 11281
20230815 11431
20230914 11251
20230815 11431
20230915 11230
20230815 11431
20230916 11201
20230815 11431
20230917 11184
20230815 11431
20230918 11171
20230815 11431
20230919 11166
20230815 11431
20230920 11145
20230815 11431
20230921 11138
20230815 11431
20230922 11154
20230815 11431
20230923 11176
20230815 11431
20230924 11187
20230815 11431
20230925 11243
20230815 11431
20230926 11230
20230815 11431
20230927 11235
20230815 11431
20230928 11230
20230815 11431
20230929 11222
20230815 11431
20230930 11223
20230815 11431
20231001 11212
20230815 11431
20231002 11193
20230815 11431
20231003 11184
20230815 11431
20231005 11181
20230815 11431
20231007 11172
20230815 11431
20231008 11169
20230815 11431
20231009 11170
20230815 11431
20231010 11175
20230815 11431
20231011 11171
20230815 11431
20231012 11157
20230815 11431
20231013 11150
20230815 11431
20231014 11152
20230815 11431
20231015 11169
20231016 11169
20231017 11157
20231016 11169
20231018 11163
20231016 11169
20231019 11153
20231016 11169
20231020 11151
20231016 11169
20231021 11141
20231016 11169
20231022 11137
20231016 11169
20231023 11127
20231016 11169
20231024 11121
20231026 11121
20231027 11130
20231026 11121
20231028 11138
20231026 11121
20231029 11130
20231026 11121
20231030 11128
20231026 11121
20231031 11120
20231101 11121
20231026 11121
20231102 11108
20231026 11121
20231103 11113
20231026 11121
20231104 11117
20231026 11121
20231105 11116
20231026 11121
20231106 11125
20231026 11121
20231107 11142
20231026 11121
20231108 11148
20231026 11121
20231109 11150
20231026 11121
20231110 11156
20231026 11121
20231111 11166
20231026 11121
20231112 11188
20231026 11121
20231113 11185
20231026 11121
20231114 11181
20231026 11121
20231115 11197
20231026 11121
20231116 11196
20231117 11196
20231118 11195
20231117 11196
20231120 11193
20231121 11193
20231122 11195
20231121 11193
20231123 11206
20231121 11193
20231124 11215
20231121 11193
20231125 11230
20231121 11193
20231126 11242
20231121 11193
20231127 11241
20231121 11193
20231128 11239
20231121 11193
20231129 11235
20231121 11193
20231130 11237
20231121 11193
20231201 11238
20231121 11193
20231202 11235
20231121 11193
20231203 11234
20231121 11193
20231204 11236
20231121 11193
20231205 11229
20231121 11193
20231206 11210
20231121 11193
20231207 11204
20231121 11193
20231208 11189
20231121 11193
20231209 11176
20231121 11193
20231210 11174
20231121 11193
20231211 11150
20231121 11193
20231212 11162
20231121 11193
20231213 11153
20231121 11193
20231214 11145
20231121 11193
20231215 11138
20231121 11193
20231216 11146
20231121 11193
20231217 11137
20231121 11193
20231218 11136
20231121 11193
20231219 11131
20231121 11193
20231220 11130
20231121 11193
20231221 11134
20231121 11193
20231222 11140
20231223 11140
20231224 11111
20231223 11140
20231225 11039
20231223 11140
20231226 11016
20231223 11140
20231227 11009
20231223 11140
20231230 10884
20231223 11140
20231231 10882
20231223 11140
20240101 10870
20231223 11140
20240102 10864
20231223 11140
20240103 10861
20231223 11140
20240104 10857
20231223 11140
20240105 10861
20231223 11140
20240106 10858
20231223 11140
20240107 10864
20231223 11140
20240108 10868
20231223 11140
20240109 10858
20240110 10858
20240111 10845
20240110 10858
20240112 10835
20240110 10858
20240113 10826
20240110 10858
20240114 10837
20240110 10858
20240115 10835
20240110 10858
20240116 10839
20240117 10839
20240118 10866
20240117 10839
20240119 10885
20240117 10839
20240120 10854
20240117 10839
20240121 10848
20240122 10839
20240117 10839
20240124 10850
20240117 10839
20240125 10853
20240117 10839
20240126 10856
20240117 10839
20240127 10869
20240117 10839
20240128 10859
20240117 10839
20240129 10858
20240117 10839
20240130 10859
20240117 10839
20240131 10856
20240117 10839
20240201 10852
20240117 10839
20240202 10884
20240117 10839
20240203 10894
20240117 10839
20240204 10893
20240117 10839
20240205 10884
20240117 10839
20240206 10880
20240117 10839
20240207 10881
20240117 10839
20240208 10882
20240117 10839
20240209 10885
20240117 10839
20240210 10879
20240117 10839
20240211 10878
20240212 10878
20240213 10857
20240212 10878
20240214 10855
20240215 10855
20240216 10851
20240215 10855
20240217 10852
20240218 10855
20240215 10855
20240219 10852
20240220 10855
20240215 10855
20240221 10860
20240215 10855
20240222 10865
20240215 10855
20240223 10870
20240215 10855
20240224 10876
20240215 10855
20240225 10885
20240215 10855
20240226 10892
20240215 10855
20240227 10899
20240215 10855
20240228 10891
20240215 10855
20240229 10902
20240215 10855
20240301 10904
20240302 10904
20240303 10895
20240302 10904
20240304 10889
20240302 10904
20240305 10885
20240302 10904
20240306 10894
20240307 10894
20240308 10890
20240307 10894
20240309 10892
20240307 10894
20240310 10889
20240307 10894
20240311 10880
20240307 10894
20240312 10885
20240307 10894
20240313 10876
20240307 10894
20240314 10875
20240307 10894
20240315 10874
20240307 10894
20240316 10873
20240307 10894
20240317 10870
20240307 10894
20240318 10859
20240307 10894
20240319 10877
20240307 10894
20240320 10879
20240307 10894
20240321 10864
20240307 10894
20240322 10865
20240307 10894
20240323 10867
20240307 10894
20240324 10859
20240307 10894
20240325 10867
20240307 10894
20240326 10877
20240307 10894
20240327 10863
20240307 10894
20240328 10870
20240307 10894
20240329 10883
20240307 10894
20240330 10903
20240307 10894
20240331 10907
20240307 10894
20240401 10906
20240402 10906
20240403 10877
20240402 10906
20240404 10879
20240402 10906
20240405 10875
20240402 10906
20240406 10869
20240402 10906
20240407 10866
20240402 10906
20240408 10864
20240402 10906
20240409 10875
20240402 10906
20240410 10879
20240402 10906
20240411 10891
20240402 10906
20240412 10915
20240402 10906
20240413 10905
20240402 10906
20240415 10911
20240402 10906
20240416 10926
20240402 10906
20240417 10958
20240402 10906
20240418 10975
20240402 10906
20240419 10971
20240402 10906
20240420 10981
20240402 10906
20240421 10979
20240402 10906
20240422 10977
20240402 10906
20240423 11000
20240402 10906
20240424 11009
20240402 10906
20240425 11005
20240402 10906
20240426 11014
20240427 11014
20240428 11015
20240427 11014
20240429 11013
20240427 11014
20240430 11017
20240427 11014
20240501 11011
20240427 11014
20240503 11019
20240427 11014
20240504 11026
20240427 11014
20240505 11030
20240427 11014
20240506 11027
20240427 11014
20240507 11048
20240427 11014
20240508 11062
20240427 11014
20240509 11064
20240427 11014
20240510 11076
20240427 11014
20240511 11157
20240427 11014
20240512 11187
20240427 11014
20240513 11181
20240427 11014
20240514 11200
20240427 11014
20240515 11237
20240427 11014
20240516 11276
20240427 11014
20240517 11306
20240427 11014
20240518 11324
20240427 11014
20240519 11340
20240427 11014
20240520 11354
20240427 11014
20240521 11444
20240427 11014
20240522 11467
20240427 11014
20240523 11487
20240427 11014
20240524 11490
20240427 11014
20240525 11495
20240427 11014
20240526 11508
20240427 11014
20240527 11514
20240427 11014
20240528 11529
20240427 11014
20240529 11560
20240427 11014
20240530 11573
20240427 11014
20240531 11588
20240427 11014
20240601 11625
20240427 11014
20240602 11636
20240427 11014
20240603 11648
20240427 11014
20240604 11644
20240605 11644
20240606 11639
20240605 11644
20240609 11649
20240605 11644
20240611 11667
20240605 11644
20240612 11672
20240605 11644
20240613 11677
20240605 11644
20240614 11679
20240605 11644
20240615 11676
20240605 11644
20240616 11693
20240605 11644
20240617 11697
20240618 11697
20240620 11648
20240618 11697
20240621 11633
20240618 11697
20240622 11614
20240618 11697
20240623 11604
20240618 11697
20240624 11577
20240618 11697
20240626 11557
20240618 11697
20240627 11559
20240618 11697
20240628 11539
20240618 11697
20240629 11538
20240618 11697
20240630 11529
20240618 11697
20240701 11517
20240618 11697
20240702 11512
20240703 11512
20240704 11526
20240703 11512
20240705 11527
20240703 11512
20240706 11530
20240703 11512
20240707 11518
20240703 11512
20240708 11514
20240703 11512
20240709 11521
20240703 11512
20240710 11518
20240703 11512
20240711 11546
20240703 11512
20240712 11545
20240703 11512
20240713 11529
20240714 11529
20240715 11518
20240714 11529
20240716 11505
20240714 11529
20240717 11496
20240714 11529
20240718 11484
20240714 11529
20240719 11478
20240714 11529
20240720 11479
20240714 11529
20240721 11466
20240714 11529
20240722 11462
20240714 11529
20240723 11457
20240724 11457
20240725 11464
20240724 11457
20240726 11462
20240724 11457
20240727 11460
20240724 11457
20240728 11469
20240724 11457
20240729 11476
20240724 11457
20240730 11477
20240724 11457
20240731 11490
20240724 11457
20240801 11498
20240724 11457
20240802 11502
20240724 11457
20240803 11509
20240724 11457
20240804 11505
20240724 11457
20240805 11515
20240724 11457
20240806 11517
20240724 11457
20240807 11512
20240724 11457
20240808 11524
20240724 11457
20240809 11539
20240724 11457
20240810 11546
20240724 11457
20240811 11553
20240724 11457
20240812 11551
20240724 11457
20240813 11562
20240724 11457
20240814 11573
20240724 11457
20240815 11585
20240724 11457
20240816 11593
20240724 11457
20240817 11598
20240818 11598
20240819 11600
20240818 11598
20240820 11617
20240818 11598
20240821 11624
20240818 11598
20240822 11625
20240818 11598
20240823 11636
20240818 11598
20240824 11635
20240818 11598
20240825 11637
20240818 11598
20240826 11635
20240818 11598
20240827 11639
20240818 11598
20240828 11638
20240818 11598
20240829 11641
20240818 11598
20240830 11637
20240818 11598
20240831 11646
20240818 11598
20240901 11655
20240902 11655
20240903 11658
20240902 11655
20240904 11644
20240902 11655
20240905 11637
20240902 11655
20240906 11640
20240902 11655
20240907 11646
20240902 11655
20240908 11635
20240902 11655
20240909 11644
20240902 11655
20240910 11633
20240902 11655
20240911 11611
20240902 11655
20240912 11602
20240902 11655
20240913 11594
20240902 11655
20240914 11577
20240902 11655
20240915 11563
20240902 11655
20240916 11546
20240902 11655
20240917 11541
20240902 11655
20240918 11548
20240902 11655
20240919 11539
20240902 11655
20240920 11549
20240902 11655
20240921 11531
20240902 11655
20240921 11545
20240902 11655
20240922 11531
20240902 11655
20240925 11520
20240902 11655
20240926 11519
20240926 11519
