20230707 78
20230709 78
20230710 78
20230711 78
20230712 78
20230714 78
20230715 78
20230730 78
20230731 78
20230801 78
20230802 78
20230803 78
20230804 78
20230805 78
20230806 78
20230807 78
20230808 78
20230809 78
20230810 78
20230811 78
20230812 78
20230813 78
20230815 78
20230816 78
20230817 78
20230818 78
20230819 78
20230820 78
20230821 78
20230822 78
20230823 78
20230824 78
20230825 78
20230826 78
20230827 78
20230828 78
20230829 78
20230830 78
20230831 78
20230901 78
20230902 78
20230903 78
20230904 78
20230905 78
20230906 78
20230907 78
20230908 78
20230909 78
20230910 78
20230911 78
20230912 78
20230913 78
20230914 78
20230915 78
20230916 78
20230917 78
20230918 78
20230919 78
20230920 76
20230921 76
20230922 76
20230923 76
20230924 76
20230925 76
20230926 76
20230927 76
20230928 76
20230929 76
20230930 76
20231001 76
20231002 76
20231003 76
20231005 76
20231007 76
20231008 76
20231009 76
20231010 76
20231011 76
20231012 76
20231013 76
20231014 76
20231015 76
20231016 76
20231017 76
20231018 76
20231019 76
20231020 76
20231021 76
20231022 76
20231023 76
20231024 76
20231025 76
20231026 76
20231027 76
20231028 76
20231029 76
20231030 76
20231031 76
20231101 76
20231102 76
20231103 76
20231104 76
20231105 76
20231106 76
20231107 76
20231108 76
20231109 76
20231110 76
20231111 76
20231112 76
20231113 76
20231114 76
20231115 76
20231116 76
20231117 76
20231118 76
20231120 76
20231121 76
20231122 76
20231123 76
20231124 76
20231125 76
20231126 76
20231127 76
20231128 76
20231129 76
20231130 76
20231201 76
20231202 76
20231203 76
20231204 76
20231205 76
20231206 76
20231207 76
20231208 76
20231209 76
20231210 76
20231211 76
20231212 76
20231213 76
20231214 76
20231215 76
20231216 76
20231217 76
20231218 76
20231219 76
20231220 76
20231221 76
20231222 76
20231223 76
20231224 76
20231225 76
20231226 76
20231227 76
20231230 76
20231231 76
20240101 76
20240102 76
20240103 76
20240104 76
20240105 76
20240106 76
20240107 76
20240108 76
20240109 76
20240110 76
20240111 76
20240112 76
20240113 76
20240114 76
20240115 76
20240116 76
20240117 76
20240118 76
20240119 76
20240120 76
20240121 76
20240122 76
20240124 76
20240125 76
20240126 76
20240127 76
20240128 76
20240129 76
20240130 76
20240131 76
20240201 76
20240202 76
20240203 76
20240204 76
20240205 76
20240206 76
20240207 76
20240208 76
20240209 76
20240210 76
20240211 76
20240212 76
20240213 76
20240214 76
20240215 76
20240216 76
20240217 76
20240218 76
20240219 76
20240220 76
20240221 76
20240222 76
20240223 76
20240224 76
20240225 76
20240226 76
20240227 76
20240228 76
20240229 76
20240301 76
20240302 76
20240303 76
20240304 76
20240305 76
20240306 76
20240307 76
20240308 76
20240309 76
20240310 76
20240311 76
20240312 76
20240313 76
20240314 76
20240315 76
20240316 76
20240317 76
20240318 76
20240319 76
20240320 76
20240321 76
20240322 76
20240323 76
20240324 76
20240325 76
20240326 76
20240327 76
20240328 76
20240329 76
20240330 76
20240331 76
20240401 76
20240402 76
20240403 76
20240404 76
20240405 76
20240406 76
20240407 76
20240408 76
20240409 76
20240410 76
20240411 76
20240412 76
20240413 76
20240415 76
20240416 76
20240417 76
20240418 76
20240419 76
20240420 76
20240421 76
20240422 76
20240423 76
20240424 76
