20230922 60
20230927 60
20230928 59
20231005 59
20231007 60
20231029 60
20231030 63
20231104 63
20231105 65
20231110 65
20231111 64
20231115 64
20231116 70
20231118 70
20231120 71
20231124 71
20231125 72
20231218 72
20231219 70
20231220 70
20231221 69
20231225 69
20231226 70
20231227 69
20240106 69
20240107 68
20240118 68
20240119 75
20240120 68
20240124 68
20240125 87
20240126 73
20240201 73
20240202 71
20240227 71
20240228 72
20240326 72
20240327 71
20240409 71
20240410 72
20240415 72
20240416 73
20240419 73
20240420 74
20240501 74
20240503 75
20240508 75
20240509 76
20240530 76
20240531 77
20240602 77
20240603 78
20240701 78
20240702 79
20240724 79
20240725 80
20240727 80
20240728 84
20240730 84
20240731 85
20240804 85
20240805 86
20240811 86
20240812 85
20240813 84
20240814 82
20240821 82
20240822 81
20240823 81
20240824 79
20240907 79
20240908 78
20240922 78
20240925 77
20240926 78
20240929 78
20240930 79
20241005 79
20241006 78
20241011 78
20241012 79
20241020 79
20241021 80
20241028 80
20241029 78
20241103 78
20241104 76
20241114 76
20241115 75
20241116 70
20241117 70
20241118 69
20241123 69
20241124 68
20241201 68
20241202 69
20241203 68
20241227 68
20241228 65
20241229 68
20250118 68
20250119 69
20250123 69
20250124 64
20250218 64
20250219 63
20250407 63
20250408 64
20250525 64
20250526 65
20250530 65
20250531 64
20250608 64
20250609 63
20250617 63
20250618 62
20250620 62
20250621 63
20250626 63
20250627 62
20250729 62
20250730 63
20250811 63
20250812 62
20250814 62
20250815 61
20250816 61
20250817 59
20250822 59
20250823 60
20250827 60
20250828 61
20250830 61
20250831 60
20250903 60
20250904 56
20250924 56
20250925 59
20250930 59
20251001 61
20251002 61
20251003 60
20251013 60
20251014 59
20251018 59
20251019 66
20251105 66
20251106 68
20251110 68
20251111 69
20251112 69
20251113 68
20251122 68
20251123 103
20251124 117
20251126 117
20251127 118
20251210 118
20251212 117
20251217 117
20260103 116
20260126 116
20260127 118
20260128 118
20260130 119
20260301 119
20260303 118
20260313 118
