20230707 22131
20230710 22134
20230711 22138
20230712 22144
20230714 22145
20230715 22145
20230716 22147
20230717 22149
20230718 22152
20230719 22153
20230720 22154
20230721 22156
20230722 22156
20230723 22159
20230724 22167
20230725 22169
20230726 22176
20230727 22178
20230728 22182
20230729 22182
20230730 22182
20230731 22184
20230801 22189
20230802 22216
20230803 22218
20230804 22231
20230805 22232
20230806 22233
20230807 22243
20230808 22256
20230809 22257
20230811 22269
20230812 22289
20230813 22296
20230815 22304
20230816 22304
20230817 22332
20230818 22336
20230819 22337
20230820 22342
20230821 22346
20230822 22348
20230823 22361
20230824 22364
20230825 22365
20230826 22365
20230827 22370
20230828 22375
20230829 22383
20230830 22387
20230831 22393
20230901 22397
20230902 22397
20230903 22397
20230904 22401
20230905 22406
20230906 22409
20230907 22412
20230908 22412
20230909 22412
20230910 22414
20230911 22424
20230912 22430
20230913 22434
