20111231 210621
20121231 91708
20131231 60247
20141231 48567
20151231 42672
20161231 36910
20171231 30312
20191231 23543
20201231 21417
20211231 18743
20221231 17815
20230707 16818
20230802 16818
20230803 16486
20230902 16486
20230903 16578
20231003 16578
20231005 15498
20231102 15498
20231103 15960
20231203 15960
20231204 15764
20240102 15764
20240103 15672
20240204 15672
20240205 15277
20240303 15277
20240304 15210
20240402 15210
20240403 15033
20240501 15033
20240503 14919
20240604 14706
20240702 14706
20240703 14590
20240801 14590
20240802 14590
20240803 14272
20240902 14272
20240903 14307
20240921 14307
20241003 13228
20241006 13228
20241111 13676
20241117 13676
20260104 12432
20260109 12432
20260110 12432
