20230707 1122
20230709 1122
20230710 1122
20230711 1124
20230712 1125
20230713 1126
20230714 1126
20230715 1127
20230730 1150
20230731 1149
20230801 1149
20230802 1150
20230803 1152
20230804 1151
20230805 1150
20230806 1150
20230807 1151
20230808 1152
20230809 1152
20230810 1152
20230811 1154
20230812 1153
20230813 1153
20230815 1151
20230816 1151
20230817 1150
20230818 1150
20230819 1151
20230820 1151
20230821 1150
20230822 1151
20230823 1153
20230824 1152
20230825 1153
20230826 1153
20230827 1136
20230828 1137
20230829 1138
20230830 1139
20230831 1139
20230901 1137
20230902 1120
