20230707 147
20230709 147
20230710 147
20230711 147
20230712 146
20230713 147
20230714 147
20230715 147
20230730 147
20230731 147
20230801 147
20230802 147
20230803 147
20230804 147
20230805 147
20230806 147
20230807 147
20230808 147
20230809 147
20230810 147
20230811 147
20230812 147
20230813 147
20230815 147
20230816 147
20230817 147
20230818 147
20230819 147
20230820 147
20230821 147
20230822 147
20230823 147
20230824 147
20230825 147
20230826 147
20230827 147
20230828 147
20230829 147
20230830 147
20230831 147
20230901 147
20230902 147
20230903 147
20230904 147
20230905 147
20230906 147
20230907 147
20230908 147
20230909 147
20230910 147
20230911 147
20230912 147
20230913 147
20230914 147
20230915 147
20230916 147
20230917 147
20230918 147
20230919 147
20230920 145
20230921 145
20230922 145
20230923 142
20230924 142
20230925 142
20230926 143
20230927 143
20230928 145
20230929 145
20230930 145
20231001 145
20231002 145
20231003 145
20231005 145
20231007 145
20231008 145
20231009 145
20231010 145
20231011 145
20231012 145
20231013 145
20231014 145
20231015 142
20231016 142
20231017 142
20231018 142
20231019 142
20231020 142
20231021 142
20231022 142
20231023 142
20231024 142
20231025 143
20231026 143
20231027 143
20231028 143
20231029 143
20231030 143
20231031 143
20231101 143
20231102 143
20231103 143
20231104 143
20231105 143
20231106 143
20231107 143
20231108 143
20231109 143
20231110 143
20231111 143
20231112 143
20231113 143
20231114 143
20231115 143
20231116 143
20231117 143
