20230922 1342
20230924 1338
20230925 1337
20230926 1345
20230927 1348
20230928 1349
20230929 1344
20230930 1351
20231001 1355
20231002 1352
20231003 1347
20231005 1356
20231007 1346
20231008 1344
20231009 1358
20231010 1353
20231011 1356
20231012 1355
20231013 1346
20231014 1341
20231015 1346
20231016 1358
20231017 1358
20231018 1357
20231019 1357
20231020 1341
20231021 1344
20231022 1344
20231023 1353
20231024 1347
20231025 1346
20231026 1350
20231027 1357
20231028 1339
20231029 1337
20231030 1344
20231031 1344
20231101 1358
20231102 1338
20231103 1340
20231104 1351
20231105 1354
20231106 1350
20231107 1349
