20220828 10953
20220928 11104
20221028 11114
20221128 10953
20221228 10860
20230128 10764
20230228 10597
20230328 10699
20230428 10694
20230528 10619
20230628 10608
20230728 10624
20230828 10640
20230928 10965
20231028 12135
20231128 12078
20231228 12053
20240128 11990
20240228 11988
20240128 11990
20240228 11988
20240328 11995
20240428 11980
20240528 11967
20240628 11964
20240728 11951
20240828 11941
20240928 12215
20241028 12232
20241128 12109
20241228 10933
20250128 10753
20250228 10594
20250328 10635
20250428 10734
