20230707 1019
20230709 1019
20230710 1019
20230711 1018
20230712 1018
20230714 1018
20230715 1018
20230730 1012
20230731 1011
20230801 1009
20230802 1009
20230803 1009
20230804 1009
20230805 1009
20230806 1009
20230807 1009
20230808 1009
20230809 1009
20230810 1008
20230811 1008
20230812 1008
20230813 1008
20230815 1008
20230816 1008
20230817 1008
20230818 1008
20230819 1007
20230820 1006
20230821 1006
20230822 1006
20230823 1006
20230824 1007
20230825 1007
20230826 1007
20230827 1007
20230828 1007
20230829 1007
20230830 1007
20230831 1006
20230901 1007
20230902 1007
20230903 1007
20230904 1007
20230905 1007
20230906 1007
20230907 1007
20230908 1007
20230909 1007
20230910 1007
20230911 1007
20230912 1007
20230913 1006
20230914 1004
20230915 1004
20230916 1004
20230917 1004
20230918 1004
20230919 1004
20230920 1002
