20230707 1842
20230709 1842
20230710 1842
20230711 1843
20230712 1844
20230713 1847
20230714 1834
20230715 1835
20230730 1825
20230731 1825
20230801 1824
20230802 1822
20230803 1821
20230804 1817
20230805 1817
20230806 1810
20230807 1813
20230808 1813
20230809 1811
20230810 1811
20230811 1811
20230812 1812
20230813 1812
20230815 1811
20230816 1812
20230817 1812
20230818 1812
20230819 1811
20230820 1810
20230821 1810
20230822 1810
20230823 1810
20230824 1811
20230825 1809
20230826 1809
20230827 1809
20230828 1809
20230829 1809
20230830 1809
20230831 1808
20230901 1808
20230902 1807
20230903 1807
20230904 1807
20230905 1807
20230906 1807
20230907 1807
20230908 1807
20230909 1806
20230910 1806
20230911 1809
20230912 1809
20230913 1809
20230914 1809
20230915 1743
20230916 1743
20230917 1743
20230918 1742
20230919 1729
20230920 1723
20230921 1722
20230922 1716
20230923 1716
20230924 1715
20230925 1715
20230926 1715
20230927 1714
20230928 1714
20230929 1713
20230930 1713
20231001 1713
20231002 1711
20231003 1712
20231005 1708
20231007 1708
20231008 1708
20231009 1709
20231010 1709
20231011 1708
20231012 1708
20231013 1707
20231014 1707
20231015 1707
20231016 1706
20231017 1709
20231018 1712
20231019 1666
20231020 1666
20231021 1666
20231022 1666
20231023 1665
20231024 1665
20231025 1665
20231026 1665
20231027 1665
20231028 1667
20231029 1670
20231030 1670
20231031 1670
20231101 1669
20231102 1666
20231103 1666
20231104 1666
20231105 1666
20231106 1664
20231107 1664
20231108 1664
