20230707 745
20230709 745
20230710 745
20230711 745
20230712 745
20230713 742
20230714 741
20230715 740
20230730 733
20230731 734
20230801 734
20230802 733
20230803 735
20230804 735
20230805 735
20230806 735
20230807 735
20230808 735
20230809 735
20230810 735
20230811 737
20230812 741
20230813 741
20230815 742
20230816 739
20230817 738
20230818 737
20230819 736
20230820 736
20230821 736
20230822 737
20230823 735
20230824 735
20230825 735
20230826 734
20230827 734
20230828 733
20230829 732
20230830 732
20230831 731
20230901 730
20230902 730
20230903 731
20230904 731
20230905 731
20230906 731
20230907 732
20230908 732
20230909 733
20230910 730
20230911 730
20230912 729
20230913 730
20230914 729
20230915 729
20230916 730
20230917 731
20230918 732
20230919 734
20230920 732
20230921 733
20230922 732
20230923 732
20230924 732
20230925 732
20230926 731
20230927 731
20230928 731
20230929 731
20230930 731
20231001 731
20231002 730
20231003 730
20231005 728
20231007 729
20231008 728
20231009 729
20231010 729
20231011 729
20231012 729
20231013 729
20231014 729
20231015 733
20231016 739
20231017 740
20231018 747
20231019 779
20231020 778
20231021 778
20231022 778
20231023 779
20231024 779
20231025 779
20231026 781
20231027 781
20231028 782
20231029 782
20231030 782
20231031 783
20231101 783
20231102 786
20231103 786
20231104 787
20231105 787
20231106 787
20231107 785
20231108 785
20231109 783
20231110 784
20231111 784
20231112 785
20231113 785
20231114 784
20231115 784
20231116 785
20231117 785
20231118 785
20231120 785
20231121 785
20231122 784
20231123 784
20231124 785
20231125 783
20231126 783
20231127 783
20231128 783
20231129 780
20231130 780
20231201 780
20231202 779
20231203 779
20231204 779
20231205 780
20231206 780
20231207 780
20231208 778
20231209 775
20231210 774
20231211 774
20231212 774
20231213 774
20231214 773
20231215 774
20231216 776
20231217 777
20231218 777
20231219 777
20231220 776
20231221 776
20231222 776
20231223 776
20231224 777
20231225 777
20231226 777
20231227 776
20231230 776
20231231 776
20240101 776
20240102 776
20240103 776
20240104 776
20240105 776
20240106 776
20240107 777
20240108 777
20240109 777
20240110 777
20240111 777
20240112 778
20240113 778
20240114 778
20240115 778
20240116 780
20240117 780
20240118 779
20240119 781
20240120 782
20240121 782
20240122 782
20240124 781
20240125 780
20240126 780
20240127 780
20240128 780
20240129 781
20240130 783
20240131 783
20240201 784
20240202 784
20240203 782
20240204 782
20240205 783
20240206 783
20240207 783
20240208 784
20240209 784
20240210 786
20240211 786
20240212 786
20240213 785
20240214 785
20240215 787
20240216 787
20240217 788
20240218 791
20240219 791
20240220 794
20240221 793
20240222 793
20240223 794
20240224 794
20240225 794
20240226 794
20240227 795
20240228 793
20240229 793
20240301 794
20240302 794
20240303 794
20240304 793
20240305 793
20240306 793
20240307 793
20240308 796
20240309 796
20240310 796
20240311 796
20240312 796
20240313 798
20240314 802
20240315 799
20240316 799
20240317 799
