20230922 11
20230924 11
20230925 11
20230926 11
20230927 11
20230928 11
20230929 11
20230930 11
20231001 11
20231002 11
20231003 11
20231005 11
20231007 11
20231008 11
20231009 11
20231010 11
20231011 11
20231012 11
20231013 11
20231014 11
20231015 11
20231016 11
20231017 11
20231018 11
20231019 11
20231020 11
20231021 11
20231022 11
20231023 11
20231024 11
20231025 11
20231026 11
20231027 11
20231028 11
20231029 11
20231030 12
20231031 12
20231101 12
20231102 12
20231103 12
20231104 12
20231105 12
20231106 12
