20220828 118491
20220928 117464
20221028 115795
20221128 115721
20221228 114408
20230128 112245
20230228 112645
20230328 111779
20230428 110804
20230528 110032
20230628 109570
20230728 108495
20230828 107832
20230928 107063
20231028 105604
20231128 103972
20231228 102417
20240128 96314
20240228 94556
20240128 96314
20240228 94556
20240328 94155
20240428 94404
20240528 93403
20240628 92973
20240728 91888
20240828 90218
20240928 88355
20241028 87548
20241128 86590
20241228 85820
20250128 84855
20250228 84406
20250328 84604
20250428 84214
20250528 84002
20250628 84301
