20230922 12
20230924 12
20230925 12
20230926 12
20230927 12
20230928 12
20230929 12
20230930 12
20231001 12
20231002 12
20231003 12
20231005 12
20231007 12
20231008 12
20231009 12
20231010 12
20231011 12
20231012 12
20231013 12
20231014 12
20231015 12
20231016 12
20231017 12
20231018 12
20231019 12
20231020 12
20231021 12
20231022 12
20231023 12
20231024 12
20231025 12
20231026 12
20231027 12
20231028 12
20231029 12
20231030 12
20231031 12
20231101 12
20231102 12
20231103 12
20231104 12
20231105 12
20231106 12
20231107 12
20231108 12
20231109 12
20231110 12
20231111 12
20231112 12
20231113 12
20231114 12
20231115 12
20231116 12
20231117 12
