20230707 339
20230709 339
20230712 338
20230714 338
20230730 336
20230731 336
20230801 336
20230802 336
20230803 336
20230804 336
20230805 337
20230806 337
20230807 337
20230808 336
20230809 336
20230810 336
20230811 336
20230812 336
20230813 335
20230815 334
20230816 334
20230817 334
20230818 334
20230819 334
20230820 332
20230821 332
20230822 332
20230823 333
20230824 333
20230825 333
20230826 333
20230827 333
20230828 334
20230829 334
20230830 333
20230831 334
20230901 334
20230902 334
20230903 336
20230904 336
20230905 335
