20230707 29
20230709 29
20230710 29
20230711 29
20230712 29
20230714 29
20230715 29
20230730 29
20230731 29
20230801 29
20230802 29
20230803 29
20230804 29
20230805 29
20230806 29
20230807 29
20230808 29
20230809 29
20230810 29
20230811 29
20230812 29
20230813 29
20230815 29
20230816 29
20230817 29
20230818 29
20230819 29
20230820 29
20230821 29
20230822 29
20230823 29
20230824 29
20230825 29
20230826 29
20230827 29
20230828 29
20230829 29
20230830 29
20230831 29
20230901 29
20230902 29
20230903 29
20230904 29
20230905 29
20230906 29
20230907 29
20230908 29
20230909 29
20230910 29
