20230922 801
20230924 805
20230925 806
20230926 806
20230927 804
20230928 803
20230929 806
20231001 806
20231002 804
20231003 806
20231005 808
20231007 803
20231008 804
20231010 804
20231011 805
20231012 805
20231013 804
20231014 805
20231017 805
20231018 807
20231020 807
20231021 803
20231022 806
20231023 804
20231024 805
20231025 807
20231026 807
20231027 806
20231030 806
20231031 805
20231101 808
20231102 808
20231103 805
20231104 804
20231105 809
20231106 807
20231107 805
20231108 805
20231109 807
20231110 806
20231111 809
20231112 806
20231113 808
20231114 805
20231115 809
20231116 806
20231117 808
20231118 805
20231120 807
20231121 806
20231122 808
20231123 808
20231124 806
20231125 808
20231127 808
20231128 810
20231129 808
20231130 808
20231201 810
20231202 808
20231203 808
20231204 809
20231205 809
20231206 811
20231207 807
20231208 808
20231209 809
20231211 809
20231212 811
20231213 810
20231214 812
20231215 807
20231216 815
20231217 811
20231218 809
20231219 808
20231220 809
20231221 808
20231222 810
20231223 811
20231224 811
20231225 809
20231226 810
20231227 812
20231230 811
20231231 810
20240101 809
20240102 814
20240103 811
20240104 808
20240105 811
20240106 812
20240107 810
20240108 809
20240110 809
20240111 808
20240112 811
20240113 813
20240114 812
20240115 810
20240116 807
20240117 813
20240118 810
20240119 55
20240120 809
20240121 809
20240122 810
20240124 814
20240125 811
20240126 810
20240127 815
20240128 815
20240129 814
20240130 816
20240201 816
20240202 814
20240203 814
20240204 816
20240205 818
20240206 816
20240207 816
20240208 815
20240209 816
20240210 817
20240211 814
20240212 818
20240213 815
20240214 820
20240215 815
20240216 818
20240217 817
20240218 817
20240219 816
20240220 817
20240222 817
20240223 816
20240224 819
20240225 818
20240226 818
20240227 817
20240228 819
20240229 817
20240301 817
20240302 818
20240303 822
20240304 822
20240305 820
20240306 822
20240307 823
20240309 823
20240310 825
20240311 823
20240312 823
20240313 824
20240314 823
20240315 823
20240316 824
20240317 821
20240318 824
20240319 822
20240320 823
20240321 824
20240322 827
20240323 827
20240324 828
20240325 828
20240326 825
20240327 827
20240328 826
20240329 828
20240330 827
20240331 826
20240401 829
20240402 828
20240403 829
20240404 828
20240405 828
20240406 830
20240407 827
20240408 827
20240409 825
20240410 827
20240411 827
20240412 830
20240413 829
20240415 827
20240416 828
20240417 829
20240418 829
20240419 828
20240420 828
20240421 831
20240422 828
20240423 829
20240424 831
20240425 831
20240426 829
20240427 832
20240428 829
20240429 829
20240430 831
20240501 833
20240503 833
20240504 829
20240505 832
20240506 832
20240507 830
20240508 830
20240509 832
20240510 834
20240511 831
20240512 829
20240513 832
20240515 832
20240516 830
20240517 833
20240518 833
20240519 832
20240520 831
20240521 830
20240522 831
20240523 832
20240524 829
20240525 830
20240526 831
20240527 830
20240528 830
20240529 832
20240530 832
20240531 831
20240601 830
20240602 832
20240603 835
20240604 830
20240605 834
20240606 832
20240609 831
20240612 831
20240613 835
20240614 833
20240615 829
20240616 832
20240617 832
20240618 835
20240620 833
20240621 832
20240622 830
20240623 831
20240624 831
20240626 830
20240627 832
20240628 832
20240629 835
20240630 844
20240701 845
20240702 846
20240707 846
20240708 847
20240709 848
20240726 848
20240727 849
20240728 849
20240729 850
20240827 850
20240828 853
20240831 853
20240901 854
20240909 854
20240910 855
20240930 855
20241001 856
20241016 856
20241017 857
20241025 857
20241026 858
20241031 858
20241101 859
20241114 859
20241115 865
20241116 873
20241126 873
20241127 874
20241130 874
20241201 875
20241215 875
20241216 876
20250118 876
20250119 877
20250207 877
20250208 881
20250330 881
20250331 882
20250406 882
20250407 883
20250410 883
20250411 884
20250412 885
20250420 885
20250421 886
20250519 886
20250520 887
20250610 887
20250611 888
20250619 888
20250620 889
20250731 889
20250801 890
20250803 890
20250804 891
20250815 891
20250816 892
20250823 892
20250824 893
20250825 896
20250827 896
20250828 897
20250829 898
20250830 900
20250901 900
20250902 901
20250917 901
20250918 902
20250919 903
20250920 904
20251004 904
20251005 905
20251006 907
20251007 907
20251008 908
20251009 908
20251010 909
20251011 910
20251012 910
20251013 913
20251019 913
20251020 914
20251022 914
20251023 915
20251031 915
20251101 916
20251104 916
20251105 917
20251109 917
20251110 919
20251112 919
20251113 920
20251115 920
20251116 921
20251118 921
20251119 922
20251123 922
20251124 923
20251130 923
20251202 924
20251203 924
20251204 925
20251210 925
20251212 926
20251217 926
20260103 929
20260119 929
20260120 930
20260211 930
20260212 931
20260226 931
20260227 932
20260228 932
20260301 933
20260306 933
20260307 934
20260318 934
