20230707 43
20230710 43
20230711 43
20230712 43
20230714 43
20230715 43
20230716 43
20230717 43
20230718 43
20230719 43
20230720 43
20230721 43
20230722 43
20230723 43
20230724 43
20230725 43
20230726 43
20230727 43
20230728 43
20230729 43
20230730 43
20230731 43
20230801 43
20230802 43
20230803 43
20230804 43
20230805 43
20230808 43
20230809 43
20230810 43
20230811 43
20230812 43
20230813 43
20230815 43
20230816 43
20230817 43
20230818 43
20230819 43
20230820 43
20230821 43
20230822 43
20230823 43
20230824 43
20230825 43
20230826 43
20230827 43
20230828 43
20230829 43
20230830 43
20230831 43
20230901 43
20230902 43
20230903 43
20230904 43
20230905 43
20230906 43
20230907 43
20230908 43
20230909 43
20230910 43
20230911 43
20230912 43
20230913 43
20230914 43
20230915 43
20230916 43
20230917 43
20230918 43
20230919 43
20230920 43
20230921 43
20230922 43
20230923 43
20230924 43
20230925 43
20230926 43
20230927 43
20230928 43
20230929 43
20230930 43
20231001 43
20231002 43
20231003 43
20231005 43
20231007 43
20231008 43
20231009 43
20231010 43
20231011 43
20231012 43
20231013 43
20231014 43
20231015 43
20231016 43
20231017 43
20231018 43
20231019 43
20231020 43
20231021 43
20231022 43
20231023 43
20231024 43
20231025 43
20231026 43
20231027 43
20231028 43
20231029 43
20231030 43
20231031 43
20231101 43
20231102 43
20231103 43
20231104 43
20231105 43
20231105 43
20231106 43
20231107 43
20231108 43
20231109 43
20231110 43
20231111 43
20231112 43
20231113 43
20231114 43
20231115 43
20231116 43
20231117 43
20231118 43
20231120 43
20231121 43
20231122 43
20231123 43
20231124 43
20231125 43
20231126 43
20231127 43
20231128 43
20231129 43
20231130 43
20231201 43
20231202 43
20231203 43
20231204 43
20231205 43
20231206 43
20231207 43
20231208 43
20231209 43
20231210 43
20231210 43
20231211 43
20231212 43
20231213 43
20231214 43
20231215 43
20231216 43
20231217 43
20231218 43
20231219 43
20231220 43
20231221 43
20231222 43
20231223 43
20231224 43
20231225 43
20231226 43
20231227 43
20231230 43
20231231 43
20240101 43
20240102 43
20240103 43
20240104 43
20240105 43
20240106 43
20240107 43
20240108 43
20240109 43
20240110 43
20240111 43
20240112 43
20240113 43
20240114 43
20240115 43
20240116 43
20240117 43
20240118 43
20240119 43
20240120 43
20240121 43
20240122 43
20240123 43
20240124 43
20240125 43
20240126 43
20240127 43
20240128 43
20240129 43
20240130 43
20240131 43
20240201 43
20240202 43
20240203 43
20240204 43
20240205 43
20240206 43
20240207 43
20240208 43
20240209 43
20240210 43
20240211 43
20240212 43
20240213 43
20240214 43
20240215 43
20240216 43
20240217 43
20240218 43
20240219 43
20240220 43
20240221 43
20240222 43
20240223 43
20240224 43
20240225 43
20240226 43
20240227 43
20240228 43
20240229 43
20240301 43
20240302 43
20240303 43
20240304 43
20240305 43
20240306 43
20240307 43
20240308 43
20240309 43
20240310 43
20240311 43
20240312 43
20240313 43
20240314 43
