20230707 19509
20230709 19509
20230710 19502
20230709 19509
20230711 19513
20230712 19509
20230709 19509
20230713 19522
20230709 19509
20230714 19521
20230709 19509
20230715 19530
20230709 19509
20230730 19570
20230709 19509
20230731 19562
20230709 19509
20230801 19565
20230709 19509
20230802 19563
20230709 19509
20230803 19567
20230709 19509
20230804 19576
20230709 19509
20230805 19581
20230709 19509
20230806 19579
20230709 19509
20230807 19571
20230709 19509
20230808 19572
20230709 19509
20230809 19578
20230709 19509
20230810 19576
20230709 19509
20230811 19579
20230709 19509
20230812 19595
20230709 19509
20230813 19584
20230709 19509
20230815 19587
20230709 19509
20230816 19592
20230709 19509
20230817 19599
20230709 19509
20230818 19598
20230709 19509
20230819 19578
20230709 19509
20230820 19568
20230709 19509
20230821 19237
20230709 19509
20230822 18113
20230709 19509
20230823 18126
20230709 19509
20230824 18127
20230709 19509
20230825 18145
20230709 19509
20230826 18149
20230709 19509
20230827 18141
20230709 19509
20230828 18131
20230709 19509
20230829 18146
20230709 19509
20230830 18117
20230709 19509
20230831 18085
20230709 19509
20230901 18080
20230709 19509
20230902 18074
20230709 19509
20230903 18069
20230709 19509
20230904 18070
20230709 19509
20230905 18079
20230709 19509
20230906 18082
20230709 19509
20230907 18078
20230709 19509
20230908 18088
20230709 19509
20230909 18081
20230709 19509
20230910 18090
20230709 19509
20230911 18094
20230709 19509
20230912 18096
20230709 19509
20230913 18102
20230709 19509
20230914 18108
20230709 19509
20230915 18117
20230709 19509
20230916 18111
20230709 19509
20230917 18110
20230709 19509
20230918 18105
20230709 19509
20230919 18118
20230709 19509
20230920 18116
20230709 19509
20230921 18043
20230709 19509
20230922 18042
20230709 19509
20230923 18051
20230709 19509
20230924 18044
20230709 19509
20230925 18045
20230709 19509
20230926 18006
20230709 19509
20230927 18025
20230709 19509
20230928 17812
20230709 19509
20230929 17816
20230709 19509
20230930 17804
20230709 19509
20231001 17771
20230709 19509
20231002 17604
20230709 19509
20231003 17517
20230709 19509
20231005 17513
20231007 17513
20231008 17515
20231009 17513
20231007 17513
20231010 17510
20231007 17513
20231011 17509
20231007 17513
20231012 17510
20231007 17513
20231013 17514
20231007 17513
20231014 17507
20231007 17513
20231015 17515
20231007 17513
20231016 17516
20231007 17513
20231017 17531
20231007 17513
20231018 17538
20231007 17513
20231019 17548
20231007 17513
20231020 17554
20231007 17513
20231021 17550
20231007 17513
20231022 17553
20231007 17513
20231023 17551
20231007 17513
20231024 17558
20231007 17513
20231025 17561
20231026 17561
20231027 17577
20231026 17561
20231028 17573
20231026 17561
20231029 17576
20231026 17561
20231030 17575
20231026 17561
20231031 17577
20231026 17561
20231101 17586
20231026 17561
20231102 17593
20231026 17561
20231103 17597
20231026 17561
20231104 17594
20231026 17561
20231105 17593
20231026 17561
20231106 17594
20231026 17561
20231107 17600
20231026 17561
20231108 17609
20231026 17561
20231109 17612
20231026 17561
20231110 17616
20231026 17561
20231111 17619
20231112 17619
20231113 17624
20231112 17619
20231114 17630
20231112 17619
20231115 17633
20231112 17619
20231116 17637
20231112 17619
20231117 17640
20231112 17619
20231118 17641
20231112 17619
20231120 17625
20231112 17619
20231121 17629
20231112 17619
20231122 17637
20231112 17619
20231123 17651
20231112 17619
20231124 17655
20231112 17619
20231125 17662
20231112 17619
20231126 17663
20231112 17619
20231127 17664
20231112 17619
20231128 17663
20231112 17619
20231129 17676
20231112 17619
20231130 17680
20231112 17619
20231201 17681
20231112 17619
20231202 17688
20231112 17619
20231203 17690
20231112 17619
20231204 17694
20231112 17619
20231205 17696
20231112 17619
20231206 17697
20231112 17619
20231207 17695
20231112 17619
20231208 17708
20231112 17619
20231209 17716
20231112 17619
20231210 17720
20231112 17619
20231211 17715
20231112 17619
20231212 17725
20231213 17725
20231214 17729
20231213 17725
20231215 17731
20231213 17725
20231216 17734
20231213 17725
20231217 17730
20231213 17725
20231218 17729
20231213 17725
20231219 17731
20231213 17725
20231220 17741
20231213 17725
20231221 17738
20231213 17725
20231222 17737
20231213 17725
20231223 17739
20231224 17739
20231225 17742
20231224 17739
20231226 17740
20231224 17739
20231227 17745
20231224 17739
20231230 17770
20231224 17739
20231231 17767
20231224 17739
20240101 17764
20231224 17739
20240102 17767
20231224 17739
20240103 17762
20231224 17739
20240104 17769
20231224 17739
20240105 17778
20231224 17739
20240106 17783
20231224 17739
20240107 17777
20231224 17739
20240108 17782
20231224 17739
20240109 17797
20231224 17739
20240110 17806
20231224 17739
20240111 17812
20231224 17739
20240112 17822
20231224 17739
20240113 17824
20231224 17739
20240114 17827
20231224 17739
20240115 17828
20231224 17739
20240116 17827
20240117 17827
20240118 17825
20240117 17827
20240119 17830
20240117 17827
20240120 17828
20240117 17827
20240121 17823
20240117 17827
20240122 17824
20240117 17827
20240124 17835
20240117 17827
20240125 17840
20240117 17827
20240126 17845
20240117 17827
20240127 17847
20240117 17827
20240128 17845
20240117 17827
20240129 17843
20240117 17827
20240130 17853
20240117 17827
20240131 17851
20240117 17827
20240201 17853
20240117 17827
20240202 17861
20240117 17827
20240203 17855
20240117 17827
20240204 17852
20240117 17827
20240205 17850
20240117 17827
20240206 17849
20240117 17827
20240207 17845
20240117 17827
20240208 17846
20240117 17827
20240209 17835
20240117 17827
20240210 17826
20240117 17827
20240211 17820
20240212 17820
20240213 17822
20240212 17820
20240214 17823
20240212 17820
20240215 17822
20240212 17820
20240216 17812
20240212 17820
20240217 17808
20240212 17820
20240218 17802
20240219 17802
20240220 17798
20240219 17802
20240221 17788
20240219 17802
20240222 17784
20240219 17802
20240223 17783
20240219 17802
20240224 17781
20240219 17802
20240225 17780
20240219 17802
20240226 17856
20240219 17802
20240227 17867
20240219 17802
20240228 17876
20240219 17802
20240229 17885
20240219 17802
20240301 17896
20240219 17802
20240302 17915
20240219 17802
20240303 17907
20240219 17802
20240304 17903
20240219 17802
20240305 17917
20240219 17802
20240306 17924
20240219 17802
20240307 17929
20240219 17802
20240308 17940
20240219 17802
20240309 17936
20240219 17802
20240310 17935
20240219 17802
20240311 17930
20240219 17802
20240312 17936
20240219 17802
20240313 17942
20240219 17802
20240314 17948
20240219 17802
20240315 17961
20240219 17802
20240316 17965
20240219 17802
20240317 17962
20240219 17802
20240318 17960
20240219 17802
20240319 17968
20240219 17802
20240320 17977
20240219 17802
20240321 17984
20240219 17802
20240322 17996
20240219 17802
20240323 17995
20240219 17802
20240324 17997
20240219 17802
20240325 17995
20240219 17802
20240326 17993
20240219 17802
20240327 18004
20240219 17802
20240328 18008
20240219 17802
20240329 18011
20240219 17802
20240330 18018
20240331 18018
20240401 18013
20240331 18018
20240402 18017
20240403 18018
20240331 18018
20240404 18026
20240405 18026
20240406 18022
20240405 18026
20240407 18016
20240405 18026
20240408 18027
20240405 18026
20240409 18033
20240405 18026
20240410 18038
20240405 18026
20240411 18045
20240405 18026
20240412 18050
20240405 18026
20240413 17974
20240405 18026
20240415 17968
20240405 18026
20240416 17970
20240405 18026
20240417 17977
20240405 18026
20240418 17990
20240405 18026
20240419 17997
20240405 18026
20240420 17995
20240405 18026
20240421 17994
20240405 18026
20240422 17990
20240423 17990
20240424 17993
20240425 17990
20240423 17990
20240426 17993
20240423 17990
20240427 18001
20240423 17990
20240428 17998
20240423 17990
20240429 18001
20240423 17990
20240430 18000
20240423 17990
20240501 18004
20240423 17990
20240503 18003
20240423 17990
20240504 18001
20240506 18001
20240507 18004
20240506 18001
20240508 18012
20240506 18001
20240509 18015
20240506 18001
20240510 18029
20240506 18001
20240511 18032
20240512 18032
20240513 18029
20240512 18032
20240514 18027
20240512 18032
20240515 18033
20240512 18032
20240516 18047
20240512 18032
20240517 18053
20240518 18053
20240519 18052
20240518 18053
20240520 18050
20240518 18053
20240521 18051
20240522 18053
20240518 18053
20240523 18054
20240518 18053
20240524 18052
20240518 18053
20240525 18047
20240518 18053
20240526 18043
20240518 18053
20240527 18048
20240518 18053
20240528 18050
20240518 18053
20240529 18056
20240518 18053
20240530 18054
20240531 18054
20240601 18067
20240531 18054
20240602 18056
20240531 18054
20240603 18064
20240531 18054
20240604 18076
20240605 18076
20240606 18091
20240605 18076
20240609 18107
20240605 18076
20240611 18109
20240605 18076
20240612 18125
20240605 18076
20240613 18126
20240605 18076
20240614 18131
20240615 18131
20240616 18155
20240615 18131
20240617 18142
20240618 18142
20240620 18147
20240621 18147
20240622 18142
20240621 18147
20240623 18123
20240621 18147
20240624 18114
20240621 18147
20240626 18119
20240621 18147
20240627 18115
20240621 18147
20240628 18116
20240621 18147
20240629 18114
20240621 18147
20240630 18110
20240621 18147
20240701 18109
20240621 18147
20240702 18116
20240621 18147
20240703 18122
20240704 18122
20240705 18133
20240704 18122
20240706 18141
20240704 18122
20240707 18139
20240704 18122
20240708 18137
20240704 18122
20240709 18148
20240704 18122
20240710 18153
20240704 18122
20240711 18155
20240704 18122
20240712 18167
20240704 18122
20240713 18163
20240704 18122
20240714 18165
20240704 18122
20240715 18163
20240704 18122
20240716 18162
20240704 18122
20240717 18165
20240704 18122
20240718 18174
20240704 18122
20240719 18184
20240704 18122
20240720 18191
20240704 18122
20240721 18198
20240704 18122
20240722 18200
20240704 18122
20240723 18206
20240724 18206
20240725 18209
20240724 18206
20240726 18216
20240724 18206
20240727 18214
20240724 18206
20240728 18207
20240724 18206
20240729 18203
20240724 18206
20240730 18210
20240724 18206
20240731 18213
20240724 18206
20240801 18214
20240724 18206
20240802 18219
20240724 18206
20240803 18211
20240724 18206
20240804 18209
20240724 18206
20240805 18205
20240724 18206
20240806 18210
20240724 18206
20240807 18214
20240724 18206
20240808 18143
20240724 18206
20240809 18146
20240724 18206
20240810 18138
20240724 18206
20240811 18140
20240724 18206
20240812 18143
20240724 18206
20240813 18137
20240724 18206
20240814 18141
20240724 18206
20240815 18145
20240816 18145
20240817 18142
20240818 18142
20240819 18137
20240818 18142
20240820 18145
20240818 18142
20240821 18157
20240818 18142
20240822 17264
20240818 18142
20240823 17250
20240818 18142
20240824 17255
20240818 18142
20240825 17250
20240818 18142
20240826 17254
20240818 18142
20240827 17248
20240818 18142
20240828 17251
20240818 18142
20240829 17256
20240818 18142
20240830 17255
20240818 18142
20240831 17258
20240818 18142
20240901 17254
20240818 18142
20240902 17227
20240818 18142
20240903 17233
20240818 18142
20240904 17229
20240818 18142
20240905 17237
20240818 18142
20240906 17239
20240818 18142
20240907 17240
20240818 18142
20240908 17243
20240818 18142
20240909 17241
20240818 18142
20240910 17245
20240818 18142
20240911 17248
20240818 18142
20240912 17263
20240818 18142
20240913 17249
20240818 18142
20240914 17236
20240818 18142
20240915 17243
20240818 18142
20240916 17237
20240818 18142
20240917 17234
20240818 18142
20240918 17229
20240818 18142
20240919 17235
20240818 18142
20240920 17262
20240818 18142
20240921 16958
20240818 18142
20240921 16961
20240922 16961
20240925 16933
20240925 16933
