20230707 6705
20230709 6680
20230710 6652
20230711 6625
20230712 6608
20230713 6554
20230714 6511
20230715 6487
20230730 6199
20230731 6195
20230801 6172
20230802 6163
20230803 6138
20230804 6120
20230805 6106
20230806 6080
20230807 6070
20230808 6056
20230809 6050
20230810 6033
20230811 6021
20230812 6002
20230813 5991
20230815 5956
20230816 5942
20230817 5928
20230818 5903
20230819 5896
20230820 5894
20230821 5880
20230822 5875
20230823 5867
20230824 5863
20230825 5859
20230826 5852
20230827 5841
20230828 5836
20230829 5834
20230830 5831
20230831 5830
20230901 5826
20230902 5816
20230903 5802
20230904 5798
20230905 5800
20230906 5793
20230907 5761
20230908 5758
20230909 5746
