20230922 153
20230924 158
20230925 158
20230926 159
20230927 158
20230928 158
20230929 158
20230930 158
20231001 158
20231002 159
20231003 159
20231005 158
20231007 160
20231008 159
20231009 159
20231010 159
20231011 159
20231012 159
20231013 159
20231014 159
20231015 160
20231016 160
20231017 160
20231018 159
20231019 159
20231020 159
20231021 160
20231022 160
20231023 160
20231024 159
20231025 159
20231026 159
20231027 159
20231028 160
20231029 160
20231030 161
20231031 160
20231101 159
20231102 160
20231103 159
20231104 160
20231105 160
20231106 159
20231107 160
20231108 160
20231109 160
20231110 159
20231111 160
20231112 160
20231113 159
20231114 159
20231115 159
20231116 158
