20230707 3013
20230709 3009
20230710 3009
20230711 3009
20230712 3011
20230713 3010
20230714 3011
20230715 3007
20230730 3003
20230731 2997
20230801 2999
20230802 3001
20230803 3006
20230804 3013
20230805 3004
20230806 3005
20230807 3003
20230808 3001
20230809 3005
20230810 3009
20230811 3011
20230812 3010
20230813 3008
20230815 3010
20230816 3012
20230817 3012
20230818 3012
20230819 3006
20230820 3006
20230821 3004
20230822 3004
20230823 2999
20230824 2995
20230825 2985
20230826 2981
20230827 2975
20230828 2975
20230829 2975
20230830 2973
20230831 2975
20230901 2979
20230902 2975
20230903 2975
20230904 2973
20230905 2974
20230906 2976
20230907 2980
20230908 2982
20230909 2977
20230910 2978
20230911 2976
20230912 2974
20230913 2978
20230914 2983
20230915 2987
20230916 2992
20230917 2991
20230918 2988
20230919 2990
20230920 2984
20230921 2988
20230922 2988
20230923 2982
20230924 2984
20230925 2984
20230926 2990
20230927 2990
20230928 2989
20230929 2978
20230930 2978
20231001 2969
20231002 2965
20231003 2965
20231005 2965
20231007 2965
20231008 2968
20231009 2967
20231010 2967
