20230922 2188
20230924 2189
20230925 2189
20230926 2189
20230927 2190
20230928 2190
20230929 2190
20230930 2189
20231001 2190
20231002 2193
20231003 2192
20231005 2191
20231007 2191
20231008 2189
20231009 2189
20231010 2189
20231011 2187
20231012 2187
20231013 2187
20231014 2188
20231015 2188
20231016 2188
20231017 2188
20231018 2187
20231019 2187
20231020 2189
20231021 2189
20231022 2195
20231023 2195
20231024 2203
20231025 2201
20231026 2201
20231027 2208
20231028 2206
20231029 2211
20231030 2216
20231031 2224
20231101 2228
20231102 2230
20231103 2237
20231104 2241
20231105 2239
20231106 2247
20231107 2255
20231108 2255
20231109 2261
20231110 2267
20231111 2289
20231112 2291
20231113 2291
20231114 2291
