20230707 2695
20230709 2694
20230710 2695
20230711 2699
20230712 2699
20230713 2703
20230714 2704
20230715 2703
20230730 2711
20230731 2712
20230801 2713
20230802 2715
20230803 2716
20230804 2717
20230805 2717
20230806 2717
20230807 2718
20230808 2717
20230809 2720
20230810 2721
20230811 2723
20230812 2723
20230813 2722
20230815 2721
20230816 2722
20230817 2724
20230818 2723
20230819 2720
20230820 2718
20230821 2716
20230822 2717
20230823 2719
20230824 2717
20230825 2717
20230826 2714
20230827 2713
20230828 2714
20230829 2718
20230830 2720
20230831 2720
20230901 2717
20230902 2708
20230903 2699
20230904 2695
20230905 2695
20230906 2697
20230907 2699
20230908 2699
20230909 2696
20230910 2694
20230911 2693
20230912 2694
20230913 2696
20230914 2701
20230915 2702
20230916 2702
20230917 2702
20230918 2703
20230919 2703
20230920 2698
20230921 2704
20230922 2706
20230923 2706
20230924 2709
20230925 2711
20230926 2717
20230927 2717
20230928 2721
20230929 2719
20230930 2719
20231001 2712
20231002 2712
20231003 2712
20231005 2712
20231007 2712
20231008 2715
20231009 2712
