20230707 2
20230709 2
20230710 2
20230711 2
20230712 2
20230714 2
20230715 2
20230730 2
20230731 2
20230801 2
20230802 2
20230803 3
20230804 3
20230805 3
20230806 3
20230807 3
20230808 3
20230809 3
20230810 3
20230811 3
20230812 3
20230813 3
20230815 3
20230816 3
20230817 3
20230818 3
20230819 3
20230820 3
20230821 3
20230822 3
20230823 3
20230824 3
20230825 3
20230826 3
20230827 3
20230828 3
20230829 3
20230830 3
20230831 3
20230901 3
20230902 3
20230903 3
20230904 3
20230905 3
20230906 3
20230907 3
