20230922 354
20230924 354
20230925 359
20230926 360
20230927 362
20230928 356
20230929 356
20230930 357
20231001 357
20231002 357
20231003 357
20231005 357
20231007 358
20231008 358
20231009 362
20231010 362
20231011 362
20231012 362
20231013 362
20231014 362
20231015 362
20231016 362
20231017 362
20231018 369
20231019 369
20231020 384
20231021 387
20231022 387
20231023 388
20231024 389
20231025 394
20231026 402
20231027 405
20231028 405
20231029 405
20231030 406
20231031 411
20231101 411
20231102 412
20231103 413
20231104 415
20231105 418
20231106 421
20231107 422
20231108 422
20231109 441
20231110 449
20231111 454
20231112 462
20231113 467
20231114 467
20231115 473
20231116 474
20231117 475
20231118 470
20231120 305
20231121 303
20231122 323
20231123 330
20231124 329
20231125 329
20231126 328
20231127 339
20231128 340
20231129 340
20231130 350
20231201 355
20231202 355
20231203 366
20231204 366
20231205 372
20231206 375
20231207 382
20231208 383
20231209 386
20231210 389
20231211 390
20231212 391
20231213 392
20231214 394
20231215 405
20231216 408
20231217 414
20231218 422
20231219 424
20231220 424
20231221 427
20231222 427
20231223 427
20231224 435
20231225 435
20231226 435
20231227 436
20231230 442
20231231 451
20240101 452
20240102 481
20240103 485
20240104 564
20240105 582
20240106 589
20240107 589
20240108 595
20240109 614
20240110 614
20240111 661
20240112 661
20240113 663
20240114 665
20240115 667
20240116 671
20240117 671
20240118 673
20240119 681
20240120 688
20240121 710
20240122 743
20240124 789
20240125 790
20240126 792
20240127 800
20240128 803
20240129 795
20240130 797
20240131 805
20240201 815
20240202 815
20240203 815
20240204 830
20240205 830
20240206 826
20240207 785
20240208 825
20240209 821
20240210 818
20240211 820
20240212 820
20240213 819
20240214 836
20240215 836
20240216 836
20240217 836
20240218 828
20240219 824
20240220 826
20240221 829
20240222 831
20240223 833
