20230707 21277
20230709 21275
20230710 21278
20230711 21279
20230712 21262
20230713 21266
20230714 21259
20230715 21244
20230730 20848
20230731 20831
20230801 20834
20230802 20827
20230803 20828
20230804 20798
20230805 20789
20230806 20694
20230807 20687
20230808 20645
20230809 20626
20230810 20629
20230811 20591
20230812 20589
20230813 20582
20230815 20551
20230816 20526
20230817 20537
20230818 20523
20230819 21041
20230820 21033
20230821 21032
20230822 21045
20230823 21054
20230824 21071
20230825 21080
20230826 21080
20230827 21090
20230826 21080
20230828 21091
20230826 21080
20230829 21095
20230826 21080
20230830 21084
20230826 21080
20230831 21096
20230826 21080
20230901 21103
20230826 21080
20230902 21113
20230826 21080
20230903 21105
20230826 21080
20230904 21074
20230826 21080
20230905 21055
20230826 21080
20230906 21045
20230826 21080
20230907 21026
20230826 21080
20230908 21004
20230826 21080
20230909 20992
20230826 21080
20230910 20964
20230826 21080
20230911 21037
20230826 21080
20230912 20994
20230826 21080
20230913 20952
20230826 21080
20230914 20946
20230826 21080
20230915 20904
20230826 21080
20230916 20901
20230826 21080
20230917 20865
20230826 21080
20230918 20836
20230826 21080
20230919 20821
20230826 21080
20230920 20818
20230826 21080
20230921 20731
20230826 21080
20230922 20732
20230826 21080
20230923 20726
20230826 21080
20230924 20709
20230826 21080
20230925 20685
20230826 21080
20230926 20679
20230826 21080
20230927 20657
20230826 21080
20230928 20667
20230826 21080
20230929 20591
20230826 21080
20230930 20579
20230826 21080
20231001 20564
20230826 21080
20231002 20562
20230826 21080
20231003 20551
20231007 20551
20231008 20492
20231007 20551
20231009 20479
20231007 20551
20231010 20494
20231007 20551
20231011 20526
20231007 20551
20231012 20673
20231007 20551
20231013 20807
20231007 20551
20231014 20814
20231007 20551
20231015 20810
20231007 20551
20231016 20792
20231007 20551
20231017 20843
20231007 20551
20231018 20880
20231007 20551
20231019 20872
20231007 20551
20231020 20896
20231007 20551
20231021 20899
20231007 20551
20231022 20885
20231007 20551
20231023 20875
20231007 20551
20231024 20873
20231007 20551
20231025 20897
20231007 20551
20231026 20895
20231007 20551
20231027 20879
20231007 20551
20231028 20875
20231007 20551
20231029 20859
20231007 20551
20231030 20938
20231007 20551
20231031 20935
20231007 20551
20231101 20950
20231102 20950
20231103 20930
20231102 20950
20231104 20959
20231102 20950
20231105 20903
20231102 20950
20231106 20911
20231102 20950
20231107 20892
20231102 20950
20231108 20895
20231102 20950
20231109 20886
20231102 20950
20231110 20916
20231102 20950
20231111 20894
20231102 20950
20231112 20909
20231102 20950
20231113 20796
20231102 20950
20231114 20776
20231102 20950
20231115 20793
20231117 20793
20231118 20794
20231117 20793
20231120 20776
20231117 20793
20231121 20786
20231117 20793
20231122 20774
20231117 20793
20231123 20769
20231124 20769
20231125 20749
20231124 20769
20231126 20771
20231124 20769
20231127 20762
20231124 20769
20231128 20770
20231124 20769
20231129 20768
20231124 20769
20231130 20749
20231124 20769
20231201 20758
20231124 20769
20231202 20767
20231124 20769
20231203 20689
20231124 20769
20231204 20702
20231124 20769
20231205 20679
20231124 20769
20231206 20653
20231124 20769
20231207 20680
20231124 20769
20231208 20669
20231124 20769
20231209 20634
20231124 20769
20231210 20635
20231124 20769
20231211 20627
20231124 20769
20231212 20633
20231124 20769
20231213 20628
20231124 20769
20231214 20653
20231124 20769
20231215 20641
20231124 20769
20231216 20623
20231124 20769
20231217 20574
20231124 20769
20231218 20602
20231124 20769
20231219 20559
20231124 20769
20231220 20552
20231124 20769
20231221 20616
20231124 20769
20231222 20531
20231124 20769
20231223 20565
20231124 20769
20231224 20553
20231124 20769
20231225 20529
20231124 20769
20231226 20502
20231124 20769
20231227 20513
20231124 20769
20231230 20507
20231124 20769
20231231 20463
20231124 20769
20240101 20450
20231124 20769
20240102 20440
20231124 20769
20240103 20430
20231124 20769
20240104 20408
20231124 20769
20240105 20390
20231124 20769
20240106 20404
20231124 20769
20240107 20376
20231124 20769
20240108 20381
20231124 20769
20240109 20389
20231124 20769
20240110 20412
20231124 20769
20240111 20401
20231124 20769
20240112 20403
20231124 20769
20240113 20421
20231124 20769
20240114 20420
20231124 20769
20240115 20367
20231124 20769
20240116 20394
20231124 20769
20240117 20385
20231124 20769
20240118 20392
20231124 20769
20240119 20354
20231124 20769
20240120 20346
20231124 20769
20240121 20362
20231124 20769
20240122 20350
20231124 20769
20240124 20335
20231124 20769
20240125 20337
20240126 20337
20240127 20302
20240126 20337
20240128 20316
20240126 20337
20240129 20298
20240126 20337
20240130 20301
20240126 20337
20240131 20295
20240126 20337
20240201 20288
20240126 20337
20240202 20319
20240126 20337
20240203 20351
20240126 20337
20240204 20361
20240126 20337
20240205 20376
20240126 20337
20240206 20407
20240126 20337
20240207 20440
20240126 20337
20240208 20474
20240126 20337
20240209 20493
20240126 20337
20240210 20513
20240126 20337
20240211 20516
20240126 20337
20240212 20528
20240126 20337
20240213 20556
20240126 20337
20240214 20576
20240126 20337
20240215 20596
20240126 20337
20240216 20619
20240126 20337
20240217 20637
20240126 20337
20240218 20647
20240126 20337
20240219 20655
20240126 20337
20240220 20666
20240126 20337
20240221 20682
20240126 20337
20240222 20700
20240126 20337
20240223 20725
20240126 20337
20240224 20742
20240126 20337
20240225 20752
20240126 20337
20240226 20758
20240126 20337
20240227 20777
20240126 20337
20240228 20793
20240126 20337
20240229 20816
20240126 20337
20240301 20833
20240126 20337
20240302 20849
20240126 20337
20240303 20851
20240126 20337
20240304 20854
20240126 20337
20240305 20869
20240126 20337
20240306 20883
20240126 20337
20240307 20889
20240126 20337
20240308 20892
20240126 20337
20240309 20897
20240126 20337
20240310 20901
20240126 20337
20240311 20907
20240126 20337
20240312 20936
20240126 20337
20240313 20925
20240126 20337
20240314 20927
20240126 20337
20240315 20926
20240126 20337
20240316 20915
20240317 20915
20240318 20899
20240317 20915
20240319 20891
20240317 20915
20240320 20879
20240317 20915
20240321 20859
20240317 20915
20240322 20866
20240317 20915
20240323 20857
20240317 20915
20240324 20841
20240317 20915
20240325 20829
20240317 20915
20240326 20807
20240317 20915
20240327 20818
20240317 20915
20240328 20819
20240317 20915
20240329 20830
20240317 20915
20240330 20818
20240317 20915
20240331 20814
20240317 20915
20240401 20805
20240317 20915
20240402 20799
20240317 20915
20240403 20800
20240317 20915
20240404 20806
20240317 20915
20240405 20809
20240317 20915
20240406 20820
20240317 20915
20240407 20822
20240408 20822
20240409 20819
20240408 20822
20240410 20831
20240408 20822
20240411 20836
20240408 20822
20240412 20841
20240408 20822
20240413 20839
20240408 20822
20240415 20813
20240408 20822
20240416 20803
20240408 20822
20240417 20791
20240408 20822
20240418 20783
20240408 20822
20240419 20795
20240408 20822
20240420 20793
20240408 20822
20240421 20788
20240422 20788
20240423 20775
20240422 20788
20240424 20763
20240422 20788
20240425 20769
20240422 20788
20240426 20779
20240422 20788
20240427 20766
20240422 20788
20240428 20759
20240422 20788
20240429 20753
20240422 20788
20240430 20734
20240422 20788
20240501 20726
20240422 20788
20240503 20711
20240422 20788
20240504 20687
20240422 20788
20240505 20685
20240422 20788
20240506 20687
20240422 20788
20240507 20681
20240422 20788
20240508 20668
20240422 20788
20240509 20657
20240422 20788
20240510 20641
20240422 20788
20240511 20622
20240422 20788
20240512 20609
20240422 20788
20240513 20596
20240422 20788
20240514 20583
20240422 20788
20240515 20568
20240422 20788
20240516 20573
20240422 20788
20240517 20491
20240422 20788
20240518 20473
20240422 20788
20240519 20467
20240422 20788
20240520 20451
20240422 20788
20240521 20411
20240422 20788
20240522 20402
20240422 20788
20240523 20394
20240422 20788
20240524 20388
20240525 20388
20240526 20375
20240525 20388
20240527 20358
20240525 20388
20240528 20353
20240525 20388
20240529 20339
20240525 20388
20240530 20344
20240525 20388
20240531 20342
20240525 20388
20240601 20346
20240525 20388
20240602 20340
20240525 20388
20240603 20326
20240525 20388
20240604 20306
20240525 20388
20240605 20299
20240525 20388
20240606 20291
20240525 20388
20240609 20308
20240525 20388
20240611 20295
20240613 20295
20240614 20293
20240613 20295
20240615 20303
20240613 20295
20240616 20281
20240613 20295
20240617 20265
20240613 20295
20240618 20267
20240613 20295
20240620 20022
20240613 20295
20240621 20037
20240613 20295
20240622 19996
20240613 20295
20240623 20000
20240613 20295
20240624 19987
20240613 20295
20240626 19947
20240613 20295
20240627 19898
20240613 20295
20240628 19873
20240613 20295
20240629 19868
20240613 20295
20240630 19863
20240613 20295
20240701 19858
20240613 20295
20240702 19839
20240613 20295
20240703 19849
20240613 20295
20240704 19809
20240613 20295
20240705 19804
20240613 20295
20240706 19799
20240613 20295
20240707 19794
20240613 20295
20240708 19797
20240613 20295
20240709 19778
20240613 20295
20240710 19779
20240613 20295
20240711 19781
20240613 20295
20240712 19795
20240613 20295
20240713 19807
20240613 20295
20240714 19805
20240715 19805
20240716 19796
20240715 19805
20240717 19780
20240715 19805
20240718 19784
20240715 19805
20240719 19774
20240715 19805
20240720 19784
20240715 19805
20240721 19776
20240715 19805
20240722 19771
20240715 19805
20240723 19757
20240724 19757
20240725 19698
20240724 19757
20240726 19690
20240724 19757
20240727 19673
20240724 19757
20240728 19623
20240724 19757
20240729 19615
20240724 19757
20240730 19603
20240724 19757
20240731 19557
20240724 19757
20240801 19467
20240724 19757
20240802 19423
20240724 19757
20240803 19429
20240724 19757
20240804 19417
20240724 19757
20240805 19401
20240724 19757
20240806 19400
20240724 19757
20240807 19399
20240724 19757
20240808 19413
20240809 19413
20240810 19429
20240809 19413
20240811 19422
20240809 19413
20240812 19423
20240813 19423
20240814 19425
20240813 19423
20240815 19408
20240813 19423
20240816 19412
20240813 19423
20240817 19415
20240813 19423
20240818 19430
20240813 19423
20240819 19425
20240813 19423
20240820 19427
20240822 19427
20240823 19421
20240822 19427
20240824 19415
20240822 19427
20240825 19406
20240822 19427
20240826 19411
20240822 19427
20240827 19387
20240822 19427
20240828 19377
20240822 19427
20240829 19410
20240822 19427
20240830 19406
20240822 19427
20240831 19409
20240822 19427
20240901 19401
20240822 19427
20240902 19411
20240822 19427
20240903 19412
20240822 19427
20240904 19418
20240822 19427
20240905 19416
20240822 19427
20240906 19409
20240822 19427
20240907 19429
20240822 19427
20240908 19440
20240822 19427
20240909 19433
20240822 19427
20240910 19419
20240822 19427
20240911 19436
20240822 19427
20240912 19456
20240822 19427
20240913 19448
20240822 19427
20240914 19451
20240822 19427
20240915 19439
20240822 19427
20240916 19480
20240822 19427
20240917 19474
20240822 19427
20240918 19477
20240822 19427
20240919 19479
20240822 19427
20240920 19468
20240822 19427
20240921 19465
20240822 19427
20240921 19470
20240822 19427
20240922 19465
20240822 19427
20240925 19438
20240822 19427
20240926 19428
20240822 19427
20240927 19432
20240822 19427
20240928 19429
20240822 19427
20240929 19438
20240822 19427
20240930 19434
20240930 19434
