20230707 76
20230709 76
20230710 76
20230711 76
20230712 75
20230713 76
20230714 76
20230715 76
20230730 76
20230731 76
20230801 76
20230802 76
20230803 76
20230804 76
20230805 76
20230806 76
20230807 76
20230808 76
20230809 76
20230810 76
20230811 76
20230812 76
20230813 76
20230815 76
20230816 76
20230817 76
20230818 76
20230819 76
20230820 76
20230821 76
20230822 76
20230823 76
20230824 76
20230825 76
20230826 76
20230827 76
20230828 76
20230829 76
20230830 76
20230831 76
20230901 76
20230902 76
20230903 76
20230904 76
20230905 76
20230906 76
20230907 76
20230908 76
20230909 76
20230910 76
20230911 76
20230912 76
20230913 76
20230914 76
20230915 76
20230916 76
20230917 76
20230918 76
20230919 76
20230920 72
20230921 72
20230922 72
20230923 72
20230924 72
20230925 72
20230926 73
20230927 73
20230928 76
20230929 76
20230930 76
20231001 79
20231002 79
20231003 82
20231005 85
20231007 88
20231008 88
20231009 101
20231010 111
20231011 111
20231012 111
20231013 111
20231014 111
20231015 86
20231016 86
20231017 86
