20230707 26569
20230714 26569
20230717 26569
20230718 26569
20230720 26549
20230721 26549
20230723 26549
20230724 26549
20230725 26549
20230727 26549
20230728 26549
20230730 26549
20230802 26549
20230803 26549
20230805 26549
20230808 26549
20230809 26549
20230810 26549
20230811 26549
20230812 26549
20230817 26549
20230818 26549
20230820 26549
20230821 26549
20230825 26549
20230827 26549
20230828 26549
20230830 26549
20230904 26549
20230905 26549
20230908 26549
20230910 26549
20230911 26549
20230912 26549
20230913 26549
20230914 26549
20230915 26549
20230917 26549
20230919 26549
20230922 26549
20230923 26549
20230924 26549
20230926 26549
20230927 26549
20230929 26549
20230930 26549
20231001 26549
20231002 26549
20231005 26549
20231008 26549
20231014 26549
20231016 26549
20231017 26549
20231018 26549
20231019 26549
20231021 26549
20231022 26549
20231023 26549
20231024 26549
20231025 26549
20231026 26549
20231027 26549
20231028 26549
20231029 26549
20231030 26549
20231031 26549
20231101 26549
20231102 26549
20231103 26549
20231104 26549
20231105 26549
20231108 26549
20231111 26549
20231115 26549
20231117 26549
20231118 26549
20231124 26549
20231126 26549
20231127 26549
20231129 26549
20231203 26549
20231204 26549
20231207 26549
20231209 26549
20231210 26549
20231211 26549
20231214 26549
20231216 26549
20231217 26549
20231219 26549
20231220 26549
20231222 26549
20231223 26549
20240101 26549
20240103 26549
20240105 26549
20240107 26549
20240108 26549
20240114 26549
20240117 26549
20240120 26549
20240123 26549
20240124 26549
20240126 26549
20240127 26549
20240129 26549
20240201 26549
20240204 26549
20240208 26549
20240214 26549
20240215 26549
20240216 26549
20240217 26549
20240218 26549
20240223 26549
20240225 26549
20240303 26549
20240305 26549
20240306 26549
20240307 26549
20240309 26549
20240310 26549
20240311 26549
20240314 26549
20240321 26549
20240324 26549
20240326 26549
20240328 26549
20240330 26549
20240402 26549
20240403 26549
20240405 26549
20240406 26549
20240407 26549
20240413 26549
20240416 26549
20240419 26549
20240423 26549
20240425 26549
20240427 26549
20240428 26549
