20230707 27856
20230709 27854
20230710 27851
20230711 27871
20230712 27875
20230713 27882
20230714 27888
20230715 27908
20230730 27995
20230731 27992
20230801 28011
20230802 28012
20230803 28028
20230804 28044
20230805 28067
20230806 28061
20230807 28052
20230808 28052
20230809 28062
20230808 28052
20230810 28065
20230808 28052
20230811 28068
20230808 28052
20230812 28072
20230813 28072
20230815 28085
20230813 28072
20230816 28083
20230813 28072
20230817 28091
20230813 28072
20230818 28102
20230813 28072
20230819 28110
20230813 28072
20230820 28103
20230821 28103
20230822 28119
20230821 28103
20230823 28120
20230821 28103
20230824 28128
20230821 28103
20230825 28132
20230821 28103
20230826 28147
20230821 28103
20230827 28143
20230821 28103
20230828 28141
20230821 28103
20230829 28149
20230821 28103
20230830 28163
20230821 28103
20230831 28171
20230821 28103
20230901 28185
20230821 28103
20230902 28189
20230821 28103
20230903 28180
20230821 28103
20230904 28172
20230821 28103
20230905 28177
20230821 28103
20230906 28195
20230821 28103
20230907 28197
20230821 28103
20230908 28193
20230821 28103
20230909 28188
20230821 28103
20230910 28183
20230821 28103
20230911 28179
20230821 28103
20230912 28189
20230821 28103
20230913 28194
20230821 28103
20230914 28210
20230821 28103
20230915 28209
20230821 28103
20230916 28223
20230821 28103
20230917 28213
20230821 28103
20230918 28208
20230821 28103
20230919 28223
20230821 28103
20230920 28188
20230821 28103
20230921 28189
20230821 28103
20230922 28194
20230821 28103
20230923 28198
20230821 28103
20230924 28189
20230821 28103
20230925 28186
20230821 28103
20230926 28187
20230821 28103
20230927 28203
20230821 28103
20230928 28213
20230821 28103
20230929 28232
20230821 28103
20230930 28224
20230821 28103
20231001 28217
20230821 28103
20231002 28213
20230821 28103
20231003 28202
20230821 28103
20231005 28168
20230821 28103
20231007 28162
20230821 28103
20231008 28171
20230821 28103
20231009 28184
20230821 28103
20231010 28186
20230821 28103
20231011 28191
20230821 28103
20231012 28194
20230821 28103
20231013 28195
20230821 28103
20231014 28207
20230821 28103
20231015 28200
20230821 28103
20231016 28199
20230821 28103
20231017 28209
20230821 28103
20231018 28214
20230821 28103
20231019 28221
20230821 28103
20231020 28229
20230821 28103
20231021 28231
20230821 28103
20231022 28224
20230821 28103
20231023 28219
20230821 28103
20231024 28228
20230821 28103
20231025 28236
20230821 28103
20231026 27442
20230821 28103
20231027 27453
20230821 28103
20231028 27465
20230821 28103
20231029 27466
20230821 28103
20231030 27462
20230821 28103
20231031 27471
20230821 28103
20231101 27494
20230821 28103
20231102 27499
20230821 28103
20231103 27503
20230821 28103
20231104 27496
20231106 27496
20231107 27530
20231106 27496
20231108 27535
20231106 27496
20231109 27548
20231106 27496
20231110 27564
20231106 27496
20231111 27577
20231106 27496
20231112 27576
20231106 27496
20231113 27569
20231106 27496
20231114 27581
20231106 27496
20231115 27603
20231106 27496
20231116 27616
20231106 27496
20231117 27623
20231106 27496
20231118 27642
20231106 27496
20231120 27635
20231106 27496
20231121 27650
20231106 27496
20231122 27655
20231106 27496
20231123 27680
20231106 27496
20231124 27692
20231106 27496
20231125 27709
20231106 27496
20231126 27713
20231106 27496
20231127 27712
20231106 27496
20231128 27731
20231106 27496
20231129 27736
20231106 27496
20231130 27748
20231106 27496
20231201 27769
20231106 27496
20231202 27778
20231106 27496
20231203 27776
20231106 27496
20231204 27773
20231106 27496
20231205 27786
20231106 27496
20231206 27806
20231106 27496
20231207 27829
20231106 27496
20231208 27833
20231106 27496
20231209 27846
20231106 27496
20231210 27843
20231106 27496
20231211 27840
20231106 27496
20231212 27842
20231106 27496
20231213 27851
20231106 27496
20231214 27879
20231106 27496
20231215 27905
20231106 27496
20231216 27931
20231106 27496
20231217 27929
20231106 27496
20231218 27926
20231106 27496
20231219 27936
20231106 27496
20231220 27957
20231106 27496
20231221 27983
20231106 27496
20231222 28025
20231106 27496
20231223 28050
20231106 27496
20231224 28058
20231106 27496
20231225 28055
20231106 27496
20231226 28106
20231106 27496
20231227 28123
20231106 27496
20231230 28348
20231106 27496
20231231 28346
20231106 27496
20240101 28340
20231106 27496
20240102 28329
20231106 27496
20240103 28337
20231106 27496
20240104 28346
20231106 27496
20240105 28355
20231106 27496
20240106 28368
20231106 27496
20240107 28360
20231106 27496
20240108 28358
20231106 27496
20240109 28379
20231106 27496
20240110 28399
20231106 27496
20240111 28426
20231106 27496
20240112 28435
20231106 27496
20240113 28458
20231106 27496
20240114 28452
20231106 27496
20240115 28447
20231106 27496
20240116 28446
20231106 27496
20240117 28456
20231106 27496
20240118 28469
20231106 27496
20240119 28480
20231106 27496
20240120 28505
20231106 27496
20240121 28501
20231106 27496
20240122 28498
20231106 27496
20240124 28521
20231106 27496
20240125 28530
20231106 27496
20240126 28559
20231106 27496
20240127 28571
20231106 27496
20240128 28568
20231106 27496
20240129 28562
20231106 27496
20240130 28576
20231106 27496
20240131 28589
20231106 27496
20240201 28629
20231106 27496
20240202 28653
20231106 27496
20240203 28663
20231106 27496
20240204 28646
20231106 27496
20240205 28654
20231106 27496
20240206 28656
20240928 28656
