20230707 120
20230709 120
20230710 120
20230711 120
20230712 120
20230714 120
20230715 120
20230730 121
20230731 121
20230801 121
20230802 121
20230803 121
20230804 121
20230805 121
20230806 120
20230807 120
20230808 120
20230809 120
20230810 120
20230811 120
20230812 113
20230813 113
20230815 113
20230816 112
20230817 112
20230818 112
20230819 112
20230820 112
20230821 112
20230822 112
20230823 112
20230824 112
20230825 112
20230826 112
20230827 112
20230828 112
20230829 112
20230830 112
20230831 112
20230901 112
20230902 112
20230903 112
20230904 112
20230905 112
20230906 111
20230907 110
20230908 110
20230909 110
20230910 110
20230911 110
20230912 110
20230913 110
20230914 110
20230915 110
20230916 110
20230917 110
20230918 110
20230919 109
20230920 105
20230921 105
20230922 104
20230923 103
20230924 103
20230925 103
20230926 103
20230927 103
20230928 103
20230929 103
20230930 103
20231001 103
20231002 103
20231003 103
20231005 103
20231007 103
20231008 103
20231009 102
20231010 102
20231011 102
20231012 102
20231013 102
20231014 103
20231015 103
20231016 103
20231017 103
20231018 103
20231019 103
20231020 103
20231021 103
20231022 103
20231023 102
20231024 102
20231025 102
20231026 102
20231027 102
20231028 102
20231029 102
20231030 102
20231031 102
20231101 102
20231102 102
20231103 102
20231104 102
20231105 102
20231106 102
20231107 102
20231108 102
20231109 102
20231110 103
20231111 105
20231112 105
20231113 105
20231114 105
20231115 105
20231116 105
20231117 105
20231118 105
20231120 105
20231121 105
20231122 102
20231123 102
20231124 102
20231125 100
20231126 100
20231127 100
20231128 100
20231129 100
20231130 100
20231201 100
20231202 100
20231203 100
20231204 100
20231205 100
20231206 100
20231207 100
20231208 100
20231209 99
20231210 99
20231211 101
20231212 101
20231213 101
20231214 101
20231215 109
20231216 109
20231217 109
20231218 109
20231219 109
20231220 109
20231221 109
20231222 109
20231223 109
20231224 109
20231225 109
20231226 109
20231227 109
