20230707 657
20230709 657
20230710 656
20230711 656
20230712 655
20230714 654
20230715 651
20230730 639
20230731 639
20230801 639
20230802 639
20230803 639
20230804 638
20230805 638
20230806 637
20230807 636
20230808 634
20230809 635
20230810 635
20230811 635
20230812 635
20230813 635
20230815 632
20230816 632
20230817 630
20230818 629
20230819 628
20230820 623
20230821 618
20230822 617
20230823 616
20230824 615
20230825 614
20230826 616
20230827 617
20230828 617
20230829 613
20230830 612
20230831 607
20230901 605
20230902 607
20230903 607
20230904 607
20230905 605
20230906 605
20230907 597
20230908 596
20230909 596
20230910 595
20230911 595
20230912 595
20230913 595
20230914 591
20230915 589
20230916 589
20230917 589
20230918 588
20230919 587
20230920 582
20230921 581
20230922 581
20230923 581
20230924 580
20230925 580
20230926 580
20230927 580
20230928 580
20230929 580
20230930 580
20231001 576
20231002 575
20231003 575
20231005 575
20231007 576
20231008 576
20231009 576
20231010 575
20231011 575
20231012 570
20231013 570
20231014 571
20231015 571
20231016 570
20231017 570
20231018 570
20231019 570
20231020 567
20231021 567
20231022 567
20231023 566
20231024 566
20231025 566
20231026 566
20231027 566
20231028 566
20231029 567
20231030 567
20231031 567
20231101 566
20231102 565
20231103 563
20231104 563
20231105 563
20231106 563
20231107 563
20231108 563
20231109 563
20231110 561
20231111 561
20231112 561
20231113 561
20231114 561
20231115 561
20231116 561
20231117 561
20231118 561
20231120 560
20231121 560
20231122 560
20231123 561
20231124 562
20231125 561
20231126 561
20231127 561
20231128 560
20231129 560
20231130 560
20231201 560
20231202 560
20231203 560
20231204 557
20231205 557
20231206 557
20231207 557
20231208 557
20231209 557
20231210 557
20231211 557
20231212 555
20231213 555
20231214 555
20231215 555
20231216 555
20231217 555
20231218 555
20231219 555
20231220 555
20231221 555
20231222 555
20231223 555
20231224 555
20231225 555
20231226 555
20231227 555
20231230 551
20231231 551
20240101 551
20240102 547
20240103 527
20240104 527
20240105 527
20240106 527
20240107 527
20240108 527
20240109 526
20240110 532
20240111 532
20240112 532
20240113 532
20240114 532
20240115 531
20240116 531
20240117 531
20240118 530
20240119 530
20240120 526
20240121 526
20240122 526
20240124 525
20240125 525
20240126 525
20240127 525
20240128 525
20240129 526
20240130 526
20240131 526
20240201 527
20240202 527
20240203 527
20240204 527
20240205 517
20240206 517
20240207 512
20240208 512
20240209 512
20240210 511
20240211 511
20240212 511
20240213 511
20240214 511
20240215 511
20240216 510
20240217 510
20240218 510
20240219 509
20240220 509
20240221 509
20240222 509
20240223 507
20240224 507
20240225 507
20240226 507
20240227 507
20240228 506
20240229 505
20240301 505
20240302 505
20240303 505
20240304 505
20240305 505
20240306 504
20240307 504
20240308 504
20240309 504
20240310 504
20240311 504
20240312 503
20240313 503
20240314 503
20240315 503
20240316 504
20240317 504
20240318 504
20240319 503
20240320 502
20240321 502
20240322 503
20240323 503
20240324 503
20240325 503
20240326 501
20240327 501
20240328 501
20240329 501
20240330 500
20240331 500
20240401 500
20240402 500
20240403 500
20240404 500
20240405 500
20240406 500
20240407 500
20240408 499
20240409 499
20240410 499
20240411 499
20240412 502
20240413 502
20240415 502
20240416 502
20240417 504
20240418 504
20240419 504
20240420 504
20240421 504
20240422 504
20240423 503
20240424 503
20240425 502
20240426 502
20240427 502
20240428 502
20240429 502
20240430 502
20240501 502
20240503 502
20240504 502
20240505 501
20240506 500
20240507 500
20240508 500
20240509 499
20240510 499
20240511 499
20240512 499
20240513 499
20240514 499
20240515 499
20240516 499
20240517 499
20240518 499
20240519 499
20240520 499
20240521 499
20240522 499
20240523 499
20240524 499
20240525 499
20240526 499
20240527 499
20240528 499
