20230922 54
20230925 54
20230926 53
20230927 53
20230928 46
20231008 46
20231009 45
20231027 45
20231028 55
20231102 55
20231103 56
20231112 56
20231113 57
20231114 57
20231115 62
20231116 60
20231117 58
20231125 58
20231126 57
20231127 57
20231128 31
20231129 30
20231208 30
20231209 29
20231211 29
20231212 28
20231213 26
20231215 26
20231216 24
20231231 24
20240101 25
20240105 25
20240106 22
20240107 20
20240108 20
20240109 21
20240122 21
20240124 31
20240125 33
20240201 33
20240202 32
20240212 32
20240213 31
20240220 31
20240221 56
20240305 56
20240306 57
20240328 57
20240329 58
20240407 58
20240408 59
20240409 59
20240410 60
20240411 61
20240415 61
20240416 62
20240427 62
20240428 52
20240501 52
20240503 51
20240504 52
20240505 52
20240506 54
20240507 55
20240508 64
20240512 64
20240513 63
20240514 63
20240515 58
20240611 58
20240612 109
20240701 109
20240702 108
20240708 108
20240709 107
20240724 107
20240725 96
20240726 98
20240821 98
20240822 73
20240906 73
20240907 72
20240908 72
20240909 73
20240928 73
20240929 71
20241007 71
20241008 70
20241009 70
20241010 69
20241011 68
20241015 68
20241016 67
20241103 67
20241104 66
20241105 66
20241106 64
20241107 63
20241108 54
20241211 54
20241212 3
20241228 3
20241229 4
20250110 4
20250111 5
20250117 5
20250118 6
20250125 6
20250126 4
20250127 5
20250324 5
20250326 6
20250512 6
20250513 7
20250524 7
20250525 10
20250604 10
20250605 11
20250701 11
20250702 10
20250710 10
20250711 9
20250717 9
20250718 8
20250808 8
20250810 9
20250821 9
20250822 10
20250905 10
20250906 9
20250911 9
20250912 10
20250924 10
20250925 11
20250926 10
20251001 10
20251002 11
20251003 10
20251015 10
20251016 11
20251112 11
20251113 10
20251114 11
20251121 11
20251122 52
20251124 52
20251125 49
20251204 49
20251206 48
20260105 48
20260107 49
20260117 49
20260118 50
20260208 50
20260209 49
20260221 49
20260222 48
20260311 48
20260313 47
20260319 47
20260320 48
