20230707 8062
20230709 8056
20230710 8057
20230711 8047
20230712 8007
20230713 8006
20230714 8008
20230715 8004
20230730 7922
20230731 7922
20230801 7920
20230802 7919
20230803 7920
20230804 7922
20230805 7924
20230806 7923
20230807 7921
20230808 7923
20230809 7923
20230810 7922
20230811 7933
20230812 7934
20230813 7930
20230815 7933
20230816 7935
20230817 7938
20230818 7935
20230819 7928
20230820 7921
20230821 7915
20230822 7913
20230823 7912
20230824 7911
20230825 7910
20230826 7909
20230827 7910
20230828 7911
20230829 7911
20230830 7910
20230831 7904
20230901 7901
20230902 7902
20230903 7899
20230904 7897
20230905 7891
20230906 7783
20230907 7778
20230908 7770
20230909 7773
20230910 7766
20230911 7767
20230912 7767
20230913 7759
20230914 7759
20230915 7756
20230916 7748
20230917 7747
20230918 7748
20230919 7748
20230920 7659
20230921 7652
20230922 7646
20230923 7645
20230924 7638
20230925 7632
20230926 7635
20230927 7637
20230928 7637
20230929 7638
20230930 7639
20231001 7634
20231002 7632
20231003 7630
20231005 7627
20231007 7627
20231008 7625
20231009 7624
20231010 7623
20231011 7621
20231012 7618
20231013 7615
20231014 7611
20231015 7611
20231016 7612
20231017 7613
20231018 7611
20231019 7610
20231020 7605
20231021 7583
20231022 7581
20231023 7580
20231024 7579
20231025 7579
20231026 7576
20231027 7570
20231028 7570
20231029 7567
20231030 7567
20231031 7564
20231101 7564
20231102 7564
20231103 7562
20231104 7561
20231105 7563
20231106 7558
