20230707 3345305
20230709 3343005
20230710 3339666
20230711 3338405
20230712 3334049
20230713 3329313
20230714 3326947
20230715 3323579
20230730 3303996
20230731 3305707
20230801 3321231
20230802 3336723
20230803 3338928
20230804 3340008
20230805 3341109
20230806 3341235
20230807 3339650
20230808 3349076
20230809 3350125
20230810 3351906
20230811 3356785
20230812 3355842
20230813 3354355
20230815 3356771
20230816 3358068
20230817 3359352
20230818 3359209
20230819 3360643
20230820 3360560
20230821 3358168
20230822 3361488
20230823 3362361
20230824 3361777
20230825 3360884
20230826 3362809
20230827 3363717
20230828 3363228
20230829 3365655
20230830 3364922
20230831 3362590
20230901 3362407
20230902 3363517
20230903 3359133
20230904 3355262
20230905 3356810
20230906 3354691
20230907 3357964
