20230707 8310
20230709 8336
20230710 8351
20230711 8383
20230712 8444
20230713 8502
20230714 8538
20230715 8592
20230730 9628
20230731 9647
20230801 9666
20230802 9694
20230803 9703
20230804 9153
20230805 9168
20230806 9178
20230807 9204
20230808 9217
20230809 9240
20230810 9251
20230811 9268
20230812 9271
20230813 9287
20230815 9312
20230816 9317
20230817 9334
20230818 9329
20230819 9340
20230820 9355
20230821 9357
20230822 9358
20230823 9365
20230824 9376
20230825 9387
20230826 9399
20230827 9414
20230828 9423
20230829 9441
20230830 9452
20230831 9468
20230901 9489
20230902 9521
20230903 9539
20230904 9558
20230905 9570
20230906 9576
20230907 9583
20230908 9592
20230909 9594
20230910 9643
20230911 9646
20230912 9652
20230913 9659
20230914 9685
20230915 9695
20230916 9695
20230917 9703
20230916 9695
20230918 9797
20230916 9695
20230919 9812
20230916 9695
20230920 9435
20230916 9695
20230921 9453
20230916 9695
20230922 9477
20230916 9695
20230923 9482
20230916 9695
20230924 9483
20230916 9695
20230925 9496
20230916 9695
20230926 9528
20230916 9695
20230927 9548
20230916 9695
20230928 9579
20230916 9695
20230929 9584
20230916 9695
20230930 9593
20230916 9695
20231001 9608
20230916 9695
20231002 9626
20230916 9695
20231003 9659
20230916 9695
20231005 9660
20230916 9695
20231007 9624
20230916 9695
20231008 9586
20230916 9695
20231009 9594
20230916 9695
20231010 9593
20230916 9695
20231011 9614
20230916 9695
20231012 9632
20230916 9695
20231013 9641
20230916 9695
20231014 9687
20230916 9695
20231015 9665
20230916 9695
20231016 9652
20230916 9695
20231017 9657
20230916 9695
20231018 9654
20230916 9695
20231019 9649
20230916 9695
20231020 9630
20230916 9695
20231021 9617
20230916 9695
20231022 9604
20230916 9695
20231023 9606
20230916 9695
20231024 9587
20230916 9695
20231025 9591
20230916 9695
20231026 9578
20230916 9695
20231027 9583
20230916 9695
20231028 9592
20230916 9695
20231029 9593
20230916 9695
20231030 9646
20230916 9695
20231031 9639
20230916 9695
20231101 9600
20230916 9695
20231102 9616
20230916 9695
20231103 9612
20230916 9695
20231104 9632
20230916 9695
20231105 9606
20230916 9695
20231106 9601
20230916 9695
20231107 9621
20230916 9695
20231108 9619
20230916 9695
20231109 9630
20230916 9695
20231110 9637
20230916 9695
20231111 9639
20230916 9695
20231112 9635
20230916 9695
20231113 9629
20230916 9695
20231114 9638
20230916 9695
20231115 9665
20230916 9695
20231116 9699
20230916 9695
20231117 9710
20230916 9695
20231118 9718
20230916 9695
20231120 9713
20230916 9695
20231121 9699
20230916 9695
20231122 9680
20230916 9695
20231123 9688
20230916 9695
20231124 9682
20230916 9695
20231125 9688
20230916 9695
20231126 9693
20230916 9695
20231127 9685
20230916 9695
20231128 9704
20231129 9704
20231130 9712
20231129 9704
20231201 9738
20231129 9704
20231202 9731
20231129 9704
20231203 9717
20231129 9704
20231204 9713
20231129 9704
20231205 9723
20231129 9704
20231206 9739
20231129 9704
20231207 9719
20231129 9704
20231208 9709
20231129 9704
20231209 9716
20231129 9704
20231210 9726
20231129 9704
20231211 9741
20231129 9704
20231212 9740
20231129 9704
20231213 9749
20231214 9749
20231215 9738
20231214 9749
20231216 9744
20231214 9749
20231217 9728
20231214 9749
20231218 9716
20231214 9749
20231219 9750
20231214 9749
20231220 9742
20231221 9742
20231222 9746
20231221 9742
20231223 9763
20231221 9742
20231224 9758
20231221 9742
20231225 9743
20231221 9742
20231226 9727
20231221 9742
20231227 9737
20231221 9742
20231230 9853
20231221 9742
20231231 9863
20231221 9742
20240101 9829
20231221 9742
20240102 9831
20231221 9742
20240103 9842
20231221 9742
20240104 9851
20231221 9742
20240105 9891
20231221 9742
20240106 9870
20231221 9742
20240107 9853
20231221 9742
20240108 9860
20231221 9742
20240109 9858
20231221 9742
20240110 9908
20231221 9742
20240111 9933
20231221 9742
20240112 9951
20231221 9742
20240113 9930
20231221 9742
20240114 9908
20231221 9742
20240115 9913
20231221 9742
20240116 9921
20231221 9742
20240117 9931
20231221 9742
20240118 9918
20231221 9742
20240119 9943
20231221 9742
20240120 9935
20231221 9742
20240121 9943
20231221 9742
20240122 10013
20231221 9742
20240124 10016
20231221 9742
20240125 10065
20240126 10065
20240127 10091
20240126 10065
20240128 10089
20240126 10065
20240129 10045
20240126 10065
20240130 9997
20240126 10065
20240131 10015
20240126 10065
20240201 10045
20240126 10065
20240202 10052
20240126 10065
20240203 10023
20240126 10065
20240204 10016
20240126 10065
20240205 10017
20240126 10065
20240206 10046
20240126 10065
20240207 10129
20240126 10065
20240208 9972
20240126 10065
20240209 9973
20240126 10065
20240210 9971
20240126 10065
20240211 9990
20240126 10065
20240212 9995
20240126 10065
20240213 10053
20240126 10065
20240214 10063
20240126 10065
20240215 10027
20240126 10065
20240216 10047
20240126 10065
20240217 10069
20240126 10065
20240218 10092
20240126 10065
20240219 10102
20240126 10065
20240220 10059
20240126 10065
20240221 10073
20240126 10065
20240222 10075
20240126 10065
20240223 10099
20240126 10065
20240224 10101
20240126 10065
20240225 10111
20240126 10065
20240226 10108
20240126 10065
20240227 10098
20240126 10065
20240228 10119
20240126 10065
20240229 10145
20240126 10065
20240301 10142
20240126 10065
20240302 10164
20240126 10065
20240303 10176
20240126 10065
20240304 10179
20240126 10065
20240305 10187
20240126 10065
20240306 10220
20240126 10065
20240307 10232
20240126 10065
20240308 10276
20240126 10065
20240309 10311
20240126 10065
20240310 10314
20240126 10065
20240311 10327
20240126 10065
20240312 10342
20240126 10065
20240313 10356
20240126 10065
20240314 10399
20240126 10065
20240315 10398
20240126 10065
20240316 10450
20240126 10065
20240317 10447
20240126 10065
20240318 10418
20240126 10065
20240319 10839
20240126 10065
20240320 10878
20240126 10065
20240321 10866
20240126 10065
20240322 10875
20240126 10065
20240323 10881
20240126 10065
20240324 10893
20240126 10065
20240325 10884
20240126 10065
20240326 10866
20240126 10065
20240327 10874
20240126 10065
20240328 10859
20240126 10065
20240329 10867
20240126 10065
20240330 10858
20240126 10065
20240331 10830
20240126 10065
20240401 10822
20240126 10065
20240402 10788
20240126 10065
20240403 10940
20240126 10065
20240404 10935
20240126 10065
20240405 10917
20240126 10065
20240406 10864
20240126 10065
20240407 10817
20240126 10065
20240408 10767
20240126 10065
20240409 10781
20240126 10065
20240410 10755
20240126 10065
20240411 10720
20240126 10065
20240412 10731
20240126 10065
20240413 10708
20240126 10065
20240415 10689
20240126 10065
20240416 10572
20240417 10572
20240418 10647
20240417 10572
20240419 10662
20240417 10572
20240420 10665
20240417 10572
20240421 10548
20240417 10572
20240422 10451
20240417 10572
20240423 10574
20240417 10572
20240424 10777
20240417 10572
20240425 10789
20240417 10572
20240426 10788
20240417 10572
20240427 10783
20240417 10572
20240428 10787
20240417 10572
20240429 10809
20240417 10572
20240430 10822
20240417 10572
20240501 10849
20240417 10572
20240503 10715
20240417 10572
20240504 10705
20240417 10572
20240505 10714
20240417 10572
20240506 10706
20240417 10572
20240507 10724
20240417 10572
20240508 10725
20240417 10572
20240509 10729
20240417 10572
20240510 10721
20240417 10572
20240511 10709
20240417 10572
20240512 10601
20240417 10572
20240513 10612
20240514 10612
20240515 10627
20240514 10612
20240516 10635
20240514 10612
20240517 10644
20240514 10612
20240518 10526
20240514 10612
20240519 10508
20240514 10612
20240520 10524
20240514 10612
20240521 10549
20240514 10612
20240522 10563
20240514 10612
20240523 10460
20240514 10612
20240524 10265
20240514 10612
20240525 10256
20240514 10612
20240526 10224
20240514 10612
20240527 10241
20240514 10612
20240528 10253
20240514 10612
20240529 10279
20240514 10612
20240530 10230
20240514 10612
20240531 10238
20240514 10612
20240601 10191
20240514 10612
20240602 10192
20240514 10612
20240603 10206
20240514 10612
20240604 10222
20240605 10222
20240606 10259
20240605 10222
20240609 10314
20240605 10222
20240611 10353
20240605 10222
20240612 10364
20240605 10222
20240613 10374
20240605 10222
20240614 10395
20240615 10395
20240616 10426
20240618 10426
20240620 10448
20240618 10426
20240621 10483
20240618 10426
20240622 10480
20240618 10426
20240623 10488
20240618 10426
20240624 10472
20240618 10426
20240626 10477
20240618 10426
20240627 10451
20240618 10426
20240628 10478
20240618 10426
20240629 10493
20240618 10426
20240630 10483
20240618 10426
20240701 10484
20240618 10426
20240702 10477
20240618 10426
20240703 10446
20240618 10426
20240704 10492
20240618 10426
20240705 10548
20240618 10426
20240706 10582
20240618 10426
20240707 10616
20240618 10426
20240708 10659
20240618 10426
20240709 10658
20240618 10426
20240710 10688
20240618 10426
20240711 10697
20240618 10426
20240712 10680
20240618 10426
20240713 10633
20240618 10426
20240714 10639
20240618 10426
20240715 10654
20240618 10426
20240716 10678
20240618 10426
20240717 10649
20240618 10426
20240718 10638
20240618 10426
20240719 10671
20240618 10426
20240720 10649
20240618 10426
20240721 10645
20240618 10426
20240722 10659
20240618 10426
20240723 10671
20240724 10671
20240725 10650
20240724 10671
20240726 10546
20240724 10671
20240727 10509
20240724 10671
20240728 10486
20240724 10671
20240729 10528
20240724 10671
20240730 10649
20240724 10671
20240731 10779
20240724 10671
20240801 10769
20240724 10671
20240802 10784
20240724 10671
20240803 10816
20240724 10671
20240804 10838
20240724 10671
20240805 10769
20240724 10671
20240806 10786
20240724 10671
20240807 10781
20240724 10671
20240808 10761
20240724 10671
20240809 10753
20240724 10671
20240810 10766
20240724 10671
20240811 10802
20240724 10671
20240812 10874
20240724 10671
20240813 10896
20240814 10896
20240815 10928
20240814 10896
20240816 10942
20240814 10896
20240817 10970
20240814 10896
20240818 10992
20240814 10896
20240819 11007
20240814 10896
20240820 11095
20240814 10896
20240821 11108
20240814 10896
20240822 11174
20240814 10896
20240823 11190
20240814 10896
20240824 11225
20240814 10896
20240825 11223
20240814 10896
20240826 11235
20240814 10896
20240827 11177
20240814 10896
20240828 11072
20240814 10896
20240829 10999
20240814 10896
20240830 10942
20240814 10896
20240831 10937
20240814 10896
20240901 10931
20240814 10896
20240902 10927
20240814 10896
20240903 10958
20240814 10896
20240904 10936
20240814 10896
20240905 10940
20240814 10896
20240906 10947
20240907 10947
20240908 10954
20240907 10947
20240909 10938
20240907 10947
20240910 10941
20240907 10947
20240911 10974
20240907 10947
20240912 10994
20240907 10947
20240913 11002
20240907 10947
20240914 11001
20240907 10947
20240915 11037
20240907 10947
20240916 11039
20240907 10947
20240917 11045
20240918 11045
20240919 11063
20240918 11045
20240920 11106
20240918 11045
20240921 11152
20240918 11045
20240921 11234
20240922 11234
20240925 11468
20240922 11234
20240926 11503
20240922 11234
20240927 11527
20240922 11234
20240928 11555
20240922 11234
20240929 11598
20240922 11234
20240930 11672
20240922 11234
20241001 11774
20240922 11234
20241002 11817
20241002 11817
