20230707 5
20230709 5
20230710 5
20230711 5
20230712 5
20230714 5
20230715 5
20230730 6
20230731 6
20230801 6
20230802 6
20230803 6
20230804 6
20230805 6
20230806 6
20230807 6
20230808 6
20230809 6
20230810 6
20230811 6
20230812 6
20230813 6
20230815 6
20230816 6
20230817 6
20230818 6
20230819 6
20230820 6
20230821 6
20230822 6
20230823 6
20230824 6
20230825 6
20230826 6
20230827 6
20230828 6
20230829 6
20230830 6
20230831 6
20230901 6
20230902 6
20230903 6
20230904 6
20230905 6
20230906 6
20230907 6
20230908 6
20230909 6
20230910 6
20230911 6
20230912 6
20230913 6
20230914 6
20230915 6
20230916 6
20230917 6
20230918 6
20230919 6
20230920 4
20230921 4
20230922 4
20230923 4
20230924 4
20230925 4
20230926 4
20230927 4
20230928 4
20230929 4
20230930 4
20231001 5
20231002 5
20231003 5
20231005 5
20231007 5
20231008 5
20231009 5
20231010 5
20231011 5
20231012 5
20231013 5
20231014 5
20231015 5
20231016 5
20231017 5
20231018 5
20231019 5
20231020 5
20231021 5
20231022 5
20231023 5
20231024 5
20231025 5
20231026 5
20231027 5
20231028 5
20231029 5
20231030 5
20231031 5
20231101 5
20231102 5
20231103 5
20231104 5
20231105 5
