20230707 94
20230709 94
20230710 94
20230711 94
20230712 94
20230714 94
20230715 94
20230730 95
20230731 95
20230801 95
20230802 95
20230803 95
20230804 95
20230805 95
20230806 95
20230807 95
20230808 95
20230809 95
20230810 95
20230811 95
20230812 97
20230813 97
20230815 97
20230816 98
20230817 98
20230818 98
20230819 98
20230820 98
20230821 98
20230822 98
20230823 98
20230824 98
20230825 98
20230826 98
20230827 98
20230828 98
20230829 98
20230830 98
20230831 100
20230901 100
20230902 100
20230903 100
20230904 100
20230905 100
20230906 100
20230907 100
20230908 100
20230909 100
20230910 100
20230911 100
20230912 100
20230913 100
20230914 100
20230915 100
20230916 100
20230917 100
20230918 100
20230919 100
20230920 98
20230921 99
20230922 98
20230923 98
20230924 98
20230925 98
20230926 98
20230927 98
20230928 98
20230929 98
20230930 98
20231001 98
20231002 98
20231003 98
20231005 98
20231007 98
20231008 98
20231009 98
20231010 98
20231011 98
20231012 98
20231013 98
20231014 98
20231015 98
20231016 98
20231017 98
20231018 99
20231019 99
20231020 99
20231021 99
20231022 99
20231023 99
20231024 99
20231025 99
20231026 99
20231027 99
20231028 99
20231029 99
20231030 99
20231031 99
20231101 99
20231102 99
20231103 99
20231104 99
20231105 99
20231106 99
20231107 99
20231108 99
20231109 100
20231110 100
20231111 100
20231112 100
20231113 100
20231114 101
20231115 101
20231116 101
20231117 101
20231118 101
20231120 101
20231121 101
20231122 101
20231123 101
20231124 101
20231125 101
20231126 101
20231127 101
20231128 101
20231129 101
20231130 101
20231201 101
20231202 101
20231203 101
20231204 101
20231205 101
20231206 101
20231207 101
20231208 101
20231209 101
20231210 101
20231211 101
20231212 101
