20230707 6
20230715 6
20230730 7
20230919 7
20230920 6
20231016 6
20231017 7
20240624 7
20240626 7
20240627 7
20240628 7
20240629 7
20240630 7
20240701 7
20240702 7
20240703 7
20240704 7
20240705 7
20240706 7
20240707 7
20240708 7
20240709 7
20240710 7
20240711 7
20240712 7
20240713 7
20240714 7
20240715 7
20240716 7
20240717 7
20240718 7
20240719 7
20240720 7
20240721 7
20240722 7
20240723 7
20240724 7
20240725 7
20240726 7
20240727 7
20240728 7
20240729 7
20240730 7
20240731 7
20240801 7
20240802 7
20240803 7
