20230707 13972
20230709 13961
20230710 13955
20230711 13951
20230712 13956
20230714 13958
20230715 13953
20230730 13920
20230731 13922
20230801 13916
20230802 13902
20230803 13888
20230804 13881
20230805 13875
20230806 13878
20230807 13865
20230808 13855
20230809 13860
20230810 13857
20230811 13859
20230812 13855
20230813 13862
20230815 13856
20230816 13862
20230817 13868
20230818 13871
20230819 13876
20230820 13870
20230821 13865
20230822 13872
20230823 13881
20230824 13881
20230825 13880
20230826 13872
20230827 13868
20230828 13861
20230829 13863
20230830 13866
20230831 13871
20230901 13871
20230902 13867
20230903 13867
20230904 13863
20230905 13869
20230906 13870
20230907 13869
20230908 13864
20230909 13859
20230910 13847
20230911 13840
20230912 13843
20230913 13846
20230914 13843
20230915 13826
20230916 13822
20230917 13816
20230918 13815
20230919 13818
20230920 13526
20230921 13517
20230922 13517
20230923 13509
20230924 13505
20230925 13497
20230926 13489
20230927 13487
20230928 13488
20230929 13487
20230930 13483
20231001 13472
20231002 13463
