20230707 3855
20230709 3855
20230710 3855
20230711 3855
20230712 3855
20230713 3854
20230714 3854
20230715 3851
20230730 3848
20230731 3850
20230801 3853
20230802 3852
20230803 3854
20230804 3853
20230805 3851
20230806 3851
20230807 3850
20230808 3851
20230809 3853
20230810 3853
20230811 3853
20230812 3851
20230813 3851
20230815 3852
20230816 3852
20230817 3852
20230818 3850
20230819 3846
20230820 3846
20230821 3845
20230822 3843
20230823 3842
20230824 3843
20230825 3841
20230826 3841
20230827 3843
20230828 3843
20230829 3846
20230830 3845
20230831 3847
20230901 3848
20230902 3850
20230903 3851
20230904 3850
20230905 3850
20230906 3848
20230907 3849
20230908 3848
20230909 3849
20230910 3847
20230911 3846
20230912 3846
20230913 3846
20230914 3845
20230915 3844
20230916 3844
20230917 3843
20230918 3843
20230919 3841
20230920 3832
20230921 3832
20230922 3832
20230923 3832
20230924 3833
20230925 3833
20230926 3896
20230927 3900
20230928 3900
20230929 3900
20230930 3899
20231001 3904
20231002 3903
20231003 3905
20231005 3906
20231007 3904
20231008 3904
20231009 3907
20231010 3907
20231011 3906
20231012 3906
20231013 3906
20231014 3905
20231015 3905
20231016 3903
20231017 3904
20231018 3903
20231019 3902
20231020 3880
20231021 3860
