20230707 3
20230919 3
20230920 1
20250826 1
20250827 16
20250828 25
20250829 30
20250830 34
20250902 34
20250903 36
20250904 38
20250905 40
20250906 46
20250908 46
20250909 48
20250910 48
20250911 52
20250912 61
20250913 63
20250915 63
20250916 68
20250917 74
20250918 77
20250919 81
20250920 86
20250922 86
20250923 89
20250924 95
20250925 108
20250926 109
20250928 109
20250929 110
20250930 111
20251001 111
20251002 117
20251003 123
20251004 140
20251005 184
20251006 233
20251007 786
20251008 1051
20251009 1191
20251010 1242
20251011 1303
20251012 1346
20251013 1391
20251014 1419
20251015 1464
20251016 1480
20251017 1513
20251018 1537
20251019 1557
20251020 1578
20251021 1589
20251022 1604
20251023 1624
20251024 1636
20251025 1657
20251026 1673
20251027 1684
20251028 1702
20251029 1722
20251030 1741
20251031 1781
20251101 1802
20251102 1818
20251103 1856
20251104 1908
20251105 1915
20251106 1926
20251107 1948
20251108 1965
20251109 1988
20251110 2009
20251111 2031
20251112 2060
20251113 2083
20251114 2111
20251115 2126
20251116 2160
20251117 2182
20251118 2222
20251119 2240
20251120 2257
20251121 2282
20251122 2297
20251123 2322
20251124 2345
20251125 2370
20251126 2451
20251127 2621
20251128 2671
20251129 2720
20251130 2751
20251202 2847
20251203 2888
20251204 2912
20251206 2948
20251207 2962
20251208 2987
20251209 3000
20251210 3034
20251212 3051
20251213 3061
20251214 3081
20251217 3122
20260103 3322
20260104 3337
20260105 3344
20260107 3372
20260108 3388
20260109 3401
20260110 3407
20260111 3421
20260112 3433
20260113 3444
20260114 3453
20260115 3313
20260116 3323
20260117 3486
20260118 3497
20260119 3505
20260120 3517
20260121 3532
20260122 3532
20260123 3547
20260124 3573
20260125 3580
20260126 3599
20260127 3609
20260128 3627
20260130 3662
20260131 3675
20260201 3686
20260202 3697
20260203 3731
20260204 3739
20260205 3750
20260206 3761
20260208 3797
20260209 3810
20260210 3829
20260211 3841
20260212 3852
20260213 3867
20260214 3887
20260215 3899
20260216 3911
20260217 3930
20260218 3937
20260219 3951
20260220 3965
20260221 3981
20260222 3999
20260223 4022
20260224 4028
20260225 4042
20260226 4052
20260227 4062
20260228 4075
20260301 4093
20260303 4118
20260304 4134
20260305 4155
