20230922 5420
20230924 5428
20230925 5427
20230926 5425
20230927 5413
20230928 5416
20230929 5410
20230930 5400
20231001 5392
20231002 5390
20231003 5394
20231005 5393
20231007 5386
20231008 5388
20231009 5378
20231010 5379
20231011 5382
20231012 5382
20231013 5380
20231014 5382
20231015 5387
20231016 5400
20231017 5400
20231018 5400
20231019 5400
20231020 5412
20231021 5420
20231022 5421
20231023 5423
20231024 5423
20231025 5421
20231026 5417
20231027 5415
20231028 5417
20231029 5418
20231030 5418
20231031 5421
20231101 5422
20231102 5422
20231103 5423
20231104 5424
20231105 5421
20231106 5418
20231107 5421
20231108 5421
20231109 5423
20231110 5423
20231111 5430
20231112 5433
20231113 5433
