20230707 3
20230919 3
20230920 1
20251112 1
20251113 121
20251121 121
20251122 420
20251123 423
20251202 423
20251203 486
20251204 558
20251206 580
20251207 581
20251210 581
20251212 647
20251213 983
20251214 1035
20251217 1090
20260103 1442
20260104 1447
20260105 1469
20260107 1488
20260108 1495
20260109 1502
20260110 1519
20260111 1529
20260112 1532
20260113 1544
20260114 1547
20260115 1553
20260116 1556
20260117 1560
20260118 1562
20260119 1565
20260120 1572
20260121 1579
20260122 1579
20260123 1594
20260124 1602
20260125 1605
20260126 1607
20260127 1615
20260128 1622
20260130 1638
20260131 1656
20260201 1664
20260202 1667
20260203 1667
20260204 1672
20260205 1675
20260206 1677
20260208 1686
20260209 1694
20260210 1699
20260211 1704
20260212 1712
20260213 1715
20260214 1722
20260215 1728
20260216 1729
20260217 1731
20260218 1732
20260219 1735
20260220 1735
20260221 1736
20260222 1738
20260223 1742
20260224 1748
