20230806 1489662
20230807 1489662
20230808 1489662
20230809 1489662
20230810 1489662
20230811 1489662
20230812 1489662
20230813 1489662
20230815 1489662
20230816 1489662
20230817 1489662
20230818 1489662
20230819 1489662
20230820 1489662
20230821 1489662
20230822 1489662
20230823 1489662
20230824 1489662
20230825 1489662
20230826 1489662
20230827 1489662
20230828 1489662
20230829 1489662
20230830 1489662
20230831 1489662
20230901 1489662
20230902 1489662
20230903 1489662
20230904 1489662
20230905 1489662
20230906 1489662
20230907 1489662
20230908 1489662
20230909 1489662
20230910 1489662
20230911 1489662
20230912 1489662
20230913 1489662
20230914 1489662
20230915 1489662
20230916 1489662
20230917 1489662
20230918 1489662
20230919 1489662
20230920 1489662
