20230503 2
20230519 8023
20230707 20852
20230709 20932
20230710 20945
20230711 20980
20230712 21048
20230713 21144
20230714 21215
20230715 21229
20230730 21560
20230731 21577
20230801 21605
20230802 21636
20230803 21656
20230804 21666
20230805 21690
20230806 21703
20230807 21709
20230808 21721
20230809 21743
20230810 21774
20230811 21798
20230812 21814
20230813 21833
20230815 21850
20230816 21864
20230817 21864
20230818 21871
20230817 21864
20230819 21882
20230820 21882
20230821 21916
20230820 21882
20230822 21924
20230820 21882
20230823 21938
20230820 21882
20230824 21976
20230820 21882
20230825 21983
20230820 21882
20230826 21991
20230820 21882
20230827 22019
20230820 21882
20230828 22038
20230820 21882
20230829 22057
20230820 21882
20230830 22008
20230820 21882
20230831 22007
20230820 21882
20230901 22026
20230820 21882
20230902 22043
20230820 21882
20230903 22041
20230820 21882
20230904 22058
20230820 21882
20230905 22071
20230820 21882
20230906 22086
20230820 21882
20230907 22111
20230820 21882
20230908 22125
20230820 21882
20230909 22133
20230820 21882
20230910 22136
20230820 21882
20230911 22134
20230820 21882
20230912 22135
20230820 21882
20230913 22136
20230820 21882
20230914 22166
20230820 21882
20230915 22170
20230820 21882
20230916 22184
20230820 21882
20230917 22194
20230820 21882
20230918 22193
20230820 21882
20230919 22184
20230820 21882
20230920 15651
20230820 21882
20230921 15659
20230820 21882
20230922 15667
20230820 21882
20230923 15676
20230926 15676
20230927 15700
20230926 15676
20230928 15709
20230926 15676
20230929 15711
20230926 15676
20230930 15733
20231001 15733
20231002 15735
20231001 15733
20231003 15742
20231001 15733
20231005 15754
20231001 15733
20231007 15764
20231001 15733
20231008 15767
20231001 15733
20231009 15773
20231001 15733
20231010 15778
20231001 15733
20231011 15793
20231001 15733
20231012 15794
20231001 15733
20231013 15809
20231001 15733
20231014 15858
20231001 15733
20231015 15871
20231001 15733
20231016 15877
20231001 15733
20231017 15858
20231001 15733
20231018 15860
20231001 15733
20231019 15866
20231001 15733
20231020 15877
20231001 15733
20231021 15887
20231001 15733
20231022 15896
20231001 15733
20231023 15898
20231001 15733
20231024 15903
20231001 15733
20231025 15905
20231001 15733
20231026 15914
20231001 15733
20231027 15921
20231001 15733
20231028 15930
20231001 15733
20231029 15940
20231001 15733
20231030 15943
20231001 15733
20231031 15954
20231001 15733
20231101 15958
20231001 15733
20231102 15962
20231001 15733
20231103 16016
20231001 15733
20231104 16049
20231001 15733
20231105 16067
20231001 15733
20231106 16074
20231001 15733
20231107 16070
20231001 15733
20231108 16081
20231001 15733
20231109 16109
20231001 15733
20231110 16124
20231001 15733
20231111 16140
20231115 16140
20231116 16158
20231115 16140
20231117 16163
20231115 16140
20231118 16167
20231115 16140
20231120 16169
20231115 16140
20231121 16178
20231115 16140
20231122 16186
20231115 16140
20231123 16199
20231115 16140
20231124 16207
20231115 16140
20231125 16213
20231115 16140
20231126 16250
20231115 16140
20231127 16254
20231115 16140
20231128 16260
20231115 16140
20231129 16269
20231115 16140
20231130 16274
20231115 16140
20231201 16283
20231115 16140
20231202 16319
20231115 16140
20231203 16327
20231115 16140
20231204 16330
20231115 16140
20231205 16312
20231115 16140
20231206 16333
20231115 16140
20231207 16355
20231115 16140
20231208 16372
20231115 16140
20231209 16364
20231115 16140
20231210 16366
20231115 16140
20231211 16370
20231115 16140
20231212 16377
20231115 16140
20231213 16383
20231115 16140
20231214 16392
20231115 16140
20231215 16406
20231115 16140
20231216 16413
20231115 16140
20231217 16422
20231115 16140
20231218 16429
20231115 16140
20231219 16432
20231115 16140
20231220 16442
20231115 16140
20231221 16454
20231115 16140
20231222 16456
20231115 16140
20231223 16460
20231115 16140
20231224 16462
20231115 16140
20231225 16470
20231115 16140
20231226 16474
20231115 16140
20231227 16476
20231115 16140
20231230 16478
20231115 16140
20231231 16481
20231115 16140
20240101 16484
20231115 16140
20240102 16488
20231115 16140
20240103 16491
20231115 16140
20240104 16498
20231115 16140
20240105 16503
20231115 16140
20240106 16552
20231115 16140
20240107 16558
20231115 16140
20240108 16563
20231115 16140
20240109 16574
20231115 16140
20240110 16588
20231115 16140
20240111 16592
20231115 16140
20240112 16598
20231115 16140
20240113 16606
20231115 16140
20240114 16612
20231115 16140
20240115 16615
20231115 16140
20240116 16618
20231115 16140
20240117 16628
20231115 16140
20240118 16635
20231115 16140
20240119 16639
20231115 16140
20240120 16649
20231115 16140
20240121 16655
20231115 16140
20240122 16661
20231115 16140
20240124 16664
20231115 16140
20240125 16670
20240129 16670
20240130 16705
20240129 16670
20240131 16708
20240129 16670
20240201 16717
20240202 16717
20240203 16716
20240202 16717
20240204 16720
20240202 16717
20240205 16727
20240202 16717
20240206 16729
20240202 16717
20240207 16734
20240202 16717
20240208 16738
20240202 16717
20240209 16739
20240202 16717
20240210 16744
20240202 16717
20240211 16745
20240202 16717
20240212 16752
20240202 16717
20240213 16764
20240202 16717
20240214 16768
20240215 16768
20240216 16772
20240215 16768
20240217 16801
20240215 16768
20240218 16811
20240215 16768
20240219 16815
20240215 16768
20240220 16818
20240215 16768
20240221 16826
20240215 16768
20240222 16833
20240215 16768
20240223 16836
20240215 16768
20240224 16846
20240215 16768
20240225 16853
20240215 16768
20240226 16858
20240215 16768
20240227 16860
20240215 16768
20240228 16869
20240215 16768
20240229 16878
20240215 16768
20240301 16889
20240215 16768
20240302 16894
20240215 16768
20240303 16900
20240304 16900
20240305 16903
20240304 16900
20240306 16913
20240304 16900
20240307 16922
20240304 16900
20240308 16931
20240304 16900
20240309 16939
20240304 16900
20240310 16946
20240304 16900
20240311 16950
20240304 16900
20240312 16952
20240304 16900
20240313 16954
20240304 16900
20240314 16955
20240304 16900
20240315 16967
20240304 16900
20240316 16981
20240304 16900
20240317 16988
20240304 16900
20240318 16991
20240319 16991
20240320 17000
20240319 16991
20240321 17006
20240319 16991
20240322 17014
20240319 16991
20240323 17016
20240319 16991
20240324 17023
20240319 16991
20240325 17025
20240319 16991
20240326 17026
20240319 16991
20240327 17036
20240319 16991
20240328 17043
20240319 16991
20240329 17051
20240319 16991
20240330 17060
20240319 16991
20240331 17064
20240319 16991
20240401 17067
20240319 16991
20240402 17072
20240319 16991
20240403 17075
20240319 16991
20240404 17084
20240319 16991
20240405 17091
20240319 16991
20240406 17101
20240319 16991
20240407 17104
20240319 16991
20240408 17106
20240319 16991
20240409 17113
20240319 16991
20240410 17117
20240319 16991
20240411 17121
20240319 16991
20240412 17130
20240319 16991
20240413 17139
20240319 16991
20240415 17152
20240319 16991
20240416 17140
20240319 16991
20240417 17132
20240319 16991
20240418 17135
20240319 16991
20240419 17141
20240319 16991
20240420 17144
20240421 17144
20240422 17148
20240421 17144
20240423 17153
20240421 17144
20240424 17164
20240421 17144
20240425 17175
20240421 17144
20240426 17182
20240421 17144
20240427 17188
20240421 17144
20240428 17194
20240421 17144
20240429 17201
20240421 17144
20240430 17208
20240421 17144
20240501 17212
20240421 17144
20240503 17222
20240421 17144
20240504 17226
20240421 17144
20240505 17238
20240421 17144
20240506 17245
20240421 17144
20240507 17265
20240509 17265
20240510 17271
20240509 17265
20240511 17272
20240509 17265
20240512 17253
20240509 17265
20240513 17242
20240509 17265
20240514 17182
20240509 17265
20240515 17142
20240509 17265
20240516 17138
20240509 17265
20240517 17118
20240509 17265
20240518 17089
20240509 17265
20240519 17072
20240509 17265
20240520 17073
20240509 17265
20240521 17062
20240509 17265
20240522 17054
20240509 17265
20240523 17053
20240509 17265
20240524 17034
20240509 17265
20240525 17011
20240509 17265
20240526 17009
20240509 17265
20240527 17022
20240509 17265
20240528 17028
20240509 17265
20240529 17025
20240509 17265
20240530 17036
20240509 17265
20240531 17052
20240509 17265
20240601 17060
20240509 17265
20240602 17064
20240603 17064
20240604 17071
20240603 17064
20240605 17072
20240603 17064
20240606 17057
20240609 17064
20240603 17064
20240611 16997
20240603 17064
20240612 16940
20240613 16940
20240614 16482
20240615 16482
20240616 16079
20240615 16482
20240617 16059
20240618 16059
20240620 15676
20240618 16059
20240621 15674
20240618 16059
20240622 15664
20240618 16059
20240623 15641
20240618 16059
20240624 15571
20240618 16059
20240626 15228
20240618 16059
20240627 15130
20240618 16059
20240628 15003
20240618 16059
20240629 14889
20240618 16059
20240630 14769
20240618 16059
20240701 14665
20240618 16059
20240702 14568
20240618 16059
20240703 14524
20240618 16059
20240704 14472
20240618 16059
20240705 14421
20240618 16059
20240706 14373
20240618 16059
20240707 14309
20240618 16059
20240708 14271
20240618 16059
20240709 14250
20240618 16059
20240710 14234
20240618 16059
20240711 14214
20240618 16059
20240712 14179
20240618 16059
20240713 14122
20240618 16059
20240714 14084
20240618 16059
20240715 14064
20240618 16059
20240716 14056
20240618 16059
20240717 14046
20240618 16059
20240718 14039
20240618 16059
20240719 14031
20240618 16059
20240720 14014
20240618 16059
20240721 13998
20240618 16059
20240722 14000
20240618 16059
20240723 13989
20240724 13989
20240725 13969
20240724 13989
20240726 13951
20240724 13989
20240727 13931
20240724 13989
20240728 13927
20240724 13989
20240729 13919
20240724 13989
20240730 13910
20240724 13989
20240731 13908
20240724 13989
20240801 13909
20240724 13989
20240802 13913
20240724 13989
20240803 13909
20240724 13989
20240804 13913
20240724 13989
20240805 13912
20240724 13989
20240806 13909
20240808 13909
20240809 13889
20240808 13909
20240810 13891
20240808 13909
20240811 13885
20240808 13909
20240812 13878
20240808 13909
20240813 13883
20240808 13909
20240814 13888
20240815 13888
20240816 13878
20240815 13888
20240817 13883
20240818 13883
20240819 13873
20240818 13883
20240820 13859
20240907 13859
20240908 13900
20240907 13859
20240909 13901
20240907 13859
20240910 13897
20240907 13859
20240911 13903
20240907 13859
20240912 13907
20240907 13859
20240913 13917
20240907 13859
20240914 13918
20240907 13859
20240915 13922
20240907 13859
20240916 13900
20240907 13859
20240917 13913
20240907 13859
20240918 13920
20240907 13859
20240919 13919
20240907 13859
20240920 13925
20240907 13859
20240921 13930
20240922 13930
20240925 13938
20240922 13930
20240926 13940
20240922 13930
20240927 13946
20240922 13930
20240928 13957
20240922 13930
20240929 13959
20240922 13930
20240930 13960
20240930 13960
