20230922 5742
20230924 5747
20230925 5752
20230926 5752
20230927 5754
20230928 5756
20230929 5758
20230930 5761
20231001 5768
20231002 5768
20231003 5771
20231005 5771
20231007 5778
20231008 5777
20231009 5780
20231010 5787
20231011 5787
20231012 5789
20231013 5793
20231014 5793
20231015 5797
20231016 5803
20231017 5803
20231018 5806
20231019 5806
20231020 5808
20231021 5810
20231022 5818
20231023 5822
20231024 5824
20231025 5825
20231027 5825
20231028 5826
20231029 5841
20231030 5844
20231031 5844
20231101 5846
20231102 5848
20231103 5848
20231104 5847
20231105 5852
20231108 5852
20231109 5856
20231110 5864
20231111 5864
20231112 5874
20231113 5878
20231114 5881
20231115 5881
20231116 5889
20231117 5891
20231118 5892
20231120 5898
20231121 5899
20231122 5899
20231123 5896
20231124 5902
20231125 5908
20231126 5908
20231127 5867
20231128 5869
20231129 5846
20231130 5806
20231201 5802
20231202 5805
20231203 5811
20231204 5812
20231205 5816
20231206 5816
20231207 5824
20231208 5825
20231209 5822
20231210 5826
20231211 5835
20231212 5838
20231213 5839
20231214 5841
20231215 5841
20231216 5840
20231217 5844
20231218 5849
20231219 5851
20231220 5852
20231221 5855
20231222 5848
20231223 5799
20231224 5767
20231225 5741
20231226 5741
20231227 5743
20231230 5752
20231231 5755
20240101 5764
20240102 5766
20240103 5767
20240104 5768
20240105 5770
20240106 5776
20240107 5779
20240108 5781
20240109 5785
20240110 5785
20240111 5788
20240112 5789
20240113 5793
20240114 5794
20240115 5797
20240116 5797
20240117 5798
20240118 5799
20240119 6059
20240120 5809
20240121 5814
20240122 5816
20240124 5817
20240125 5817
20240126 5813
20240127 5818
20240128 5821
20240129 5824
20240130 5827
20240131 5830
20240201 5828
20240202 5833
20240203 5837
20240204 5840
20240205 5850
20240206 5850
20240207 5851
20240208 5853
20240209 5857
20240210 5860
20240211 5859
20240212 5862
20240213 5865
20240214 5865
20240215 5868
20240216 5862
20240217 5851
20240218 5852
20240219 5855
20240220 5855
20240221 5859
20240222 5862
20240223 5861
20240224 5855
20240225 5850
20240226 5888
20240227 5888
20240228 5890
20240229 5889
20240301 5894
20240302 5897
20240303 5895
20240304 5908
20240305 5909
20240306 5916
20240307 5913
20240308 5918
20240309 5908
20240310 5915
20240313 5915
20240314 5910
20240315 5911
20240316 5918
20240317 5922
20240318 5924
20240319 5927
20240320 5927
20240321 5928
20240322 5931
20240323 5938
20240324 5938
20240325 5948
20240326 5949
20240327 5954
20240328 5954
20240329 5959
20240330 5962
20240331 5968
20240401 5972
20240402 5977
20240403 5979
20240404 5980
20240406 5980
20240407 5983
20240408 5988
20240409 5993
20240410 5995
20240411 5996
20240412 6000
20240413 6004
20240415 6009
20240416 6011
20240417 6016
20240418 6017
20240419 6017
20240420 6024
20240421 6026
20240422 6011
20240423 6017
20240424 6023
20240425 6017
20240426 5994
20240427 5989
20240428 5978
20240429 5978
20240430 5983
20240501 5984
20240503 5990
20240504 6000
20240505 6005
20240506 6010
20240507 6010
20240508 6014
20240509 6029
20240510 6023
20240511 6033
20240512 6045
20240513 6046
20240514 6048
20240515 6055
20240516 6053
20240517 6051
20240519 6051
20240520 6043
20240521 6044
20240522 6042
20240523 6029
20240524 6036
20240525 6040
20240526 6042
20240527 6043
20240528 6047
20240529 6048
20240530 6050
20240531 6050
20240601 6051
20240602 6056
20240603 6060
20240604 6064
20240605 6066
20240606 6067
20240609 6049
20240611 6055
20240612 6008
20240613 5998
20240614 6006
20240615 5996
20240616 6027
20240617 6033
20240618 6035
20240620 6037
20240621 6034
20240622 6046
20240623 6055
20240624 6056
20240626 6061
20240627 6065
20240628 6067
20240629 6069
20240630 6071
20240701 6075
20240702 6077
20240703 6078
20240704 6078
20240705 6081
20240706 6088
20240707 6090
20240708 6090
20240709 6093
20240710 6094
20240711 6095
20240712 6094
20240713 6098
20240714 6104
20240715 6104
20240716 6103
20240717 6103
20240718 6105
20240719 6107
20240720 6103
20240721 6093
20240722 6063
20240723 6063
20240724 6073
20240725 6073
20240726 6052
20240727 6054
20240728 6054
20240729 6061
20240730 6067
20240731 6067
20240801 6067
20240802 6068
20240803 6073
20240804 6073
20240805 6079
20240806 6084
20240807 6086
20240808 6086
20240809 6087
20240810 6097
20240811 6097
20240812 6104
20240813 6104
20240814 6106
20240815 6106
20240816 6108
20240817 6111
20240818 6118
20240819 6120
