20230707 43883
20230709 43843
20230710 43815
20230711 43805
20230712 43805
20230713 43829
20230712 43805
20230714 43832
20230712 43805
20230715 43800
20230712 43805
20230730 43731
20230712 43805
20230731 43723
20230712 43805
20230801 43735
20230712 43805
20230802 43753
20230712 43805
20230803 43767
20230712 43805
20230804 43787
20230712 43805
20230805 43775
20230712 43805
20230806 43761
20230712 43805
20230807 43750
20230712 43805
20230808 43777
20230712 43805
20230809 43816
20230712 43805
20230810 43858
20230712 43805
20230811 43859
20230712 43805
20230812 43872
20230712 43805
20230813 43857
20230712 43805
20230815 43886
20230712 43805
20230816 43908
20230712 43805
20230817 43937
20230712 43805
20230818 43967
20230819 43967
20230820 43947
20230819 43967
20230821 43920
20230819 43967
20230822 43929
20230819 43967
20230823 43977
20230819 43967
20230824 44008
20230825 44008
20230826 44024
20230825 44008
20230827 43986
20230825 44008
20230828 43963
20230825 44008
20230829 43986
20230825 44008
20230830 44001
20230825 44008
20230831 44026
20230825 44008
20230901 44029
20230825 44008
20230902 44039
20230825 44008
20230903 44020
20230825 44008
20230904 43975
20230825 44008
20230905 43951
20230825 44008
20230906 43996
20230825 44008
20230907 44024
20230825 44008
20230908 44041
20230909 44041
20230910 44050
20230909 44041
20230911 44016
20230909 44041
20230912 43996
20230909 44041
20230913 44025
20230909 44041
20230914 44015
20230909 44041
20230915 44019
20230909 44041
20230916 44042
20230909 44041
20230917 44026
20230909 44041
20230918 44024
20230909 44041
20230919 44044
20230909 44041
20230920 41765
20230909 44041
20230921 41816
20230909 44041
20230922 41862
20230909 44041
20230923 41910
20230909 44041
20230924 41939
20230909 44041
20230925 41930
20230909 44041
20230926 41979
20230909 44041
20230927 42071
20230909 44041
20230928 42133
20230909 44041
20230929 42202
20230909 44041
20230930 42295
20230909 44041
20231001 42329
20230909 44041
20231002 42324
20230909 44041
20231003 42398
20230909 44041
20231005 42470
20230909 44041
20231007 42476
20230909 44041
20231008 42458
20230909 44041
20231009 42467
20230909 44041
20231010 42471
20230909 44041
20231011 42512
20230909 44041
20231012 42543
20230909 44041
20231013 42578
20230909 44041
20231014 42632
20230909 44041
20231015 42623
20230909 44041
20231016 42609
20230909 44041
20231017 42616
20230909 44041
20231018 42637
20230909 44041
20231019 42670
20230909 44041
20231020 42707
20230909 44041
20231021 42716
20230909 44041
20231022 42709
20230909 44041
20231023 42680
20230909 44041
20231024 42701
20230909 44041
20231025 42728
20230909 44041
20231026 42754
20230909 44041
20231027 42776
20230909 44041
20231028 42765
20230909 44041
20231029 42737
20230909 44041
20231030 42718
20230909 44041
20231031 42706
20230909 44041
20231101 42726
20230909 44041
20231102 42758
20230909 44041
20231103 42771
20231104 42771
20231105 42761
20231104 42771
20231106 42742
20231104 42771
20231107 42812
20231104 42771
20231108 42851
20231104 42771
20231109 42879
20231104 42771
20231110 42892
20231104 42771
20231111 42903
20231104 42771
20231112 42879
20231104 42771
20231113 42872
20231104 42771
20231114 42896
20231104 42771
20231115 42951
20231104 42771
20231116 42972
20231104 42771
20231117 43029
20231104 42771
20231118 43035
20231104 42771
20231120 43025
20231104 42771
20231121 43046
20231104 42771
20231122 43026
20231104 42771
20231123 43051
20231104 42771
20231124 43091
20231104 42771
20231125 43099
20231104 42771
20231126 43078
20231104 42771
20231127 43192
20231104 42771
20231128 43217
20231104 42771
20231129 43227
20231104 42771
20231130 43259
20231104 42771
20231201 43284
20231104 42771
20231202 43302
20231104 42771
20231203 43273
20231104 42771
20231204 43260
20231104 42771
20231205 43306
20231104 42771
20231206 43348
20231104 42771
20231207 43405
20231104 42771
20231208 43417
20231104 42771
20231209 43445
20231104 42771
20231210 43436
20231104 42771
20231211 43429
20231104 42771
20231212 43485
20231104 42771
20231213 43587
20231104 42771
20231214 43654
20231104 42771
20231215 43679
20231104 42771
20231216 43706
20231104 42771
20231217 43695
20231104 42771
20231218 43675
20231104 42771
20231219 43690
20231104 42771
20231220 43733
20231104 42771
20231221 43772
20231104 42771
20231222 43811
20231104 42771
20231223 43832
20231104 42771
20231224 43825
20231104 42771
20231225 43803
20231104 42771
20231226 43791
20231104 42771
20231227 43804
20231104 42771
20231230 43890
20231104 42771
20231231 43886
20231104 42771
20240101 43861
20231104 42771
20240102 43850
20231104 42771
20240103 43892
20231104 42771
20240104 43939
20231104 42771
20240105 43938
20231104 42771
20240106 43982
20231104 42771
20240107 43995
20231104 42771
20240108 43991
20231104 42771
20240109 44028
20231104 42771
20240110 44083
20231104 42771
20240111 44130
20231104 42771
20240112 44158
20231104 42771
20240113 44191
20231104 42771
20240114 44200
20231104 42771
20240115 44164
20231104 42771
20240116 44185
20231104 42771
20240117 44237
20231104 42771
20240118 44298
20231104 42771
20240119 44355
20231104 42771
20240120 44414
20231104 42771
20240121 44411
20231104 42771
20240122 44394
20231104 42771
20240124 44454
20231104 42771
20240125 44478
20231104 42771
20240126 44502
20231104 42771
20240127 44506
20240128 44506
20240129 44497
20240128 44506
20240130 44541
20240128 44506
20240131 44588
20240128 44506
20240201 44644
20240128 44506
20240202 44690
20240128 44506
20240203 44741
20240128 44506
20240204 44772
20240128 44506
20240205 44790
20240128 44506
20240206 44851
20240128 44506
20240207 44963
20240128 44506
20240208 45025
20240128 44506
20240209 45060
20240128 44506
20240210 45083
20240128 44506
20240211 45089
20240128 44506
20240212 45083
20240128 44506
20240213 45107
20240128 44506
20240214 45140
20240128 44506
20240215 45185
20240128 44506
20240216 45216
20240128 44506
20240217 45212
20240128 44506
20240218 45214
20240128 44506
20240219 45211
20240220 45211
20240221 45212
20240220 45211
20240222 45285
20240220 45211
20240223 45331
20240220 45211
20240224 45364
20240220 45211
20240225 45354
20240220 45211
20240226 45345
20240220 45211
20240227 45363
20240220 45211
20240228 45368
20240220 45211
20240229 45400
20240220 45211
20240301 45439
20240220 45211
20240302 45483
20240220 45211
20240303 45463
20240220 45211
20240304 45447
20240220 45211
20240305 45466
20240220 45211
20240306 45498
20240220 45211
20240307 45566
20240220 45211
20240308 45563
20240220 45211
20240309 45562
20240220 45211
20240310 45561
20240220 45211
20240311 45547
20240220 45211
20240312 45577
20240220 45211
20240313 45605
20240220 45211
20240314 45668
20240220 45211
20240315 45697
20240220 45211
20240316 45709
20240220 45211
20240317 45710
20240220 45211
20240318 45700
20240220 45211
20240319 45694
20240220 45211
20240320 45737
20240220 45211
20240321 45797
20240220 45211
20240322 45818
20240220 45211
20240323 45812
20240220 45211
20240324 45791
20240220 45211
20240325 45761
20240220 45211
20240326 45786
20240220 45211
20240327 45819
20240220 45211
20240328 45833
20240220 45211
20240329 45921
20240220 45211
20240330 45976
20240220 45211
20240331 45970
20240220 45211
20240401 45955
20240220 45211
20240402 45966
20240220 45211
20240403 45982
20240220 45211
20240404 46029
20240220 45211
20240405 46065
20240220 45211
20240406 46053
20240220 45211
20240407 46041
20240220 45211
20240408 46036
20240220 45211
20240409 46053
20240220 45211
20240410 46069
20240220 45211
20240411 46116
20240220 45211
20240412 46157
20240220 45211
20240413 46197
20240220 45211
20240415 46134
20240220 45211
20240416 46166
20240220 45211
20240417 46164
20240220 45211
20240418 46202
20240220 45211
20240419 46275
20240220 45211
20240420 46296
20240220 45211
20240421 46273
20240220 45211
20240422 46245
20240220 45211
20240423 46253
20240220 45211
20240424 46270
20240220 45211
20240425 46301
20240220 45211
20240426 46327
20240220 45211
20240427 46317
20240220 45211
20240428 46294
20240220 45211
20240429 46273
20240220 45211
20240430 46272
20240220 45211
20240501 46274
20240220 45211
20240503 46247
20240220 45211
20240504 46252
20240220 45211
20240505 46214
20240220 45211
20240506 46164
20240220 45211
20240507 46217
20240220 45211
20240508 46233
20240220 45211
20240509 46302
20240220 45211
20240510 46369
20240220 45211
20240511 46399
20240220 45211
20240512 46370
20240220 45211
20240513 46356
20240220 45211
20240514 46395
20240220 45211
20240515 46443
20240220 45211
20240516 46478
20240220 45211
20240517 46596
20240220 45211
20240518 46643
20240220 45211
20240519 46590
20240220 45211
20240520 46579
20240220 45211
20240521 46618
20240220 45211
20240522 46645
20240220 45211
20240523 46724
20240220 45211
20240524 46841
20240220 45211
20240525 46922
20240220 45211
20240526 46931
20240220 45211
20240527 46957
20240220 45211
20240528 47038
20240220 45211
20240529 47161
20240220 45211
20240530 47278
20240220 45211
20240531 47416
20240220 45211
20240601 47487
20240220 45211
20240602 47505
20240220 45211
20240603 47538
20240220 45211
20240604 47606
20240220 45211
20240605 47680
20240220 45211
20240606 47748
20240220 45211
20240609 47920
20240220 45211
20240611 48040
20240220 45211
20240612 48155
20240613 48155
20240614 48305
20240613 48155
20240615 48353
20240616 48353
20240617 48398
20240616 48353
20240618 48423
20240616 48353
20240620 48637
20240616 48353
20240621 48719
20240616 48353
20240622 48785
20240616 48353
20240623 48812
20240616 48353
20240624 48806
20240616 48353
20240626 48970
20240627 48970
20240628 49125
20240627 48970
20240629 49119
20240627 48970
20240630 49093
20240627 48970
20240701 49107
20240627 48970
20240702 49160
20240627 48970
20240703 49218
20240627 48970
20240704 49277
20240627 48970
20240705 49369
20240627 48970
20240706 49456
20240627 48970
20240707 49467
20240627 48970
20240708 49453
20240627 48970
20240709 49486
20240627 48970
20240710 49631
20240627 48970
20240711 49822
20240627 48970
20240712 49976
20240627 48970
20240713 50105
20240627 48970
20240714 50089
20240627 48970
20240715 50068
20240627 48970
20240716 50156
20240627 48970
20240717 50206
20240627 48970
20240718 50325
20240627 48970
20240719 50422
20240627 48970
20240720 50488
20240627 48970
20240721 50430
20240627 48970
20240722 50407
20240627 48970
20240723 50480
20240724 50480
20240725 50774
20240724 50480
20240726 50871
20240724 50480
20240727 50928
20240724 50480
20240728 50891
20240724 50480
20240729 50895
20240724 50480
20240730 51067
20240724 50480
20240731 51243
20240724 50480
20240801 51417
20240724 50480
20240802 51488
20240724 50480
20240803 51610
20240724 50480
20240804 51593
20240724 50480
20240805 51565
20240724 50480
20240806 51684
20240724 50480
20240807 51827
20240724 50480
20240808 51969
20240724 50480
20240809 52107
20240724 50480
20240810 52225
20240811 52225
20240812 52226
20240811 52225
20240813 52404
20240811 52225
20240814 52651
20240811 52225
20240815 52825
20240811 52225
20240816 52962
20240811 52225
20240817 53144
20240811 52225
20240818 53159
20240811 52225
20240819 53143
20240811 52225
20240820 53300
20240811 52225
20240821 53479
20240811 52225
20240822 53651
20240811 52225
20240823 53819
20240811 52225
20240824 53915
20240811 52225
20240825 53932
20240811 52225
20240826 53948
20240811 52225
20240827 54099
20240811 52225
20240828 54232
20240811 52225
20240829 54430
20240811 52225
20240830 54590
20240811 52225
20240831 54689
20240811 52225
20240901 54670
20240811 52225
20240902 54674
20240811 52225
20240903 54863
20240811 52225
20240904 55019
20240811 52225
20240905 55227
20240811 52225
20240906 55431
20240811 52225
20240907 55572
20240811 52225
20240908 55540
20240811 52225
20240909 55519
20240811 52225
20240910 55690
20240811 52225
20240911 55818
20240811 52225
20240912 56025
20240811 52225
20240913 56196
20240811 52225
20240914 56327
20240811 52225
20240915 56367
20240811 52225
20240916 56350
20240811 52225
20240917 56395
20240811 52225
20240918 56513
20240811 52225
20240919 56668
20240811 52225
20240920 56863
20240811 52225
20240921 56960
20240811 52225
20240921 56989
20240811 52225
20240922 56960
20240922 56960
