20230707 1477
20230711 1477
20230712 1478
20230714 1478
20230715 1481
20230730 1487
20230731 1487
20230801 1489
20230802 1489
20230803 1488
20230804 1487
20230807 1487
20230808 1490
20230815 1490
20230816 1489
20230817 1489
20230818 1488
20230819 1489
20230821 1489
20230822 1488
20230830 1488
20230831 1489
20230905 1489
20230906 1491
20230907 1491
20230908 1492
20230909 1494
20230913 1494
20230914 1495
20230918 1495
20230919 1496
20230920 1339
20230923 1339
20230924 1338
20230925 1338
20230926 1339
20230928 1339
20230929 1340
20230930 1340
20231001 1341
20231002 1340
20231003 1341
20231005 1341
20231007 1342
20231011 1342
20231012 1345
20231015 1345
20231016 1346
20231018 1346
20231019 1347
20231020 1350
20231021 1349
20231023 1349
20231024 1348
20231102 1348
20231103 1349
20231105 1349
20231106 1347
20231107 1349
20231108 1349
20231109 1352
20231110 1367
20231111 1369
20231113 1369
20231114 1370
20231116 1370
20231117 1372
20231127 1372
20231128 1375
20231203 1375
20231204 1370
20231206 1370
20231207 1368
20231209 1368
20231210 1337
20231213 1337
20231214 1339
20231215 1339
20231216 1340
20231217 1340
20231218 1339
20231222 1339
20231223 1341
20231224 1340
20231226 1340
20231227 1338
20231230 1337
20240102 1337
20240103 1325
20240104 1324
20240107 1324
20240108 1259
20240109 1211
20240110 1211
20240111 1214
20240112 1213
20240113 1212
20240116 1212
20240117 1215
20240118 1216
20240119 1216
20240120 1217
20240124 1217
20240125 1220
20240127 1220
20240128 1219
20240129 1219
20240130 1226
20240131 1226
20240201 1228
20240202 1227
20240203 1225
20240207 1225
20240208 1226
20240209 1227
20240210 1228
20240211 1228
20240212 1227
20240214 1227
20240215 1228
20240216 1229
20240222 1229
20240223 1228
20240225 1228
20240226 1227
20240227 1230
20240228 1233
20240229 1228
20240301 1229
20240306 1229
20240307 1230
20240308 1227
20240310 1227
20240311 1226
20240312 1229
20240313 1231
20240314 1233
20240318 1233
20240319 1234
20240320 1234
20240321 1233
20240322 1235
20240325 1235
20240326 1233
20240327 1234
20240328 1235
20240401 1235
20240402 1233
20240405 1233
20240406 1234
20240408 1234
20240409 1236
20240410 1237
20240411 1237
20240412 1239
20240413 1239
20240415 1233
20240416 1234
20240427 1234
20240428 1233
20240429 1233
20240430 1234
20240503 1234
20240504 1235
20240505 1235
20240506 1236
20240507 1238
20240508 1239
20240509 1240
20240515 1240
20240516 1241
20240517 1241
20240518 1245
20240521 1245
20240522 1246
20240523 1247
20240530 1247
20240531 1248
20240620 1248
20240621 1249
20240623 1249
20240624 1248
20240626 1249
20240627 1250
20240628 1254
20240629 1253
20240630 1253
20240701 1253
20240702 1253
20240703 1253
20240704 1253
